           1           2   1.02124163122364     
           2           3  0.883211477211339     
           3           4   1.33520347261931     
           4           5   1.54324964022570     
           4           6   1.35627789941982     
           6           7  0.861882964893299     
           7           8   1.02131531408878     
           4           9  0.935651966557286     
           5           9  0.141047182044811     
           9          10  0.995048405877532     
          10          11  0.971391565604541     
          11          12  0.982785693017857     
          11          13  0.140768856772974     
          12          13   1.48161168100749     
          12          14   1.31926865076708     
          14          15  0.886924686529735     
          15          16   1.02268779938304     
          12          17   1.35251676976422     
          17          18  0.873220540279617     
          18          19   1.02027066878943     
           1          20  0.976681324228668     
           1          21  0.980918405552659     
           1          22  0.983326159608518     
           2          23  0.965716724241932     
           2          24  0.966606625952140     
           7          25  0.968987536283459     
           7          26  0.966372229727870     
           8          27  0.980327255073758     
           8          28  0.973824848295149     
           8          29  0.982665042404776     
          10          30  0.955548072098350     
          10          31  0.954488832667465     
          15          32  0.963790216194423     
          15          33  0.967862106725941     
          16          34  0.982091416075434     
          16          35  0.976539164373362     
          16          36  0.972880816856621     
          18          37  0.967442318203267     
          18          38  0.959249739664229     
          19          39  0.974042055649354     
          19          40  0.975916540331539     
          19          41  0.981563573111898     
