           1           2   1.02131816813998     
           2           3  0.882615978171278     
           3           4   1.29391700210413     
           4           5   1.55330609756393     
           4           6   1.30119105274093     
           6           7  0.874787663505656     
           7           8   1.02046211305109     
           4           9  0.987067028640836     
           5           9  0.125946686430539     
           9          10  0.980877200578496     
          10          11  0.983662286175329     
          11          12   1.02253852000452     
          11          13  0.127857763548705     
          12          13   1.52916522718836     
          12          14   1.28168738420108     
          14          15  0.881034051741325     
          15          16   1.01817111238811     
          12          17   1.33395705520289     
          17          18  0.866573050358638     
          18          19   1.02186350235248     
           1          20  0.982748046444381     
           1          21  0.976504261762864     
           1          22  0.974983151265837     
           2          23  0.965677207486845     
           2          24  0.967498340934233     
           7          25  0.965656267117991     
           7          26  0.967549859440241     
           8          27  0.981443351321923     
           8          28  0.975131270541950     
           8          29  0.982219064591969     
          10          30  0.943273740778628     
          10          31  0.954216937903923     
          15          32  0.966389600920108     
          15          33  0.971639675142877     
          16          34  0.981300820855883     
          16          35  0.981159776157154     
          16          36  0.975034429204784     
          18          37  0.967209357260020     
          18          38  0.966661505594249     
          19          39  0.982548198066739     
          19          40  0.974989466907637     
          19          41  0.973327211620779     
