   -0.13126437
    0.07462415
   -0.26157551
    0.36972951
   -0.45183957
   -0.26114876
    0.08561888
   -0.12224667
   -0.14584354
    0.03612477
   -0.14831795
    0.37952180
   -0.46241810
   -0.26023330
    0.07809878
   -0.13163434
   -0.26711677
    0.07604229
   -0.12443148
    0.05837541
    0.08738539
    0.07299403
    0.06505178
    0.09325091
    0.06547252
    0.06909792
    0.08604620
    0.07226232
    0.05788524
    0.10842015
    0.10067089
    0.06399192
    0.08577639
    0.06243473
    0.08863417
    0.07127157
    0.09138163
    0.06543288
    0.06879727
    0.08693127
    0.04674559
