   -0.12615597
    0.06535936
   -0.22368801
    0.37747867
   -0.45439333
   -0.11052237
    0.00008546
    0.14609859
    0.37327425
   -0.46586965
   -0.25679551
    0.07841449
   -0.13773988
   -0.10792663
    0.33888095
   -0.49703130
   -0.25419988
    0.04231613
   -0.30011960
    0.03406338
    0.07678632
    0.04846914
    0.07933897
    0.06304911
    0.09932931
    0.13672045
    0.14524905
    0.06420599
    0.05948058
    0.07374687
    0.08173168
    0.07901634
    0.09837746
    0.06736702
    0.07475077
    0.06647154
    0.09527716
    0.06910308
