   -0.12997814
    0.07805401
   -0.25795441
    0.37663311
   -0.45605729
   -0.25403377
    0.08362094
   -0.12815666
   -0.15717993
    0.03945646
   -0.14332094
    0.38308880
   -0.44646378
   -0.26799509
    0.07525528
   -0.13438128
   -0.27163591
    0.08433307
   -0.12657968
    0.08207150
    0.06189160
    0.07238503
    0.08797543
    0.05411530
    0.06445306
    0.08299922
    0.07249950
    0.05611812
    0.08592261
    0.09683462
    0.10376885
    0.09214203
    0.06615103
    0.06177384
    0.07304851
    0.09039557
    0.05939275
    0.08181930
    0.05388812
    0.08263663
    0.07101258
