           1           2   1.02225179431292     
           2           3  0.885918650538700     
           3           4   1.32527891268608     
           4           5   1.51404897159234     
           4           6   1.30135909287780     
           6           7  0.885126255599611     
           7           8   1.02178271654204     
           4           9   1.00359754150473     
           5           9  0.133422520845895     
           9          10  0.984257462222892     
          10          11  0.980348970836256     
          11          12  0.988614681142920     
          12          13   1.54062463822889     
          12          14   1.32337757812936     
          14          15  0.873621035072758     
          15          16   1.02313516210036     
          12          17   1.30928877357832     
          17          18  0.885176483838085     
          18          19   1.01713559757417     
           1          20  0.981381448061194     
           1          21  0.975134167391893     
           1          22  0.975859390961078     
           2          23  0.967940704614843     
           2          24  0.964811694558236     
           7          25  0.967226274159406     
           7          26  0.967667145862691     
           8          27  0.982165285201841     
           8          28  0.976112095574908     
           8          29  0.976374493015287     
          10          30  0.954556367486005     
          10          31  0.953772749363722     
          15          32  0.965814127903228     
          15          33  0.967417696932292     
          16          34  0.981560271288342     
          16          35  0.975337376729192     
          16          36  0.975892597771204     
          18          37  0.966209121442819     
          18          38  0.971400235896017     
          19          39  0.981780216953084     
          19          40  0.983303344097178     
          19          41  0.975321826806540     
