           1           2   1.01355555635492     
           2           3  0.908892331697412     
           3           4   1.18672746465181     
           3           5  0.178692998136868     
           4           5   1.71061715906902     
           4           6  0.954804836663409     
           6           7  0.964505975357937     
           7           8  0.953382968728078     
           7           9  0.953775213672428     
           9          10   1.69463044777955     
           9          11   1.18784299680657     
          10          11  0.171664020537704     
          11          12  0.896380229917585     
          12          13   1.01282430224028     
           7          14  0.955732536836956     
          14          15  0.972940395821317     
          14          16  0.130075077093592     
          15          16   1.51943191049199     
          15          17   1.29827213447493     
          17          18  0.911622954788837     
          15          19   1.33798916063157     
          19          20  0.882939459946059     
           1          21  0.985105315515043     
           1          22  0.978973341951487     
           1          23  0.983529440577962     
           2          24  0.970833325262653     
           2          25  0.968671342432759     
           6          26  0.968795715230643     
           6          27  0.949790602793864     
          12          28  0.970596155663701     
          12          29  0.967299252327672     
          13          30  0.985070586896379     
          13          31  0.977378457668027     
          13          32  0.982493464855706     
          18          33  0.971334111113149     
          18          34  0.975640328399798     
          18          35  0.976645604122080     
          20          36  0.970821300055416     
          20          37  0.970997931641882     
          20          38  0.977026083494409     
