   -0.12559639
    0.07677613
   -0.26359587
    0.36377838
   -0.49232123
   -0.25691998
    0.08029814
   -0.12431786
   -0.11771356
    0.02241141
   -0.13342461
    0.37427531
   -0.46434280
   -0.26575935
    0.07393302
   -0.12792955
   -0.26390150
    0.08323561
   -0.11933873
    0.08735880
    0.07265430
    0.04905022
    0.06068386
    0.09200094
    0.05496038
    0.09185453
    0.07303584
    0.05159450
    0.08238209
    0.13037315
    0.12149306
    0.06245288
    0.09241800
    0.07232927
    0.05078347
    0.08406230
    0.08854151
    0.06539228
    0.08423948
    0.05366463
    0.05912794
