           1           2   1.01937538388753     
           2           3   1.00775798214204     
           3           4   1.00733699627153     
           4           5  0.998778669547717     
           5           6   1.81639925382266     
           5           7  0.998724090739637     
           7           8   1.00734036054941     
           8           9   1.00778228003338     
           9          10   1.01937270447904     
           1          11  0.986905339516427     
           1          12  0.987787978306328     
           1          13  0.987773407718029     
           2          14  0.978070102985201     
           2          15  0.978019751936393     
           3          16  0.976687925651393     
           3          17  0.976654772399853     
           4          18  0.945311374820292     
           4          19  0.946823318067964     
           7          20  0.946540593107266     
           7          21  0.945631456829168     
           8          22  0.976655617286418     
           8          23  0.976668056280139     
           9          24  0.978048460765567     
           9          25  0.978034188986225     
          10          26  0.986907154497085     
          10          27  0.987784530876116     
          10          28  0.987771750197953     
