   -0.13424369
    0.07902406
   -0.26339074
    0.38206443
   -0.44820588
   -0.27606599
    0.07935484
   -0.12506989
   -0.13732515
    0.03971769
   -0.15385458
    0.39238894
   -0.45762375
   -0.26687875
    0.07677255
   -0.12756278
   -0.25577022
    0.07664795
   -0.12725693
    0.08936305
    0.07287276
    0.07291333
    0.07041432
    0.07116287
    0.05952910
    0.08646420
    0.05345957
    0.08151456
    0.07167187
    0.10096647
    0.09411871
    0.09036304
    0.06357912
    0.07184607
    0.08412343
    0.05609027
    0.05638580
    0.09426286
    0.05752912
    0.08032104
    0.06832633
