           1           2   1.01983266604980     
           2           3  0.874713910695213     
           3           4   1.33794437265368     
           4           5   1.47350424449672     
           4           6   1.31480556678950     
           6           7  0.890878528215392     
           7           8   1.02167391309949     
           4           9   1.00754149832443     
           5           9  0.137725702223135     
           9          10  0.968236858028862     
          10          11  0.990743725553037     
          11          12  0.991009691903508     
          12          13   1.54987882047903     
          12          14   1.31093801775815     
          14          15  0.874271858390097     
          15          16   1.01978495438527     
          12          17   1.30430994315616     
          17          18  0.891116752507686     
          18          19   1.02188299914496     
           1          20  0.981427198787333     
           1          21  0.981300268518215     
           1          22  0.974784172157895     
           2          23  0.963125242445608     
           2          24  0.970234970823277     
           7          25  0.964672597735555     
           7          26  0.967002931406977     
           8          27  0.976095884922854     
           8          28  0.972164419280490     
           8          29  0.980992087085884     
          10          30  0.951625551532536     
          10          31  0.953024339428748     
          15          32  0.969034713679290     
          15          33  0.964710003332482     
          16          34  0.982204473608017     
          16          35  0.975208578085327     
          16          36  0.981011004640624     
          18          37  0.963575931716960     
          18          38  0.967396497771051     
          19          39  0.974673416536379     
          19          40  0.981756831968101     
          19          41  0.976466609961646     
