           1           2   1.02186820399015     
           2           3  0.891526683369565     
           3           4   1.30823225028384     
           4           5   1.52063351559617     
           4           6   1.33870422587228     
           6           7  0.858585827100204     
           7           8   1.02393132147101     
           4           9  0.957387434091684     
           5           9  0.140125287466043     
           9          10  0.986549155915560     
          10          11  0.986323642528749     
          11          12  0.967194307956044     
          11          13  0.134416087829642     
          12          13   1.54934397626958     
          12          14   1.34339497605432     
          14          15  0.855268215289482     
          15          16   1.02195224340029     
          12          17   1.33114411089931     
          17          18  0.881459866129296     
          18          19   1.01826054751424     
           1          20  0.980657844745667     
           1          21  0.976052798364162     
           1          22  0.976342655992577     
           2          23  0.969199969039173     
           2          24  0.963476341004112     
           7          25  0.970311778172991     
           7          26  0.964056021083884     
           8          27  0.972199344787168     
           8          28  0.979661109915388     
           8          29  0.970091403479025     
          10          30  0.960711710749592     
          10          31  0.943185112691779     
          15          32  0.964356192744200     
          15          33  0.962973448614125     
          16          34  0.973068676881209     
          16          35  0.983802872134561     
          16          36  0.979911330981908     
          18          37  0.967253012051031     
          18          38  0.970353263750493     
          19          39  0.983469180811137     
          19          40  0.975206915337598     
          19          41  0.981527582228922     
