   -0.13386367
    0.08017236
   -0.24979150
    0.36967071
   -0.45230917
   -0.25476671
    0.08219350
   -0.13189721
   -0.15482153
    0.04275030
   -0.14916565
    0.37801381
   -0.46217026
   -0.26353768
    0.07891883
   -0.13052331
   -0.25702795
    0.07984239
   -0.13222113
    0.08490018
    0.06978943
    0.07824605
    0.06981176
    0.05893703
    0.08027049
    0.06977529
    0.06922251
    0.08715429
    0.06854583
    0.10010143
    0.09605098
    0.08715774
    0.05370087
    0.08225809
    0.06286838
    0.07227345
    0.07841056
    0.06318230
    0.06545935
    0.07287080
    0.08954708
