   -0.12032553
    0.08044700
   -0.26471811
    0.36145826
   -0.48118162
   -0.25338440
    0.07786930
   -0.13296283
   -0.12838396
    0.02519404
   -0.12842713
    0.37405145
   -0.46712910
   -0.27222360
    0.07491900
   -0.13068230
   -0.26500018
    0.07549949
   -0.12282147
    0.04645421
    0.08204582
    0.06979262
    0.05831252
    0.09075570
    0.08304215
    0.06008981
    0.08718890
    0.06346632
    0.07657386
    0.12479594
    0.12455109
    0.06766970
    0.09068689
    0.06927525
    0.08593862
    0.06735521
    0.06061177
    0.09130247
    0.04897569
    0.07979852
    0.06911864
