   -0.12513625
    0.07565866
   -0.26379521
    0.35992158
   -0.46888024
   -0.27087199
    0.07633506
   -0.13185680
   -0.14038530
    0.02992753
   -0.14740992
    0.35870400
   -0.45156556
   -0.25611281
    0.07122500
   -0.13231617
   -0.24223108
    0.09046544
   -0.13120535
    0.05079428
    0.06954811
    0.08375352
    0.09512986
    0.06239723
    0.07054711
    0.08712694
    0.08865258
    0.06838203
    0.06068544
    0.10195716
    0.13075891
    0.07288494
    0.09252304
    0.08748638
    0.06880902
    0.06471060
    0.04905666
    0.06424383
    0.06917567
    0.08242436
    0.07848173
