   -0.13517001
    0.07227513
   -0.25922450
    0.35431702
   -0.45370751
   -0.25189431
    0.08350979
   -0.12444102
   -0.13065483
    0.03307370
   -0.17229650
    0.35355254
   -0.46349421
   -0.24403883
    0.07202489
   -0.13239640
   -0.25475000
    0.09028332
   -0.13204945
    0.07201095
    0.08956011
    0.06690857
    0.08884679
    0.07120087
    0.08527271
    0.05229487
    0.07669409
    0.08001042
    0.05505643
    0.12564054
    0.10113740
    0.07441594
    0.09344285
    0.07025661
    0.06470331
    0.08827072
    0.04905862
    0.05924045
    0.07809892
    0.07088613
    0.08207388
