   -0.13105219
    0.07097311
   -0.24713292
    0.37433549
   -0.45008178
   -0.25920269
    0.07354498
   -0.13292052
   -0.16527765
    0.04237579
   -0.14384055
    0.36933904
   -0.46456374
   -0.25409397
    0.08158247
   -0.12051986
   -0.25411306
    0.07532515
   -0.12770611
    0.08235868
    0.06052302
    0.06931864
    0.09766493
    0.06564321
    0.08640507
    0.07027249
    0.06720552
    0.06880075
    0.08541746
    0.08908193
    0.10294987
    0.05614806
    0.08762214
    0.08045149
    0.07388534
    0.04819191
    0.09288353
    0.06635512
    0.05501516
    0.06962731
    0.08720739
