           1           2   1.32598439353266     
           2           3   1.54274693247083     
           3           4   1.30190314695173     
           4           5   1.25621277253649     
           1           6   1.55475982811137     
           3           6  0.116210310406791     
           5           6   1.27940020481509     
           5           7   1.27880680168863     
           7           8   1.52662476870579     
           8           9   1.35900170880831     
           4          10   1.20160819910070     
           9          10   1.42379143390564     
          10          11   1.19141460165949     
           1          12  0.970993061055859     
           2          13  0.971292099645585     
           3          14  0.961784682893694     
           6          15  0.968722149789729     
           7          16  0.969399297098571     
           8          17  0.971144350676610     
           9          18  0.968205890354227     
          11          19  0.934604331865582     
          11          20  0.940099165828422     
