   -0.12870088
    0.09217867
   -0.26130847
    0.37125961
   -0.48689849
   -0.27170779
    0.07091524
   -0.12396099
   -0.09577703
    0.03035187
   -0.13036347
    0.36716431
   -0.44272369
   -0.26599328
    0.08735764
   -0.12297175
   -0.27813724
    0.07944259
   -0.13462487
    0.06494326
    0.08356530
    0.07801167
    0.05063732
    0.06304884
    0.07542095
    0.09556226
    0.05439886
    0.08729804
    0.06571103
    0.13205091
    0.08246594
    0.08649247
    0.05441788
    0.06936202
    0.08283809
    0.05333278
    0.06022438
    0.08188883
    0.06466039
    0.08490205
    0.07326474
