           1           2   1.01929180112524     
           2           3  0.883840984079634     
           3           4   1.32321532090726     
           4           5   1.51650538871867     
           4           6   1.32444513069089     
           6           7  0.872954186913145     
           7           8   1.02195004446909     
           4           9   1.00016710261975     
           5           9  0.134731767197959     
           9          10  0.983527430923988     
          10          11  0.989141767019966     
          11          12  0.993924227929886     
          11          13  0.136746606077561     
          12          13   1.50851079447985     
          12          14   1.32017781919475     
          14          15  0.882487299605989     
          15          16   1.02239960106954     
          12          17   1.31854092908386     
          17          18  0.877329484541014     
          18          19   1.02173459200427     
           1          20  0.982400094128672     
           1          21  0.975865026075831     
           1          22  0.984039240608228     
           2          23  0.969880895499924     
           2          24  0.966871062490474     
           7          25  0.966707236367790     
           7          26  0.968025526073133     
           8          27  0.975391273574142     
           8          28  0.982315309389703     
           8          29  0.982450942474129     
          10          30  0.952512734347832     
          10          31  0.954423376045627     
          15          32  0.963128293918210     
          15          33  0.968527312385350     
          16          34  0.982514758990817     
          16          35  0.975906041818614     
          16          36  0.976794789900834     
          18          37  0.966549168139977     
          18          38  0.967857766776702     
          19          39  0.982386355121641     
          19          40  0.975805497251223     
          19          41  0.982514660601031     
