$coord
         -8.873179326527         -1.869662970778         -0.502502721300     c 
         -7.559978905367         -4.123717727591         -0.228729716201     c 
         -4.963065396839         -4.098426039887          0.055723902611     c 
         -3.632150610553         -1.826321682644          0.069702297865     c 
         -4.959296463155          0.444097937806         -0.207782537557     c 
         -7.577557602910          0.397913667530         -0.491249366422     c 
         -3.625548196648          2.876838020780         -0.204949550175     c 
         -4.767039293412          4.887094949620         -0.437211985262     o 
         -0.857380849283          2.792406386472          0.083031512352     c 
          0.406097021440          5.081945702467          0.031949098682     c 
          3.024846145883          5.162885980210          0.274744000715     c 
          4.371512876800          2.974954496344          0.577602404911     c 
          3.161623247756          0.589413075309          0.664053184938     c 
          0.475715208171          0.494698626317          0.392364906043     c 
         -0.861890563098         -1.890777612780          0.391647803611     c 
          0.201612249551         -3.972839936659          0.636369157473     o 
          4.487584506749         -1.535731625732          1.044563115014     n 
          7.194689935467         -1.755854044635          1.137823031549     c 
          8.389766242412         -1.717747802882         -1.522972175335     c 
         11.046020825989         -1.708585243251         -1.429899904051     o 
        -10.899334045836         -1.883509440107         -0.723555530523     h 
         -8.562152693409         -5.898772186847         -0.236132818897     h 
         -3.907342697984         -5.831222547620          0.274004223651     h 
         -8.549722354661          2.180184430450         -0.700395842973     h 
         -0.687829780516          6.786205514009         -0.207546732639     h 
          3.989077825642          6.957841686357          0.219073676560     h 
          6.396621003707          3.067970274649          0.752446256855     h 
          3.456049518076         -3.157976215947          0.955685042853     h 
          7.637697467574         -3.546129450461          2.061342844740     h 
          8.016872256945         -0.231458252760          2.262643182551     h 
          7.855930534695          0.018836948511         -2.504407387800     h 
          7.688464399056         -3.327566127086         -2.625865379023     h 
         11.637946112991         -3.281316036898         -0.708891745084     h 
$end
