   21
          2          1          2
          2          3          4
          2          5          6
          2          7          8
          2          9         10
          2         11         12
          2         13         14
          2         15         16
          1         17         17
          2         18         19
          2         20         21
          2         22         23
          2         24         25
          1         26         26
          2         27         28
          1         29         29
          1         30         30
          1         31         31
          1         32         32
          1         33         33
          1         34         34
