           1           2   1.02314530875206     
           2           3  0.879760671875312     
           3           4   1.32061323082730     
           4           5   1.52474593403562     
           4           6   1.34503539761946     
           6           7  0.883699598333896     
           7           8   1.01650315918734     
           4           9  0.969157926568189     
           5           9  0.136562352684208     
           9          10  0.995420951677197     
          10          11  0.968881937842419     
          11          12  0.960912333851640     
          11          13  0.140540764059807     
          12          13   1.49720243707102     
          12          14   1.36138346266498     
          14          15  0.857117265013904     
          15          16   1.02170273611934     
          12          17   1.32969655624178     
          17          18  0.886089555478104     
          18          19   1.02296789106226     
           1          20  0.975692479859007     
           1          21  0.982535883331570     
           1          22  0.976165931275971     
           2          23  0.965019977374774     
           2          24  0.966852457089814     
           7          25  0.964328137734542     
           7          26  0.970912194547016     
           8          27  0.982822093046157     
           8          28  0.975764252924320     
           8          29  0.982073386697215     
          10          30  0.952106919042375     
          10          31  0.955863177999649     
          15          32  0.964861981220078     
          15          33  0.969666548919612     
          16          34  0.973431435834410     
          16          35  0.978775325607329     
          16          36  0.981885928297043     
          18          37  0.964168356621766     
          18          38  0.968511921630384     
          19          39  0.980068621040924     
          19          40  0.975448713546603     
          19          41  0.974130334329467     
