           1           2   1.01948298541352     
           2           3  0.887180431128161     
           3           4   1.31420633072359     
           4           5   1.54665181410061     
           4           6   1.36305364606544     
           6           7  0.862105181666007     
           7           8   1.02195297553171     
           4           9  0.938432534374667     
           5           9  0.136883816304325     
           9          10  0.989334415067512     
          10          11  0.986350193686710     
          11          12  0.984029172821981     
          11          13  0.132584329861572     
          12          13   1.50602303466174     
          12          14   1.32159532015292     
          14          15  0.876769956646698     
          15          16   1.02336799177135     
          12          17   1.32675283003274     
          17          18  0.888690678734925     
          18          19   1.02250048345147     
           1          20  0.982577507377827     
           1          21  0.977237021369397     
           1          22  0.976717060939317     
           2          23  0.966086809683173     
           2          24  0.967379754531114     
           7          25  0.965591589655946     
           7          26  0.961724117335840     
           8          27  0.974105103225045     
           8          28  0.979464885307521     
           8          29  0.982560642254171     
          10          30  0.948135373951275     
          10          31  0.952344762437975     
          15          32  0.964840823998594     
          15          33  0.967007693342394     
          16          34  0.975686875173469     
          16          35  0.976416343837807     
          16          36  0.981700589212316     
          18          37  0.964117728860738     
          18          38  0.967874008108762     
          19          39  0.981603065950729     
          19          40  0.976159188546794     
          19          41  0.975672613946407     
