   -0.13301008
    0.08272537
   -0.25637015
    0.36196071
   -0.47061001
   -0.25957008
    0.09099109
   -0.12435804
   -0.13624201
    0.03537729
   -0.11431786
    0.37593729
   -0.47355967
   -0.26456182
    0.07898415
   -0.13214216
   -0.25458507
    0.07428048
   -0.13202540
    0.06875335
    0.07713747
    0.08566831
    0.06664345
    0.05927236
    0.05333031
    0.07995496
    0.05510901
    0.08305254
    0.07481677
    0.12489946
    0.07468395
    0.07017309
    0.08194654
    0.06819595
    0.06726185
    0.08650092
    0.09500215
    0.06169918
    0.05504029
    0.07603914
    0.08591493
