           1           2   1.01774101664749     
           2           3  0.882001567353420     
           3           4   1.32601293164163     
           4           5   1.51638954588542     
           4           6   1.32399258058405     
           6           7  0.878131535802242     
           7           8   1.02220844741265     
           4           9   1.01433775310863     
           5           9  0.133120801408179     
           9          10  0.971866613633689     
          10          11  0.997421933963268     
          11          12  0.965180546617122     
          11          13  0.131035848110124     
          12          13   1.53882288315329     
          12          14   1.34648050269939     
          14          15  0.863345423369998     
          15          16   1.02110763328693     
          12          17   1.32741331317661     
          17          18  0.883436506339743     
          18          19   1.02251821298962     
           1          20  0.983693384079827     
           1          21  0.982021816773495     
           1          22  0.975183011605818     
           2          23  0.971341951336320     
           2          24  0.967417125865886     
           7          25  0.967519875097836     
           7          26  0.966626814008006     
           8          27  0.976372736389601     
           8          28  0.975865880848695     
           8          29  0.981760173469960     
          10          30  0.958285684869919     
          10          31  0.948758411067495     
          15          32  0.964483559661234     
          15          33  0.967890186337165     
          16          34  0.983380786899449     
          16          35  0.981018297176487     
          16          36  0.974282350343003     
          18          37  0.963592598790709     
          18          38  0.969669711254928     
          19          39  0.977611947156287     
          19          40  0.981375173627752     
          19          41  0.975313456532163     
