   -0.13386291
    0.08322776
   -0.26528562
    0.36467700
   -0.46697734
   -0.26037587
    0.07927828
   -0.12340675
   -0.12164789
    0.02719518
   -0.11841766
    0.35988803
   -0.46409335
   -0.27426955
    0.07707895
   -0.13599581
   -0.27185869
    0.08717124
   -0.12316885
    0.06754985
    0.07739266
    0.08703283
    0.07152391
    0.05804903
    0.07453991
    0.08665082
    0.05748710
    0.06674834
    0.08889795
    0.14049388
    0.08900521
    0.08323099
    0.06545984
    0.07098441
    0.08817799
    0.06732932
    0.05091145
    0.08486198
    0.07172658
    0.05255448
    0.08023532
