           1           2   1.02056176194937     
           2           3  0.861428707688524     
           3           4   1.35386782033491     
           4           5   1.53366780986825     
           4           6   1.31992621541978     
           6           7  0.883476747327632     
           7           8   1.01807234521438     
           4           9  0.953268097030634     
           5           9  0.141049771006484     
           9          10  0.992988603804852     
          10          11  0.978997482953354     
          11          12  0.959415836425553     
          11          13  0.135615064447783     
          12          13   1.53960651119952     
          12          14   1.34601803005236     
          14          15  0.855032715519479     
          15          16   1.02216712843505     
          12          17   1.32944849910962     
          17          18  0.881582717389199     
          18          19   1.01829695254887     
           1          20  0.974045147135159     
           1          21  0.983091985708506     
           1          22  0.979856196734544     
           2          23  0.968400145907129     
           2          24  0.966615654760913     
           7          25  0.968353717603497     
           7          26  0.969380540933660     
           8          27  0.982235822025096     
           8          28  0.983380720364018     
           8          29  0.975241953754975     
          10          30  0.940402872760937     
          10          31  0.953240206275274     
          15          32  0.965914168022305     
          15          33  0.963766051382756     
          16          34  0.983813255317108     
          16          35  0.980220032649820     
          16          36  0.973426455791991     
          18          37  0.967476543407270     
          18          38  0.970558301607834     
          19          39  0.981796401105049     
          19          40  0.983233499453072     
          19          41  0.975087526909194     
