   -0.11742874
    0.07600343
   -0.26913493
    0.37291906
   -0.45793361
   -0.26290519
    0.07434872
   -0.13312096
   -0.11478990
    0.03299902
   -0.15134615
    0.37878948
   -0.46866492
   -0.26576055
    0.07921435
   -0.13057497
   -0.25874499
    0.08393166
   -0.13377175
    0.05666189
    0.05647287
    0.08238637
    0.08584557
    0.07458589
    0.09294768
    0.06259507
    0.08586174
    0.05871476
    0.07553685
    0.10202822
    0.11267218
    0.08432900
    0.05348877
    0.08126283
    0.06196280
    0.07310563
    0.06860025
    0.06136005
    0.07042727
    0.07741723
    0.08770804
