           1           2   1.02211072305835     
           2           3  0.867058582738134     
           3           4   1.33455484748421     
           4           5   1.54992513325576     
           4           6   1.32267714519163     
           6           7  0.883181142056039     
           7           8   1.02212711260069     
           4           9  0.957135793829037     
           5           9  0.135589515286345     
           9          10  0.993346497120632     
          10          11  0.975102563038703     
          11          12   1.00171319654124     
          11          13  0.102446224900798     
          12          13   1.53848338409384     
          12          14   1.29693083301571     
          14          15  0.888274360006061     
          15          16   1.01968267853001     
          12          17   1.32147733264340     
          17          18  0.866917262834820     
          18          19   1.01963374700807     
           1          20  0.977599734891538     
           1          21  0.983840258120631     
           1          22  0.975168698612988     
           2          23  0.966825226371471     
           2          24  0.968040475922210     
           7          25  0.964067373087044     
           7          26  0.968886634875827     
           8          27  0.975636348804610     
           8          28  0.977860684494387     
           8          29  0.981305079997956     
          10          30  0.952768917792167     
          10          31  0.955056872240632     
          15          32  0.967502399069032     
          15          33  0.969439278668051     
          16          34  0.976160941044304     
          16          35  0.981621157786173     
          16          36  0.982826335830598     
          18          37  0.971229065070248     
          18          38  0.966922638203144     
          19          39  0.982787529891742     
          19          40  0.981324344852056     
          19          41  0.973437796968883     
