           1           2   1.01329994597515     
           2           3  0.905622629680125     
           3           4   1.20585387153326     
           3           5  0.181685901900311     
           4           5   1.69104221316859     
           4           6  0.963104177120169     
           6           7  0.966784858327532     
           7           8  0.945058453089211     
           7           9  0.953764948512688     
           9          10   1.70196883720587     
           9          11   1.18685556875329     
          10          11  0.172784096082845     
          11          12  0.896271045588049     
          12          13   1.02043405838108     
           7          14  0.957458500517780     
          14          15  0.973885091311451     
          14          16  0.131536787829593     
          15          16   1.53111711976294     
          15          17   1.29542956008040     
          17          18  0.910748363289470     
          15          19   1.33340752678910     
          19          20  0.885852892597107     
           1          21  0.983621253935256     
           1          22  0.978285785466131     
           1          23  0.985204072613361     
           2          24  0.967400292865839     
           2          25  0.969825149407475     
           6          26  0.962755279819006     
           6          27  0.950626828590839     
          12          28  0.968041332016211     
          12          29  0.969252763060249     
          13          30  0.982663416280938     
          13          31  0.977368889411852     
          13          32  0.981848075914294     
          18          33  0.975845967594989     
          18          34  0.977171561605916     
          18          35  0.971038662348451     
          20          36  0.976554072379309     
          20          37  0.970563521653992     
          20          38  0.972122952343747     
