   -0.13273424
    0.08318570
   -0.25145825
    0.34820382
   -0.44991920
   -0.25495480
    0.08244715
   -0.13283765
   -0.16263858
    0.04169676
   -0.12188720
    0.37677367
   -0.48885044
   -0.25856523
    0.06772903
   -0.13533520
   -0.24575964
    0.08633964
   -0.13495754
    0.06854830
    0.07029858
    0.09079190
    0.06964585
    0.08065239
    0.05604389
    0.06850689
    0.07694612
    0.06836424
    0.08482094
    0.07257245
    0.11701448
    0.07698619
    0.09797860
    0.06935749
    0.09161357
    0.07395800
    0.04515376
    0.06877472
    0.06907757
    0.08619045
    0.08022584
