$coord
          9.736940256276          1.307057206691         -0.001293699393     c 
          9.736885234827         -1.307133777631         -0.000816367090     c 
          7.473366878237         -2.627222317149          0.000200246133     c 
          5.212629192532         -1.314581126937         -0.000390477285     c 
          5.212623376333          1.314551446145         -0.000818805971     c 
          7.473424722748          2.627169700754         -0.000752789528     c 
          2.981368829794          2.693026988159         -0.002282336924     o 
          0.813744989155          1.323203399745          0.000623543801     c 
          0.813755784215         -1.323209962008          0.000755960111     c 
         -1.472729911145         -2.620795935373          0.001921674223     c 
         -3.761074272353         -1.312638042118          0.000762526152     c 
         -3.761026006484          1.312670261757          0.000805841695     c 
         -1.472771397433          2.620811272389          0.002182807326     c 
         -1.422386754676          5.865202876065          0.002719554124     cl
         -6.559723776112          2.948605947844         -0.002114894922     cl
         -6.559759533318         -2.948583116364         -0.002182781248     cl
         -1.422469361779         -5.865186622532          0.002371827353     cl
          2.981341364706         -2.693016768332         -0.001535678801     o 
         11.494262151023          2.335084429365         -0.002790653363     h 
         11.494252776281         -2.335164573587         -0.001974981691     h 
          7.415648822476         -4.661873067259          0.000604583424     h 
          7.415709809412          4.661820846005         -0.001051542162     h 
$end
