   -0.12827757
    0.06333598
   -0.25331539
    0.37157115
   -0.47663793
   -0.10188313
    0.01329971
    0.09898199
    0.37585273
   -0.46794725
   -0.25212907
    0.07399979
   -0.11949057
   -0.13407567
    0.37724333
   -0.46807565
   -0.26356628
    0.01056322
   -0.25135660
    0.01143844
    0.07758146
    0.06909160
    0.04988501
    0.06627574
    0.09532397
    0.12396089
    0.12171087
    0.08749173
    0.06880876
    0.05215090
    0.05942020
    0.08038412
    0.08863234
    0.07851283
    0.11175699
    0.09209810
    0.11244499
    0.08493827
