           1           2   1.02248274743589     
           2           3  0.887279981023799     
           3           4   1.32127023560943     
           4           5   1.51190269384326     
           4           6   1.31981151439490     
           6           7  0.875989463556503     
           7           8   1.02013080010315     
           4           9  0.995805005877277     
           5           9  0.132789718307187     
           9          10  0.983555024303344     
          10          11  0.988797533691819     
          11          12  0.987210683887589     
          11          13  0.136599897600387     
          12          13   1.50653845508952     
          12          14   1.31986438241799     
          14          15  0.883874432386540     
          15          16   1.02266409915474     
          12          17   1.32721622839941     
          17          18  0.877422961661674     
          18          19   1.02109327425500     
           1          20  0.976015403014058     
           1          21  0.981633136263004     
           1          22  0.975264786454740     
           2          23  0.967830627955802     
           2          24  0.964689789690258     
           7          25  0.971124708051346     
           7          26  0.963310983708938     
           8          27  0.982562719889145     
           8          28  0.982461175284468     
           8          29  0.975034827004108     
          10          30  0.952784937154769     
          10          31  0.955403872788779     
          15          32  0.963438474900420     
          15          33  0.968979304774094     
          16          34  0.981871569532222     
          16          35  0.975954566595282     
          16          36  0.974711681700177     
          18          37  0.967390546573601     
          18          38  0.965089716906683     
          19          39  0.981666787925042     
          19          40  0.975749405420532     
          19          41  0.982512449411524     
