           1           2  0.980047238247575     
           2           3  0.979594794302695     
           2           4  0.999974285567169     
           2           5  0.945059734051504     
           5           6   1.70419030009442     
           5           7   1.16288951204890     
           6           7  0.168911989064524     
           7           8  0.940542931225503     
           1           9  0.983909047512256     
           1          10  0.981004785831456     
           1          11  0.986179789606171     
           3          12  0.986177668781680     
           3          13  0.983958538708413     
           3          14  0.980919065283984     
           4          15  0.985253456945315     
           4          16  0.985277233960440     
           4          17  0.983859886023252     
           8          18  0.976060174041678     
           8          19  0.976533590169689     
           8          20  0.976853280678296     
