           1           2   1.02192449033093     
           2           3  0.887496213287002     
           3           4   1.28070281594498     
           4           5   1.54531016600182     
           4           6   1.33185121790792     
           6           7  0.868279235794271     
           7           8   1.02185177370018     
           4           9   1.00975544991179     
           5           9  0.126437232052941     
           9          10  0.990045954259689     
          10          11  0.977049923593307     
          11          12  0.976896751934473     
          11          13  0.149603594759335     
          12          13   1.48688432845204     
          12          14   1.34877074657192     
          14          15  0.887607982522678     
          15          16   1.01961829209982     
          12          17   1.32070671620448     
          17          18  0.883228777096018     
          18          19   1.02102145533505     
           1          20  0.975903804935917     
           1          21  0.982554157889593     
           1          22  0.977043132201918     
           2          23  0.965081219421290     
           2          24  0.965851899071545     
           7          25  0.967144263847299     
           7          26  0.966699280543696     
           8          27  0.973693938617292     
           8          28  0.982630178863491     
           8          29  0.975319554258290     
          10          30  0.958015254366521     
          10          31  0.940605007629380     
          15          32  0.964720757121852     
          15          33  0.966999019295356     
          16          34  0.976713120940803     
          16          35  0.982260867218870     
          16          36  0.980979803764008     
          18          37  0.965029504538703     
          18          38  0.962927597139430     
          19          39  0.975466358148111     
          19          40  0.975862771419611     
          19          41  0.982756105459661     
