   -0.12807663
    0.07861424
   -0.26297002
    0.35878479
   -0.46781675
   -0.26015107
    0.09297825
   -0.12334400
   -0.12637939
    0.03239782
   -0.10772256
    0.38070599
   -0.47841837
   -0.26733998
    0.07507887
   -0.12908143
   -0.26506086
    0.07516977
   -0.13232058
    0.05850018
    0.06916340
    0.08228481
    0.08915272
    0.05460367
    0.05246186
    0.07788986
    0.07326976
    0.05609333
    0.08219893
    0.12846440
    0.07586571
    0.08751171
    0.07446141
    0.06379024
    0.08807638
    0.06702741
    0.09399698
    0.06131259
    0.07619678
    0.08668076
    0.05594901
