           1           2   1.02010181237867     
           2           3  0.886739785640986     
           3           4   1.31486606676753     
           4           5   1.51423303961870     
           4           6   1.31985844374565     
           6           7  0.879484929352799     
           7           8   1.02225466305653     
           4           9   1.02448381892438     
           5           9  0.135738456199263     
           9          10  0.976184811862739     
          10          11  0.994072935983955     
          11          12  0.966612368562812     
          11          13  0.133170107683963     
          12          13   1.52937062485639     
          12          14   1.34571547815162     
          14          15  0.857861169043389     
          15          16   1.02259671816338     
          12          17   1.32095141363859     
          17          18  0.884693772706381     
          18          19   1.02253439436158     
           1          20  0.980795920691460     
           1          21  0.983401593898474     
           1          22  0.976573590542731     
           2          23  0.966408033893230     
           2          24  0.968941692217656     
           7          25  0.967230624497840     
           7          26  0.966716027760785     
           8          27  0.981627968308824     
           8          28  0.974537044165570     
           8          29  0.976166015646166     
          10          30  0.956482098939644     
          10          31  0.947678547725818     
          15          32  0.966478234011305     
          15          33  0.968433903788976     
          16          34  0.982733383156223     
          16          35  0.973368965080356     
          16          36  0.980092519151307     
          18          37  0.964243408875943     
          18          38  0.969485058840426     
          19          39  0.980314009014889     
          19          40  0.975438744911375     
          19          41  0.976623990378161     
