   -0.12918867
    0.06810268
   -0.23269907
    0.37371570
   -0.45319317
   -0.11164351
   -0.00141755
    0.14240754
    0.36936616
   -0.47273277
   -0.23711699
    0.07868153
   -0.13570147
   -0.09708404
    0.34455719
   -0.48895580
   -0.28885796
    0.03451689
   -0.27277631
    0.03116180
    0.07738972
    0.05411895
    0.07380321
    0.09314826
    0.05927460
    0.13452612
    0.12854412
    0.06575141
    0.06360202
    0.07576830
    0.07904835
    0.08251173
    0.09751272
    0.06601124
    0.07282852
    0.08406847
    0.09757431
    0.07337573
