   -0.13391323
    0.06957837
   -0.26370225
    0.38088300
   -0.46378965
   -0.25470460
    0.07440522
   -0.12787101
   -0.14780352
    0.03736054
   -0.14681445
    0.37545761
   -0.46851146
   -0.25614222
    0.07088677
   -0.12315387
   -0.24942823
    0.07511864
   -0.12859528
    0.09076277
    0.06834293
    0.06925002
    0.09324516
    0.07653100
    0.06262889
    0.09677635
    0.05425410
    0.08149114
    0.06684851
    0.09566560
    0.09028252
    0.09645230
    0.07166543
    0.06608241
    0.08414285
    0.05114732
    0.09105902
    0.06140679
    0.08601218
    0.05507194
    0.07162039
