   -0.13477199
    0.06742923
   -0.25061276
    0.37181794
   -0.46847603
   -0.09428757
    0.01004941
    0.11239494
    0.37621696
   -0.44526792
   -0.23433843
    0.06370814
   -0.12697353
   -0.14152389
    0.37067863
   -0.46684318
   -0.25413873
    0.01344222
   -0.28134522
    0.02149261
    0.08019761
    0.06796825
    0.07060743
    0.07262032
    0.06859178
    0.11295477
    0.09091745
    0.10111661
    0.06980899
    0.05227530
    0.07442593
    0.08082329
    0.08608563
    0.11180374
    0.09114879
    0.07448467
    0.07894884
    0.10656976
