           1           2   1.01780183995449     
           2           3  0.906098619790629     
           3           4   1.19931303600616     
           3           5  0.183422691758467     
           4           5   1.69895877503265     
           4           6  0.960864003126342     
           6           7  0.974491299827694     
           7           8  0.932600721894748     
           7           9  0.949988850278043     
           9          10   1.65845355637156     
           9          11   1.23123929735164     
          10          11  0.172564689782322     
          11          12  0.893484236290435     
          12          13   1.01329362390126     
           7          14  0.966530178624788     
          14          15  0.959292110472981     
          14          16  0.133219206877822     
          15          16   1.51717806851994     
          15          17   1.32744035507206     
          17          18  0.890833758710559     
          15          19   1.27440445878915     
          19          20  0.915760416356548     
           1          21  0.978041991227863     
           1          22  0.984091403566170     
           1          23  0.982893870630885     
           2          24  0.964489535479255     
           2          25  0.968360564096002     
           6          26  0.947642154952723     
           6          27  0.961684254714261     
          12          28  0.964573295444883     
          12          29  0.970247243000884     
          13          30  0.983469732725881     
          13          31  0.983125684962014     
          13          32  0.976815827700464     
          18          33  0.974449462261256     
          18          34  0.971747257958935     
          18          35  0.977270049900763     
          20          36  0.976730124432378     
          20          37  0.975270717276621     
          20          38  0.972797157328105     
