           1           2   1.02081149818013     
           2           3  0.881882732791212     
           3           4   1.29827352769017     
           4           5   1.53605392755492     
           4           6   1.31683387446784     
           6           7  0.883920478074414     
           7           8   1.02024513949730     
           4           9  0.990234122409055     
           5           9  0.109976566092165     
           9          10  0.979423707400582     
          10          11  0.991178263961437     
          11          12  0.949937752199130     
          11          13  0.142581516593924     
          12          13   1.51679873120073     
          12          14   1.32826826989500     
          14          15  0.864559197472959     
          15          16   1.02351011447310     
          12          17   1.29801272751456     
          17          18  0.892720910615678     
          18          19   1.02174911148377     
           1          20  0.973182203801907     
           1          21  0.976045451735201     
           1          22  0.977809795437034     
           2          23  0.966443277938964     
           2          24  0.964343654854966     
           7          25  0.965247795641200     
           7          26  0.966732318113600     
           8          27  0.983853817117985     
           8          28  0.979888208567366     
           8          29  0.976167960344409     
          10          30  0.955655747861740     
          10          31  0.940103617259939     
          15          32  0.964987807068386     
          15          33  0.969948137417702     
          16          34  0.980143392179224     
          16          35  0.973242767428635     
          16          36  0.970879137764187     
          18          37  0.964254363880374     
          18          38  0.968924485660868     
          19          39  0.976101745161287     
          19          40  0.981049555303849     
          19          41  0.976413788537078     
