           1           2   1.02155541101084     
           2           3  0.877575958998092     
           3           4   1.31145610327478     
           4           5   1.51526568977105     
           4           6   1.32921907368977     
           6           7  0.882657095505501     
           7           8   1.02215913662159     
           4           9   1.00097998923845     
           5           9  0.134374192355251     
           9          10  0.984282780343350     
          10          11  0.983924243892473     
          11          12  0.995491800539856     
          11          13  0.123616820146460     
          12          13   1.51588046365245     
          12          14   1.30277139681645     
          14          15  0.882793131917959     
          15          16   1.02177397933406     
          12          17   1.32010609837986     
          17          18  0.876295072730523     
          18          19   1.02125057768968     
           1          20  0.982387608559230     
           1          21  0.975884623484718     
           1          22  0.983731135347113     
           2          23  0.968390072344186     
           2          24  0.967688837089078     
           7          25  0.964474853521260     
           7          26  0.967376686540214     
           8          27  0.978049587424314     
           8          28  0.982257801339878     
           8          29  0.975556140574642     
          10          30  0.949409950014794     
          10          31  0.952441157024820     
          15          32  0.965367783482406     
          15          33  0.966957474746575     
          16          34  0.982825445723090     
          16          35  0.976160776028340     
          16          36  0.975989612826726     
          18          37  0.967145492438944     
          18          38  0.960298353123762     
          19          39  0.974119595471648     
          19          40  0.979951584010047     
          19          41  0.982054701578708     
