   -0.12465634
    0.06998674
   -0.26149439
    0.35625941
   -0.46978692
   -0.26145857
    0.09034322
   -0.12391523
   -0.12734096
    0.03629276
   -0.10875470
    0.38183155
   -0.49194710
   -0.25173436
    0.08440950
   -0.13230427
   -0.26248543
    0.06750876
   -0.13511396
    0.06425545
    0.08565823
    0.05313034
    0.09590080
    0.07330731
    0.05022570
    0.07969335
    0.05478544
    0.08044083
    0.07388576
    0.12099574
    0.07614561
    0.04155780
    0.08183160
    0.08006370
    0.07925288
    0.06485066
    0.09705926
    0.07784790
    0.06992531
    0.07222437
    0.09132224
