$coord
          4.021498030735         -3.958668590748         -0.075964774261     c 
          2.210009210146         -1.825463030290          0.204748982789     c 
          2.924907997369          0.596589031622         -0.043039058028     c 
          1.194354683911          2.702458514185          0.231015915914     c 
          1.862161369897          4.903827547692         -0.093790231273     o 
         -1.469236946803          2.054935739302          1.017086911482     c 
         -2.368931957318         -0.493990825494         -0.021685012504     c 
         -0.462429259904         -2.522047875224          0.791946875041     c 
         -2.537683312204         -0.381727430427         -2.906451582028     c 
         -4.975675736520         -1.120144109556          1.060416213841     c 
          3.871478298217         -5.228384186803          1.534563718970     h 
          5.953675515271         -3.286855489973         -0.238090439487     h 
          3.551716541070         -5.043325072396         -1.761190939875     h 
          4.857553669823          1.089426643919         -0.487042163339     h 
         -1.467457307973          1.994765253518          3.084811961308     h 
         -2.721562497791          3.590158807278          0.441986142035     h 
         -0.607017635641         -2.796644531362          2.837702670935     h 
         -0.923425909118         -4.323798625814         -0.098696290918     h 
         -0.708279821964          0.063251308267         -3.731504811261     h 
         -3.869695315328          1.071724648561         -3.486970199929     h 
         -3.177791535298         -2.183171643468         -3.659118329839     h 
         -5.618880463609         -2.942660987360          0.364425447722     h 
         -6.344045582571          0.305582304689          0.499232637472     h 
         -4.919615583822         -1.188098887129          3.113279762248     h 
$end
