           1           2   1.02265273739778     
           2           3  0.879389540425769     
           3           4   1.31069129260592     
           4           5   1.52046875141320     
           4           6   1.32945510089643     
           6           7  0.885914389025571     
           7           8   1.02258381809225     
           4           9  0.976209795600404     
           5           9  0.133170348127191     
           9          10  0.983707862427917     
          10          11  0.988270044848331     
          11          12  0.963697274939271     
          11          13  0.128597831070838     
          12          13   1.52499985079873     
          12          14   1.32369423461167     
          14          15  0.883956791965205     
          15          16   1.01676778503827     
          12          17   1.32152994093179     
          17          18  0.876061309133917     
          18          19   1.02284163309576     
           1          20  0.981972437020880     
           1          21  0.975908792806910     
           1          22  0.975715056507119     
           2          23  0.966138477717517     
           2          24  0.967372913103081     
           7          25  0.964137001663088     
           7          26  0.967793533468960     
           8          27  0.975826099798813     
           8          28  0.975355104762221     
           8          29  0.981483367917600     
          10          30  0.954956072202004     
          10          31  0.954387681149249     
          15          32  0.967066571001921     
          15          33  0.962983501946446     
          16          34  0.975448325948231     
          16          35  0.982488241932663     
          16          36  0.982390370441333     
          18          37  0.969102348886067     
          18          38  0.965355444871490     
          19          39  0.975727678613368     
          19          40  0.981802712268813     
          19          41  0.973893349609401     
