   -0.13062022
    0.06601415
   -0.25101949
    0.37386545
   -0.47547225
   -0.09944732
    0.00895532
    0.11851578
    0.37198074
   -0.47276186
   -0.24954334
    0.08195430
   -0.13055340
   -0.11579591
    0.36945343
   -0.46835139
   -0.25561092
    0.01343359
   -0.27102714
    0.01221238
    0.05575376
    0.07620926
    0.06974445
    0.06344647
    0.08945893
    0.09494775
    0.12281076
    0.06730989
    0.06349625
    0.06990152
    0.08555436
    0.07318418
    0.08844298
    0.11221477
    0.09234856
    0.08963918
    0.11061888
    0.07873615
