           1           2   1.02237979537386     
           2           3  0.889436646393180     
           3           4   1.32414916870552     
           4           5   1.47861741480066     
           4           6   1.34983336433975     
           6           7  0.870583861908818     
           7           8   1.02056212996535     
           4           9  0.996774488027054     
           5           9  0.137798751126760     
           9          10  0.972166340072834     
          10          11  0.992797215231567     
          11          12  0.971993360770018     
          11          13  0.138490736703047     
          12          13   1.51143060228866     
          12          14   1.34378122043898     
          14          15  0.884000169892738     
          15          16   1.01706592581992     
          12          17   1.32402667186969     
          17          18  0.879854350635600     
          18          19   1.02328079958415     
           1          20  0.972911260816188     
           1          21  0.976201711120212     
           1          22  0.981458866874889     
           2          23  0.967086274096344     
           2          24  0.964529289451325     
           7          25  0.969061976994921     
           7          26  0.961572444909241     
           8          27  0.974248766681724     
           8          28  0.980121065620473     
           8          29  0.981904433803999     
          10          30  0.953437487639461     
          10          31  0.956541499631999     
          15          32  0.971496536549784     
          15          33  0.964761564294605     
          16          34  0.981921734005970     
          16          35  0.975885131443621     
          16          36  0.983451995320912     
          18          37  0.966962244006413     
          18          38  0.965087454367986     
          19          39  0.976107784150940     
          19          40  0.976129090171141     
          19          41  0.982362199021221     
