           1           2   1.02103817044866     
           2           3  0.877870451256454     
           3           4   1.31115389719372     
           4           5   1.53866755928944     
           4           6   1.31638997093901     
           6           7  0.886458518325354     
           7           8   1.02150597757168     
           4           9   1.00237162020872     
           9          10  0.969395345762867     
          10          11  0.994558069999798     
          11          12  0.938900685711795     
          11          13  0.141366870900104     
          12          13   1.50678663451598     
          12          14   1.35374107909201     
          14          15  0.861544567788487     
          15          16   1.02176781743744     
          12          17   1.32194303622380     
          17          18  0.882770494642547     
          18          19   1.02368987306321     
           1          20  0.979199514356846     
           1          21  0.981713827132734     
           1          22  0.975794113365207     
           2          23  0.965946899777908     
           2          24  0.964558908469175     
           7          25  0.962668068108998     
           7          26  0.965599304365093     
           8          27  0.975955753240155     
           8          28  0.975826946700792     
           8          29  0.980370463711234     
          10          30  0.951268600964144     
          10          31  0.951055313817653     
          15          32  0.965029622306447     
          15          33  0.969759088482001     
          16          34  0.977343780312524     
          16          35  0.981420736728584     
          16          36  0.973511910658214     
          18          37  0.965655381742396     
          18          38  0.962612196605440     
          19          39  0.982466119912819     
          19          40  0.970588665949444     
          19          41  0.975426214460572     
