   19
          9          1          9
         18         10         27
         17         28         44
         17         45         61
         18         62         79
         16         80         95
         18         96        113
         17        114        130
         15        131        145
         16        146        161
         16        162        177
          1        178        178
         15        179        193
         12        194        205
         14        206        219
          1        220        220
          1        221        221
         12        222        233
         18        234        251
