   -0.12587287
    0.07269317
   -0.26879994
    0.38579626
   -0.45558089
   -0.26817821
    0.07815976
   -0.12463890
   -0.14799882
    0.04503469
   -0.16045341
    0.37334463
   -0.44900804
   -0.25331857
    0.06836021
   -0.12700921
   -0.25591947
    0.08361470
   -0.13312707
    0.07170077
    0.05621623
    0.08471134
    0.06508274
    0.09716598
    0.06332819
    0.08726678
    0.05177968
    0.08285051
    0.06924496
    0.09393234
    0.09209809
    0.09898773
    0.07457924
    0.05428691
    0.06632996
    0.08545906
    0.08106742
    0.06294041
    0.07119501
    0.08752723
    0.06515134
