$coord
         -3.426566693550         -2.760488880040          0.000822637390     c 
         -0.988477749970         -1.321661954257          0.000242819202     c 
          1.302322356596         -2.599252571435         -0.000589932757     c 
          3.575803035074         -1.306781472998         -0.000737977290     c 
          3.575847362753          1.306717353463          0.000399698203     c 
          1.302387346728          2.599215972168          0.000864155425     c 
         -0.988459557200          1.321665777362          0.000276338594     c 
         -3.426468923098          2.760575424386         -0.001104346963     c 
         -4.544877910287         -2.285937330716          1.662165500460     h 
         -4.544447886517         -2.288222906631         -1.661458854638     h 
         -3.074732713760         -4.783328395668          0.001920511286     h 
          1.306363634560         -4.642119053075         -0.001349573487     h 
          5.337595764981         -2.337219831215         -0.001463016192     h 
          5.337671010088          2.337137527036          0.001172518449     h 
          1.306479830029          4.642075591079          0.001583713178     h 
         -4.543684176452          2.286357138060         -1.663308264607     h 
         -4.545322226053          2.287677451030          1.660374764970     h 
         -3.074668687955          4.783703169520         -0.001703587943     h 
$end
