   -0.12834979
    0.07905071
   -0.26386289
    0.35955523
   -0.46501531
   -0.25999392
    0.09300939
   -0.12317483
   -0.13403499
    0.03643413
   -0.11142458
    0.38043349
   -0.49064237
   -0.26564314
    0.07483890
   -0.13116375
   -0.25896686
    0.06816088
   -0.12672503
    0.06909288
    0.08251802
    0.05881692
    0.08910427
    0.05424316
    0.05327135
    0.07811871
    0.07307794
    0.05597011
    0.08268711
    0.12482923
    0.07424402
    0.08829948
    0.07483691
    0.06723280
    0.08804740
    0.06845814
    0.07884485
    0.10024765
    0.08740473
    0.06347843
    0.05469063
