           1           2   1.02067446036305     
           2           3  0.865868800506034     
           3           4   1.35911904786965     
           4           5   1.53695518559317     
           4           6   1.31304317153272     
           6           7  0.884244795351869     
           7           8   1.02246132138995     
           4           9  0.966358690643817     
           5           9  0.140139572701401     
           9          10  0.976944154176033     
          10          11  0.991410469437774     
          11          12  0.954023293546943     
          11          13  0.135879505112709     
          12          13   1.52644371241023     
          12          14   1.30906780963236     
          14          15  0.890076664191743     
          15          16   1.02262865648354     
          12          17   1.36568072027994     
          17          18  0.864055529632567     
          18          19   1.02158317306144     
           1          20  0.982700777144812     
           1          21  0.982693332472344     
           1          22  0.973960680172425     
           2          23  0.970173170256347     
           2          24  0.964177926276935     
           7          25  0.966413741063451     
           7          26  0.963328922706290     
           8          27  0.975926023359313     
           8          28  0.982875424473367     
           8          29  0.975351117202945     
          10          30  0.939914394814693     
          10          31  0.956487540929582     
          15          32  0.962722448180827     
          15          33  0.965628483430414     
          16          34  0.976625122391567     
          16          35  0.975916309439875     
          16          36  0.983318374571280     
          18          37  0.966584889861858     
          18          38  0.962856155721361     
          19          39  0.980955809223913     
          19          40  0.982836622286663     
          19          41  0.974332552052485     
