   -0.12476278
    0.08206197
   -0.26110066
    0.39705648
   -0.45726403
   -0.27391415
    0.07723625
   -0.12574285
   -0.14452683
    0.03037330
   -0.13492164
    0.38062317
   -0.46210046
   -0.26594898
    0.08400987
   -0.13017714
   -0.26033076
    0.08408610
   -0.12221238
    0.05731756
    0.06958580
    0.07774492
    0.08378858
    0.05308873
    0.06353148
    0.08964309
    0.08327213
    0.06919124
    0.05452490
    0.09273180
    0.12314897
    0.08163451
    0.05514950
    0.08315935
    0.06204423
    0.07179280
    0.08574787
    0.06442590
    0.08422477
    0.05733861
    0.06446877
