           1           2   1.02048891690365     
           2           3  0.883728130687701     
           3           4   1.31807290008992     
           4           5   1.52935903242153     
           4           6   1.34596808287624     
           6           7  0.861086521276065     
           7           8   1.02026300059083     
           4           9  0.955753143446344     
           5           9  0.139874496274176     
           9          10  0.991698598301612     
          10          11  0.979950017298363     
          11          12  0.957804266088771     
          11          13  0.137781101985561     
          12          13   1.53205773795016     
          12          14   1.32687338519008     
          14          15  0.880745708237333     
          15          16   1.02392299184348     
          12          17   1.33757072021702     
          17          18  0.863301837270680     
          18          19   1.02145854762948     
           1          20  0.980053878691548     
           1          21  0.975733916014897     
           1          22  0.982453980468104     
           2          23  0.966568158549974     
           2          24  0.966377002851556     
           7          25  0.968490613461147     
           7          26  0.970174326232031     
           8          27  0.973254422352409     
           8          28  0.982693588909855     
           8          29  0.982436278329181     
          10          30  0.953928093609087     
          10          31  0.940641268609855     
          15          32  0.963149790203140     
          15          33  0.966402073248963     
          16          34  0.982166134899854     
          16          35  0.975156197725561     
          16          36  0.973814472375543     
          18          37  0.963708569844817     
          18          38  0.966542741236871     
          19          39  0.974464122248775     
          19          40  0.980665082849784     
          19          41  0.984018405173939     
