   -0.12651696
    0.07548257
   -0.26302872
    0.37370862
   -0.47310722
   -0.25487801
    0.08497839
   -0.12180710
   -0.14385376
    0.03924024
   -0.11859512
    0.37263445
   -0.46117334
   -0.25789234
    0.07340797
   -0.13292530
   -0.25211078
    0.07380886
   -0.13094106
    0.05216741
    0.07183964
    0.08534224
    0.09501674
    0.06543649
    0.08232827
    0.04851085
    0.07531322
    0.07761536
    0.04965754
    0.10890731
    0.08064149
    0.07096821
    0.08603190
    0.06575433
    0.08596779
    0.07128530
    0.09491779
    0.06241170
    0.07556501
    0.08421697
    0.05367305
