           1           2   1.02309438758556     
           2           3  0.882974144541897     
           3           4   1.31391292087447     
           4           5   1.49783396581410     
           4           6   1.31538068917714     
           6           7  0.882957402939474     
           7           8   1.02249310138894     
           4           9  0.985472097063353     
           5           9  0.139619749303008     
           9          10  0.980539916534388     
          10          11  0.991185203654164     
          11          12  0.974742317184454     
          11          13  0.134257674813725     
          12          13   1.53773409221927     
          12          14   1.32342910601316     
          14          15  0.882189532983494     
          15          16   1.01846761065515     
          12          17   1.36561762887334     
          17          18  0.856228575897885     
          18          19   1.02233698343557     
           1          20  0.975162362545284     
           1          21  0.969539508828206     
           1          22  0.981513711787693     
           2          23  0.963647952257344     
           2          24  0.968611130762703     
           7          25  0.965633911848413     
           7          26  0.965865537471843     
           8          27  0.975340213576466     
           8          28  0.976317257525854     
           8          29  0.982040530207143     
          10          30  0.946886874534971     
          10          31  0.953869287554400     
          15          32  0.970165198138085     
          15          33  0.968294552922071     
          16          34  0.983612387131700     
          16          35  0.981872859029435     
          16          36  0.975194949535986     
          18          37  0.966552806004985     
          18          38  0.966358887294885     
          19          39  0.973352497722197     
          19          40  0.981701821509232     
          19          41  0.980440029533902     
