           1           2   1.02148834146421     
           2           3  0.865360751701765     
           3           4   1.34895323121999     
           4           5   1.53757590379865     
           4           6   1.33975496890317     
           6           7  0.885290386695543     
           7           8   1.01699846054096     
           4           9  0.956637507200272     
           5           9  0.138826323172053     
           9          10  0.975588032092686     
          10          11  0.994931181961878     
          11          12  0.958698875945696     
          11          13  0.146708243465895     
          12          13   1.49213882300626     
          12          14   1.33556250931392     
          14          15  0.886726697362861     
          15          16   1.02118108059691     
          12          17   1.31962253731355     
          17          18  0.888706748364807     
          18          19   1.02154354462929     
           1          20  0.974645884354926     
           1          21  0.983275954073946     
           1          22  0.980532351876202     
           2          23  0.963098630916974     
           2          24  0.966636619223693     
           7          25  0.968044721957699     
           7          26  0.970169733297392     
           8          27  0.983391694400528     
           8          28  0.975827430270643     
           8          29  0.981836390612731     
          10          30  0.958819074893420     
          10          31  0.943438808584735     
          15          32  0.965655111687003     
          15          33  0.964797886158215     
          16          34  0.981550566381513     
          16          35  0.973969231456648     
          16          36  0.976148616912051     
          18          37  0.965602324895121     
          18          38  0.963107319412759     
          19          39  0.983003941771857     
          19          40  0.975665999535230     
          19          41  0.976801579386657     
