   -0.12690712
    0.06889599
   -0.25410367
    0.35393613
   -0.45447696
   -0.26283097
    0.08759466
   -0.13041516
   -0.15182834
    0.04496318
   -0.12518766
    0.36683999
   -0.47389169
   -0.25366344
    0.07390797
   -0.13332550
   -0.25478291
    0.08057275
   -0.13472270
    0.08733489
    0.05445050
    0.06320634
    0.09932129
    0.07777912
    0.07310498
    0.06809436
    0.06743251
    0.06609411
    0.08864819
    0.11164147
    0.06604704
    0.08604508
    0.07492364
    0.07146677
    0.09331285
    0.06740703
    0.05579187
    0.07328696
    0.08505396
    0.08034844
    0.06863404
