   -0.13223457
    0.08343504
   -0.25973071
    0.36389208
   -0.47516691
   -0.25708911
    0.08398135
   -0.12267364
   -0.11442136
    0.03576320
   -0.12693656
    0.36207234
   -0.46833332
   -0.26352724
    0.07307077
   -0.13395883
   -0.24958243
    0.08191357
   -0.12843238
    0.07526944
    0.08474784
    0.06748575
    0.06524030
    0.06021217
    0.05754401
    0.08560085
    0.08267838
    0.07301753
    0.05515673
    0.07585539
    0.12119799
    0.08867899
    0.07046645
    0.07179168
    0.08861438
    0.06456694
    0.08607389
    0.05473664
    0.07619493
    0.08206730
    0.06076111
