   -0.12711899
    0.07835240
   -0.25900630
    0.37991286
   -0.47822811
   -0.25659656
    0.07295987
   -0.12905703
   -0.14488004
    0.03268854
   -0.15525929
    0.37880882
   -0.45312560
   -0.26571366
    0.07822196
   -0.12704347
   -0.25642788
    0.09033896
   -0.12683186
    0.08474466
    0.05516715
    0.07348511
    0.09027428
    0.06219483
    0.09544848
    0.06579271
    0.05010533
    0.07193392
    0.08895164
    0.11001529
    0.11239783
    0.09039569
    0.06459013
    0.08520896
    0.05780676
    0.06980176
    0.05485807
    0.06938341
    0.05955679
    0.08357471
    0.07231787
