           1           2   1.01401790089751     
           2           3  0.906235968234357     
           3           4   1.16883202842765     
           3           5  0.174726342703122     
           4           5   1.71509662722025     
           4           6  0.971860349957371     
           6           7  0.990902926602905     
           7           8  0.935572033763553     
           7           9  0.955975594138710     
           9          10   1.64184181782206     
           9          11   1.22983141414410     
          10          11  0.163733438457483     
          11          12  0.894717918533976     
          12          13   1.01403261831266     
           7          14  0.959565229761611     
          10          15  0.137853538284426     
          14          15  0.958427399622537     
          14          16  0.126758228900335     
          15          16   1.51870679418273     
          15          17   1.28288733808882     
          17          18  0.903320745861897     
          15          19   1.30346073050751     
          19          20  0.910323776942299     
           1          21  0.985171719334887     
           1          22  0.978336888487189     
           1          23  0.984830079139237     
           2          24  0.968713907444345     
           2          25  0.969003633611079     
           6          26  0.957618961922042     
           6          27  0.928856795909459     
          12          28  0.969510590396391     
          12          29  0.965620177405299     
          13          30  0.984390577884491     
          13          31  0.977062489600446     
          13          32  0.983645340595960     
          18          33  0.978390129199488     
          18          34  0.970791416858595     
          18          35  0.972761429524123     
          20          36  0.977292546733781     
          20          37  0.970680792677893     
          20          38  0.976757096244785     
