   -0.12800047
    0.06279308
   -0.25715878
    0.37225652
   -0.45889756
   -0.09373115
    0.00482415
    0.12985188
    0.37636860
   -0.43150267
   -0.24045188
    0.06918119
   -0.12011222
   -0.12110840
    0.34967300
   -0.47889492
   -0.25387082
    0.01386088
   -0.28376774
    0.01916806
    0.05585492
    0.07702901
    0.06458365
    0.06596892
    0.09232140
    0.08104422
    0.12211650
    0.09859725
    0.07223331
    0.04640779
    0.06590989
    0.08198442
    0.11043704
    0.09069971
    0.08736824
    0.07026565
    0.08404889
    0.10264848
