   -0.13011937
    0.07486793
   -0.26032879
    0.37502191
   -0.48823553
   -0.26548670
    0.08913589
   -0.13094964
   -0.09642332
    0.02935010
   -0.13427169
    0.36890948
   -0.46200438
   -0.26845355
    0.08039386
   -0.11696737
   -0.26202960
    0.08121101
   -0.13268414
    0.08677628
    0.07279010
    0.05322887
    0.06383746
    0.09267960
    0.05076952
    0.07761198
    0.08397829
    0.07518102
    0.06024424
    0.13257708
    0.08536685
    0.07496403
    0.08596708
    0.05392165
    0.08515102
    0.05754907
    0.06070632
    0.06766392
    0.06783688
    0.08490731
    0.07535532
