   -0.12601966
    0.06555464
   -0.23043885
    0.37700136
   -0.46324964
   -0.10799647
    0.00358692
    0.14289211
    0.37372110
   -0.46475356
   -0.25856730
    0.07774625
   -0.13737233
   -0.12155917
    0.34382057
   -0.47700411
   -0.25610089
    0.04243843
   -0.29681704
    0.02164535
    0.07631431
    0.04892965
    0.07812837
    0.06181403
    0.09712799
    0.13094956
    0.14054998
    0.06484969
    0.06065017
    0.07261784
    0.08113726
    0.07836572
    0.09868152
    0.06992909
    0.07168805
    0.07440417
    0.09965859
    0.08567628
