           1           2   1.01319611583719     
           2           3  0.901721522477589     
           3           4   1.23315375204153     
           3           5  0.161806905583019     
           4           5   1.60525961690578     
           4           6  0.983176845763325     
           6           7   1.00222648066887     
           7           8  0.918580197015171     
           7           9  0.951596526343807     
           9          10   1.69696697951840     
           9          11   1.18803635269700     
          10          11  0.173658545533973     
          11          12  0.902510480048216     
          12          13   1.01730599000003     
           7          14  0.959139443199071     
           5          15  0.142676862189947     
          14          15  0.993604553345921     
          14          16  0.134478891664282     
          15          16   1.48752374965514     
          15          17   1.29025361121625     
          17          18  0.914688037212303     
          15          19   1.28166439984637     
          19          20  0.902312533912068     
           1          21  0.982866544399617     
           1          22  0.985516210008954     
           1          23  0.978339055996222     
           2          24  0.968903305965256     
           2          25  0.966429004068826     
           6          26  0.937016361651251     
           6          27  0.930637484265821     
          12          28  0.969058851616542     
          12          29  0.966182794398092     
          13          30  0.983360658753715     
          13          31  0.977553919993171     
          13          32  0.982256779171043     
          18          33  0.971227226832731     
          18          34  0.978859936745032     
          18          35  0.974238984996573     
          20          36  0.978691381567875     
          20          37  0.974592302195655     
          20          38  0.978465088759141     
