           1           2   1.01315507917110     
           2           3  0.903562446866114     
           3           4   1.22482234072948     
           3           5  0.158930954302228     
           4           5   1.60556611393605     
           4           6  0.984105092042090     
           6           7   1.00817222572977     
           7           8  0.921224947750084     
           7           9  0.952589188868788     
           9          10   1.69391949830719     
           9          11   1.20255935314948     
          10          11  0.178806852687001     
          11          12  0.902141329695295     
          12          13   1.01484363635860     
           7          14  0.946776318340867     
           5          15  0.192319959382375     
          14          15  0.997693676315129     
          14          16  0.132184704786077     
          15          16   1.45769954682749     
          15          17   1.28974393455010     
          17          18  0.910297742591639     
          15          19   1.25422237429198     
          19          20  0.922397701391574     
           1          21  0.978315116567373     
           1          22  0.983466992422288     
           1          23  0.985455142550087     
           2          24  0.970378233500449     
           2          25  0.966104773386598     
           6          26  0.933212861725719     
           6          27  0.939321004380047     
          12          28  0.969436049186597     
          12          29  0.966473566450441     
          13          30  0.983651134534957     
          13          31  0.984378496898108     
          13          32  0.977855876762074     
          18          33  0.978548915878591     
          18          34  0.972185388495732     
          18          35  0.972801974570339     
          20          36  0.978333019003275     
          20          37  0.973606829887001     
          20          38  0.974663466988561     
