   -0.13676429
    0.06938804
   -0.24805280
    0.36970957
   -0.47868088
   -0.10163947
    0.01376325
    0.09767247
    0.37840598
   -0.47033884
   -0.24635842
    0.07677112
   -0.12405426
   -0.12969703
    0.37022322
   -0.47965242
   -0.26504038
    0.01117106
   -0.25181461
    0.01261156
    0.07043978
    0.07672334
    0.07890812
    0.07224782
    0.06555666
    0.12658427
    0.12119237
    0.06531507
    0.07733684
    0.06097617
    0.07956490
    0.06942691
    0.08933371
    0.07641590
    0.11083512
    0.11220134
    0.08595634
    0.09336248
