   -0.13666980
    0.07577289
   -0.23315042
    0.37428418
   -0.44710779
   -0.10508240
    0.00098721
    0.14317832
    0.37389947
   -0.46272011
   -0.25136297
    0.07205673
   -0.13190243
   -0.12648334
    0.34763750
   -0.46932702
   -0.26953374
    0.04183733
   -0.30066551
    0.02224261
    0.07272717
    0.08001911
    0.07905089
    0.06915505
    0.06041608
    0.13305945
    0.13285529
    0.08683159
    0.06161445
    0.07417670
    0.07932616
    0.05794107
    0.09507338
    0.07203542
    0.06923594
    0.07967147
    0.07651376
    0.10240631
