           1           2   1.01904236280394     
           2           3  0.902415366735222     
           3           4   1.22472164673621     
           3           5  0.160340041406954     
           4           5   1.60581212274216     
           4           6  0.984657362643232     
           6           7   1.00998049937933     
           7           8  0.923415074464745     
           7           9  0.954079139304659     
           9          10   1.69424920215081     
           9          11   1.19725597974296     
          10          11  0.177209508711292     
          11          12  0.903835575814889     
          12          13   1.01283326249050     
           7          14  0.943247786278316     
           5          15  0.189089121294655     
          14          15  0.980591171718349     
          14          16  0.122503352348455     
          15          16   1.49940628304305     
          15          17   1.26377324205846     
          17          18  0.915147650783818     
          15          19   1.26820605598230     
          19          20  0.904011938394783     
           1          21  0.983327348609122     
           1          22  0.981940614077997     
           1          23  0.978169428985345     
           2          24  0.965647511146608     
           2          25  0.969001072800702     
           6          26  0.937973418100383     
           6          27  0.930422058187880     
          12          28  0.967992056945806     
          12          29  0.969802357384983     
          13          30  0.983142690757254     
          13          31  0.978086500721036     
          13          32  0.985050185939669     
          18          33  0.972222833640421     
          18          34  0.976854890126735     
          18          35  0.973386403266570     
          20          36  0.973338424396452     
          20          37  0.979366503433047     
          20          38  0.974239643140142     
