           1           2   1.01932437610189     
           2           3   1.00767641991405     
           3           4   1.00478848113454     
           4           5   1.00472651794562     
           5           6  0.924113128518654     
           6           7   1.16178770989990     
           6           8  0.167975098414188     
           7           8   1.68836208337359     
           7           9   1.00056044599399     
           1          10  0.986840629903412     
           1          11  0.987587799072335     
           1          12  0.987598142232352     
           2          13  0.978117863154729     
           2          14  0.978114086217172     
           3          15  0.976701434295296     
           3          16  0.976664567053600     
           4          17  0.974388302427868     
           4          18  0.974281200718219     
           5          19  0.968110259055187     
           5          20  0.968398891097493     
           9          21  0.942919838644569     
           9          22  0.971636373567957     
           9          23  0.971897240652933     
