           1           2   1.02163986880128     
           2           3  0.879653179805808     
           3           4   1.28668203097646     
           4           5   1.55093316559838     
           4           6   1.32201748523219     
           6           7  0.870158661653147     
           7           8   1.02284337823001     
           4           9  0.984764621845528     
           5           9  0.124810269649166     
           9          10  0.984955106064755     
          10          11  0.984321180076623     
          11          12  0.981268835358379     
          11          13  0.125281201726750     
          12          13   1.55006753209836     
          12          14   1.28256910160519     
          14          15  0.883592846419644     
          15          16   1.02209375784274     
          12          17   1.33187261370349     
          17          18  0.867543666842368     
          18          19   1.02229466226377     
           1          20  0.981197267922248     
           1          21  0.975460528143136     
           1          22  0.980338108709842     
           2          23  0.968238423036568     
           2          24  0.965419694145792     
           7          25  0.963485043852328     
           7          26  0.966280949701263     
           8          27  0.974424665120896     
           8          28  0.982376980333730     
           8          29  0.974904897612487     
          10          30  0.955696161345029     
          10          31  0.957572873802116     
          15          32  0.964104567275339     
          15          33  0.966967818933059     
          16          34  0.976230675717287     
          16          35  0.975757469341579     
          16          36  0.982901281582026     
          18          37  0.966436557740030     
          18          38  0.965578332248933     
          19          39  0.982692554879047     
          19          40  0.972806404190501     
          19          41  0.973270402175695     
