   -0.13070232
    0.06351192
   -0.24945914
    0.37170228
   -0.47461208
   -0.10329378
    0.01222028
    0.09522944
    0.37777297
   -0.46366472
   -0.24636151
    0.07484645
   -0.11974898
   -0.11115941
    0.38238242
   -0.46717847
   -0.28354305
    0.02204479
   -0.26418494
    0.01512915
    0.05584367
    0.07238403
    0.07808492
    0.09354354
    0.06386075
    0.12491066
    0.12327482
    0.08835810
    0.06971764
    0.05267854
    0.06162380
    0.08017981
    0.10827534
    0.07325913
    0.07406251
    0.08292921
    0.11337728
    0.08270493
