   -0.13025503
    0.08134665
   -0.26385870
    0.36940900
   -0.48387413
   -0.25819646
    0.06955137
   -0.12619212
   -0.11543802
    0.03269866
   -0.14121488
    0.36339758
   -0.47725729
   -0.25932362
    0.08706724
   -0.12404354
   -0.26417876
    0.07517288
   -0.12731352
    0.08905801
    0.06821743
    0.06730343
    0.07033902
    0.08558030
    0.07729342
    0.09782947
    0.08755984
    0.06173578
    0.05618761
    0.08260904
    0.13019734
    0.08704587
    0.05507367
    0.07414820
    0.08327448
    0.05371098
    0.09241875
    0.06131710
    0.05022455
    0.07364041
    0.08773798
