           1           2   1.02264997441229     
           2           3  0.862573161629738     
           3           4   1.35293904429379     
           4           5   1.52563536703981     
           4           6   1.32482175681392     
           6           7  0.883912298961898     
           7           8   1.02310845265376     
           4           9  0.964833711242382     
           5           9  0.142285809518621     
           9          10  0.983588582587793     
          10          11  0.990255098043567     
          11          12  0.990921583836273     
          11          13  0.142986172140388     
          12          13   1.49162709471462     
          12          14   1.33047280750046     
          14          15  0.884267832897655     
          15          16   1.01826710796518     
          12          17   1.32379388217614     
          17          18  0.862306188432680     
          18          19   1.02449023736468     
           1          20  0.978537727213760     
           1          21  0.973645368990165     
           1          22  0.973899468604536     
           2          23  0.965884328265649     
           2          24  0.970535501146947     
           7          25  0.966845428041532     
           7          26  0.962820364242759     
           8          27  0.975813981912740     
           8          28  0.982920272759930     
           8          29  0.976293503738831     
          10          30  0.943913254613822     
          10          31  0.958415461196821     
          15          32  0.971532311836673     
          15          33  0.965907923056638     
          16          34  0.981666843355766     
          16          35  0.975483059822808     
          16          36  0.983502924496212     
          18          37  0.962757961806029     
          18          38  0.969772629924448     
          19          39  0.974400912096347     
          19          40  0.974598300926007     
          19          41  0.982428405010527     
