           1           2   1.02202577850850     
           2           3  0.878181222241225     
           3           4   1.28160594517330     
           4           5   1.56198233672729     
           4           6   1.31915839794050     
           6           7  0.870128776834274     
           7           8   1.01852994488070     
           4           9  0.987004669604437     
           5           9  0.126284397047052     
           9          10  0.982324786029517     
          10          11  0.989185444647432     
          11          12  0.981795079829289     
          11          13  0.132671664035385     
          12          13   1.51410375122516     
          12          14   1.31788721567584     
          14          15  0.880485910318870     
          15          16   1.02258342216951     
          12          17   1.32466182028261     
          17          18  0.888174739643376     
          18          19   1.02233922573170     
           1          20  0.981344653384936     
           1          21  0.981467966333487     
           1          22  0.975652907100393     
           2          23  0.968342715984271     
           2          24  0.965793481606428     
           7          25  0.967687343696666     
           7          26  0.968926977439155     
           8          27  0.982308191919817     
           8          28  0.973833352232042     
           8          29  0.982650748180839     
          10          30  0.955883885034300     
          10          31  0.955054568153051     
          15          32  0.966326577987781     
          15          33  0.967094870938715     
          16          34  0.982195380953137     
          16          35  0.975964914037804     
          16          36  0.975583577086863     
          18          37  0.964480742526497     
          18          38  0.967769142010031     
          19          39  0.981644744468310     
          19          40  0.976149593299337     
          19          41  0.975784045607772     
