           1           2   1.02228693474627     
           2           3  0.889522277605722     
           3           4   1.32305836029524     
           4           5   1.49591168686215     
           4           6   1.32830782170147     
           6           7  0.878653668347511     
           7           8   1.02171197765475     
           4           9   1.00565411269581     
           5           9  0.132910585860372     
           9          10  0.987860237674906     
          10          11  0.980718255814591     
          11          12  0.948875167595360     
          11          13  0.137874253752736     
          12          13   1.55208342886017     
          12          14   1.35288598047078     
          14          15  0.865634408322675     
          15          16   1.02032342951879     
          12          17   1.31006779816033     
          17          18  0.889113390849822     
          18          19   1.02163188092488     
           1          20  0.976275007962444     
           1          21  0.981012116292956     
           1          22  0.975218447014480     
           2          23  0.968345925033062     
           2          24  0.964247231933235     
           7          25  0.964894896416334     
           7          26  0.965377076411083     
           8          27  0.981910907434712     
           8          28  0.978713653963027     
           8          29  0.975661021437285     
          10          30  0.958019643600624     
          10          31  0.944418314800965     
          15          32  0.963244085941732     
          15          33  0.966473783771141     
          16          34  0.974172921158473     
          16          35  0.982914953384296     
          16          36  0.979600059297749     
          18          37  0.964209366242711     
          18          38  0.968951345399367     
          19          39  0.975603241451126     
          19          40  0.981129600523446     
          19          41  0.976268157021995     
