           1           2   1.02050087952277     
           2           3  0.868173635083505     
           3           4   1.34098998032058     
           4           5   1.55469706545481     
           4           6   1.32883006633199     
           6           7  0.882865684992926     
           7           8   1.02253466906543     
           4           9  0.944027918664556     
           5           9  0.135499180538801     
           9          10  0.992969497150768     
          10          11  0.979681854269895     
          11          12  0.977715502540275     
          11          13  0.124218687668560     
          12          13   1.54205975919459     
          12          14   1.33563542147503     
          14          15  0.869111794868275     
          15          16   1.02297883672462     
          12          17   1.29522037586997     
          17          18  0.881417146080804     
          18          19   1.02256844808667     
           1          20  0.983297278185370     
           1          21  0.980603900881460     
           1          22  0.974995900676161     
           2          23  0.966862956296262     
           2          24  0.967542397295712     
           7          25  0.964559354400474     
           7          26  0.969075585993521     
           8          27  0.975374772386518     
           8          28  0.980965390433967     
           8          29  0.975411969598128     
          10          30  0.947847934651078     
          10          31  0.956352197889854     
          15          32  0.968078819481226     
          15          33  0.964009843893159     
          16          34  0.976388571751241     
          16          35  0.975314595399442     
          16          36  0.981866019935188     
          18          37  0.964536715763774     
          18          38  0.964497156571527     
          19          39  0.976087778678758     
          19          40  0.982878413527888     
          19          41  0.977824061742566     
