   -0.12621483
    0.08043289
   -0.25266281
    0.38037734
   -0.45177304
   -0.25705738
    0.07243136
   -0.13395714
   -0.16259312
    0.03955049
   -0.12987401
    0.38023776
   -0.47888219
   -0.25851369
    0.07703224
   -0.12743948
   -0.25331509
    0.07382513
   -0.12913086
    0.07460792
    0.05843137
    0.07910147
    0.05230033
    0.08153073
    0.09325321
    0.07127209
    0.08769686
    0.06891827
    0.07045846
    0.09642974
    0.09340907
    0.09124292
    0.06263068
    0.08382917
    0.05233426
    0.07411693
    0.09456607
    0.06403740
    0.07018822
    0.08461261
    0.05255864
