           1           2   1.02200419347637     
           2           3  0.884706782693044     
           3           4   1.32558474133558     
           4           5   1.51683239713803     
           4           6   1.31026746897218     
           6           7  0.882941400852958     
           7           8   1.02173186983723     
           4           9   1.01859525479352     
           5           9  0.131300055429143     
           9          10  0.972569833157805     
          10          11  0.997405221651491     
          11          12  0.965060452657625     
          11          13  0.135057808363663     
          12          13   1.52498756104936     
          12          14   1.35924089015226     
          14          15  0.856976563997272     
          15          16   1.02263557141490     
          12          17   1.32892417033288     
          17          18  0.880875520234485     
          18          19   1.01813416038956     
           1          20  0.982029770409669     
           1          21  0.978161323803769     
           1          22  0.975791300072614     
           2          23  0.967611914410441     
           2          24  0.964088390965534     
           7          25  0.967475431877257     
           7          26  0.967164919250516     
           8          27  0.976484936503034     
           8          28  0.976396620629417     
           8          29  0.981964422002324     
          10          30  0.958972676065134     
          10          31  0.948021311289494     
          15          32  0.965468083490451     
          15          33  0.969066511751750     
          16          34  0.983033908448301     
          16          35  0.973590561775494     
          16          36  0.979780421263931     
          18          37  0.969545141611668     
          18          38  0.970115229106997     
          19          39  0.983305771448829     
          19          40  0.974971457538795     
          19          41  0.981931357993567     
