           1           2   1.01288523477106     
           2           3  0.908654955929324     
           3           4   1.20401424876091     
           3           5  0.180620826510885     
           4           5   1.68977084965158     
           4           6  0.962533003968688     
           6           7  0.966675030223335     
           7           8  0.945279217682807     
           7           9  0.949351873926680     
           9          10   1.65204679308852     
           9          11   1.22810604946590     
          10          11  0.171039837059376     
          11          12  0.897056651735490     
          12          13   1.01220227176540     
           7          14  0.959293839368093     
          14          15  0.981689063063975     
          14          16  0.129852920049520     
          15          16   1.52602110159366     
          15          17   1.29000705771330     
          17          18  0.911427503841193     
          15          19   1.33187125002891     
          19          20  0.885722965815928     
           1          21  0.978476908671661     
           1          22  0.985714328904968     
           1          23  0.983317364199585     
           2          24  0.966594616071963     
           2          25  0.969870006900959     
           6          26  0.959870941855544     
           6          27  0.952777175267180     
          12          28  0.964685811911080     
          12          29  0.971212982872392     
          13          30  0.977714561815103     
          13          31  0.982425218868771     
          13          32  0.983424645111622     
          18          33  0.972054271692544     
          18          34  0.975683687957081     
          18          35  0.976418595562829     
          20          36  0.972006841288517     
          20          37  0.972202885382830     
          20          38  0.976470898920435     
