$coord
          8.391353888298         -0.511005903579         -0.005062967747     c 
          5.953351003594          1.022480334472          0.000645651327     c 
          3.617713664983         -0.672301564508          0.005153510376     c 
          1.166850823862          0.850286205609         -0.001140247410     c 
         -1.166391632550         -0.847693619526          0.003508379404     c 
         -3.618036597415          0.673600029412          0.003099177391     c 
         -5.952518065119         -1.022789656343         -0.003237824316     c 
         -8.392269578251          0.507822370523         -0.002314541445     c 
         10.027379622662          0.731572652801         -0.011681111732     h 
          8.490948037336         -1.708717600412          1.662159641932     h 
          8.480605337047         -1.713026013816         -1.669909743665     h 
          5.912351451950          2.240733101041          1.666629693801     h 
          5.905475485662          2.241180733465         -1.664779245427     h 
          3.663037111799         -1.897018294966         -1.656538886988     h 
          3.661523461345         -1.886434097149          1.674623267636     h 
          1.121497789795          2.075954271542          1.659836958225     h 
          1.122863675019          2.064060903524         -1.670903187714     h 
         -1.120021517553         -2.065060525277          1.670602787996     h 
         -1.122724928505         -2.069938819744         -1.660105561981     h 
         -3.661318872054          1.896049745977         -1.660219690468     h 
         -3.665601442511          1.889808041071          1.670830142815     h 
         -5.908605033028         -2.244878882551          1.659581949723     h 
         -5.904976560973         -2.237378490338         -1.671419828207     h 
        -10.026903089524         -0.736707176155         -0.008565696304     h 
         -8.485377340100          1.712450870432         -1.664893327805     h 
         -8.490790830279          1.702604334132          1.666992321439     h 
$end
