           1           2   1.01380511222928     
           2           3  0.909004529369973     
           3           4   1.19216150652502     
           3           5  0.179155793673720     
           4           5   1.70065742442341     
           4           6  0.967277288627468     
           6           7  0.994981024840905     
           7           8  0.924803228434798     
           7           9  0.955293509392791     
           9          10   1.66163098484280     
           9          11   1.22123502228447     
          10          11  0.173751506671809     
          11          12  0.896624255819142     
          12          13   1.01939726127079     
           7          14  0.955143538338505     
          14          15  0.978516266036974     
          14          16  0.132899276876307     
          15          16   1.53057621616625     
          15          17   1.33244305959794     
          17          18  0.889041445973623     
          15          19   1.28565674572049     
          19          20  0.913381265899170     
           1          21  0.979054720188115     
           1          22  0.985255181611741     
           1          23  0.984062309159424     
           2          24  0.967849046935123     
           2          25  0.969641926818168     
           6          26  0.928535852700817     
           6          27  0.959869775693842     
          12          28  0.965917588072575     
          12          29  0.968833650346714     
          13          30  0.983153926518548     
          13          31  0.981996458885730     
          13          32  0.977335612931842     
          18          33  0.971324326383594     
          18          34  0.977326607446741     
          18          35  0.975183018911123     
          20          36  0.977627664471104     
          20          37  0.971752564065280     
          20          38  0.976941765346645     
