$coord
          5.169466865980          0.336750455792          1.301905758951     c 
          3.649482842668         -0.376548044789         -1.052422090473     c 
          0.865517841035         -0.148799259061         -0.561372312748     c 
         -0.302867355071          2.208940615475         -0.441811875287     c 
         -2.861988257394          2.333802197585          0.071628106998     c 
         -4.182546664609          0.100352453921          0.447954941790     c 
         -2.857861183793         -2.150277363770          0.282968108078     c 
         -0.408014100228         -2.282960231322         -0.206189351372     n 
          4.683681301611         -0.907374870379          2.862898110739     h 
          4.770451080797          2.272531274681          1.864809749761     h 
          7.180099593282          0.162499938867          0.923405194698     h 
          4.065599655208         -2.323018826433         -1.578810354587     h 
          4.175404826164          0.868464243154         -2.610724558723     h 
          0.787169779178          3.903654041748         -0.755653515043     h 
         -3.815520309584          4.135621792025          0.173642602859     h 
         -6.179350058995          0.104930595279          0.852069333251     h 
         -3.791148538393         -3.950277752109          0.551613148116     h 
$end
