   -0.12741715
    0.07765972
   -0.25971741
    0.37931786
   -0.47515693
   -0.25874264
    0.07427335
   -0.12592596
   -0.14459721
    0.03354148
   -0.15058577
    0.36739546
   -0.45525044
   -0.26001627
    0.08021043
   -0.12953066
   -0.25787731
    0.08721450
   -0.12638170
    0.08507604
    0.05455709
    0.07306712
    0.09120547
    0.06359743
    0.09524238
    0.06486685
    0.04644576
    0.07081141
    0.08768445
    0.11245375
    0.11192457
    0.08528548
    0.05607316
    0.06246114
    0.07194864
    0.08385963
    0.06305712
    0.07842027
    0.05712272
    0.08570840
    0.07071778
