   -0.12984695
    0.06713484
   -0.25684714
    0.37491406
   -0.48137236
   -0.09392873
    0.00822353
    0.11716359
    0.37061420
   -0.45898158
   -0.25748956
    0.07099376
   -0.11822623
   -0.11977880
    0.38560013
   -0.47363573
   -0.25270044
    0.00609226
   -0.26066983
    0.00946006
    0.07083311
    0.05692084
    0.07677460
    0.06133035
    0.08640898
    0.08805693
    0.11769955
    0.06540772
    0.09691240
    0.04971982
    0.07942973
    0.06107707
    0.09255156
    0.11394775
    0.09477113
    0.09014431
    0.11318220
    0.07811286
