           1           2   1.01430994641931     
           2           3   1.01574899019182     
           2           4   1.00294195979313     
           4           5  0.988130962230423     
           5           6   1.02708219163514     
           6           7   1.82696160142207     
           7           8   1.01015440297033     
           8           9   1.40638318100179     
           9          10   1.43875268057027     
           8          11  0.107155331918793     
          10          11   1.43892891771190     
           9          12  0.106946348184089     
          11          12   1.43648217022334     
           8          13   1.36769139699812     
          10          13  0.106613773616696     
          12          13   1.42250060182929     
          13          14   1.01324384221679     
          14          15  0.990727452428061     
          15          16   1.01106332749433     
           7          17   1.02725890141701     
          16          17   1.37920783107833     
          17          18   1.37755809752459     
          16          19  0.105449551427218     
          18          19   1.46128293023548     
          17          20  0.101408237323911     
          19          20   1.41793898717602     
          16          21   1.40414153872471     
          18          21  0.108165248244467     
          20          21   1.45689886223109     
           1          22  0.982078876384172     
           1          23  0.974251718180554     
           1          24  0.981687990105124     
           3          25  0.979964608075444     
           3          26  0.982322233083606     
           3          27  0.973431783220650     
           4          28  0.973585013158821     
           4          29  0.964055426327900     
           5          30  0.957135144408659     
           5          31  0.970843800492075     
           6          32  0.963713638444685     
           9          33  0.970029807737153     
          10          34  0.970665465583073     
          11          35  0.971151735835304     
          12          36  0.968077694708531     
          14          37  0.974738805388526     
          14          38  0.966520968476532     
          15          39  0.959251619030482     
          15          40  0.963466837552026     
          18          41  0.968416924723442     
          19          42  0.970387855312715     
          20          43  0.970814505330229     
          21          44  0.968767412606928     
