           1           2   1.02169056089257     
           2           3  0.882875104375418     
           3           4   1.28727668025873     
           4           5   1.55132720567910     
           4           6   1.31546527312350     
           6           7  0.865908563583692     
           7           8   1.01828972410589     
           4           9  0.985426569140463     
           5           9  0.125404312565247     
           9          10  0.986491545978727     
          10          11  0.984275761005476     
          11          12   1.00379132869093     
          11          13  0.142813890031517     
          12          13   1.49612164885045     
          12          14   1.33041808750929     
          14          15  0.866598259563262     
          15          16   1.02394348133504     
          12          17   1.32742121870500     
          17          18  0.884536199697045     
          18          19   1.01818514144320     
           1          20  0.976601314625688     
           1          21  0.975852320259453     
           1          22  0.982515772884036     
           2          23  0.965400184589256     
           2          24  0.966824930730395     
           7          25  0.968353068634757     
           7          26  0.966185182935308     
           8          27  0.983001518405890     
           8          28  0.982941108621554     
           8          29  0.973693024227661     
          10          30  0.954128126508444     
          10          31  0.943483746286422     
          15          32  0.969620140409244     
          15          33  0.965438787636523     
          16          34  0.974523970926819     
          16          35  0.975293044834591     
          16          36  0.982582669180394     
          18          37  0.964807341992766     
          18          38  0.971512849841108     
          19          39  0.982098155208356     
          19          40  0.983926865652548     
          19          41  0.975577327921864     
