   -0.13005294
    0.07632306
   -0.27241768
    0.34826675
   -0.44340456
   -0.25741075
    0.08672622
   -0.12538169
   -0.14962892
    0.03126664
   -0.11177148
    0.37793542
   -0.48870786
   -0.26318132
    0.07048535
   -0.13647407
   -0.25657060
    0.08373246
   -0.13034043
    0.07379551
    0.05527203
    0.08749134
    0.06239894
    0.09025004
    0.06380868
    0.07434425
    0.07049138
    0.06074718
    0.08809688
    0.12951836
    0.08485223
    0.09446592
    0.07516918
    0.07254161
    0.09225507
    0.07052539
    0.07995151
    0.04500266
    0.07944282
    0.07938177
    0.06080368
