           1           2   1.02142286251431     
           2           3  0.887157756688896     
           3           4   1.30568821797169     
           4           5   1.54327771366577     
           4           6   1.34998683690752     
           6           7  0.865220674017151     
           7           8   1.02069473098218     
           4           9  0.967701614925277     
           5           9  0.136844582229677     
           9          10  0.976491048268189     
          10          11  0.991250257634680     
          11          12  0.969182492066129     
          11          13  0.135161480177130     
          12          13   1.51638993745889     
          12          14   1.36975219569692     
          14          15  0.857215683351214     
          15          16   1.02456849927348     
          12          17   1.30810845592035     
          17          18  0.891343031568035     
          18          19   1.01866912522233     
           1          20  0.981141411450477     
           1          21  0.974893149982772     
           1          22  0.975887482485696     
           2          23  0.969759907761439     
           2          24  0.964526696822442     
           7          25  0.963472962814189     
           7          26  0.970221312922322     
           8          27  0.982655440793690     
           8          28  0.982776873045246     
           8          29  0.973844961131141     
          10          30  0.954363757004850     
          10          31  0.938661489415713     
          15          32  0.964708301683345     
          15          33  0.971279027846979     
          16          34  0.980056324650351     
          16          35  0.972004935422817     
          16          36  0.972220394008290     
          18          37  0.967086222523835     
          18          38  0.965558571032633     
          19          39  0.982136309344231     
          19          40  0.976981042324879     
          19          41  0.979238143903717     
