           1           2   1.02189023376403     
           2           3  0.874760433618450     
           3           4   1.31792966638906     
           4           5   1.51204396385376     
           4           6   1.30964058825233     
           6           7  0.884688981793498     
           7           8   1.01933826115599     
           4           9  0.983668926840847     
           5           9  0.134275065443763     
           9          10  0.985707880403922     
          10          11  0.991992508402751     
          11          12  0.940703557175681     
          11          13  0.147889506015483     
          12          13   1.50443086988158     
          12          14   1.33493034435901     
          14          15  0.887600909419940     
          15          16   1.02148080351275     
          12          17   1.32462403604450     
          17          18  0.888467090892550     
          18          19   1.02074049179702     
           1          20  0.977263387934253     
           1          21  0.975893248700203     
           1          22  0.983424816930907     
           2          23  0.967367025085018     
           2          24  0.964942640438338     
           7          25  0.961834604454785     
           7          26  0.967748182609573     
           8          27  0.981597351637110     
           8          28  0.975416066251443     
           8          29  0.982491866155239     
          10          30  0.946543038885524     
          10          31  0.952832615162093     
          15          32  0.966621604108442     
          15          33  0.964563840913340     
          16          34  0.976207369263762     
          16          35  0.976249073115714     
          16          36  0.981709635294942     
          18          37  0.963299384699662     
          18          38  0.963349302736168     
          19          39  0.976749328073227     
          19          40  0.982711323513101     
          19          41  0.977565273090896     
