           1           2   1.02054109254610     
           2           3  0.886396103763709     
           3           4   1.29117450440149     
           4           5   1.52586410676678     
           4           6   1.30456191499537     
           6           7  0.872416807511852     
           7           8   1.02367985918247     
           4           9  0.974760562112987     
           5           9  0.129947790294911     
           9          10  0.991047766585303     
          10          11  0.978630367918982     
          11          12  0.987487306360144     
          11          13  0.111679173916747     
          12          13   1.53918184797880     
          12          14   1.32204020539129     
          14          15  0.880084130910885     
          15          16   1.01785615617575     
          12          17   1.30224900598050     
          17          18  0.882416168253947     
          18          19   1.02061852686506     
           1          20  0.976295957341498     
           1          21  0.979842340796838     
           1          22  0.982834411425047     
           2          23  0.966378270352083     
           2          24  0.963869739195663     
           7          25  0.969475188552877     
           7          26  0.964566321809489     
           8          27  0.980912663837082     
           8          28  0.969479895980735     
           8          29  0.973327997992381     
          10          30  0.943040455629989     
          10          31  0.954670769761469     
          15          32  0.969493901834344     
          15          33  0.964370965234823     
          16          34  0.983945200858969     
          16          35  0.981521723074308     
          16          36  0.974900392921884     
          18          37  0.966521705696673     
          18          38  0.965557509359202     
          19          39  0.983075971780622     
          19          40  0.979193061986120     
          19          41  0.975667334279764     
