   -0.12894762
    0.08609933
   -0.26252914
    0.37389006
   -0.43465838
   -0.26181360
    0.08162875
   -0.13527821
   -0.16396891
    0.04185392
   -0.15633671
    0.37493143
   -0.45508799
   -0.25606056
    0.08306090
   -0.12802638
   -0.25661625
    0.07774650
   -0.12997558
    0.07375807
    0.08291986
    0.05916996
    0.07490093
    0.05815401
    0.06575523
    0.07349401
    0.07525998
    0.07250411
    0.09007741
    0.09862810
    0.10390996
    0.08352983
    0.06325901
    0.07347196
    0.08559364
    0.05635731
    0.05421761
    0.08840029
    0.08227148
    0.07273991
    0.06171578
