           1           2   1.02399835488089     
           2           3  0.863778621097743     
           3           4   1.35967291605701     
           4           5   1.51844267359023     
           4           6   1.31915303607443     
           6           7  0.886409621992631     
           7           8   1.02229123533426     
           4           9  0.945222967823443     
           5           9  0.141113492587544     
           9          10  0.991395132010258     
          10          11  0.987067698123087     
          11          12  0.939874886732295     
          11          13  0.139726515545153     
          12          13   1.53303589057086     
          12          14   1.34995476161637     
          14          15  0.868311411150629     
          15          16   1.02097709138195     
          12          17   1.32485581677213     
          17          18  0.883553627181257     
          18          19   1.02346482158600     
           1          20  0.972752363007998     
           1          21  0.969807054385064     
           1          22  0.982039090520330     
           2          23  0.964709519436881     
           2          24  0.970157330168345     
           7          25  0.964012560479832     
           7          26  0.962140541691786     
           8          27  0.982647384334767     
           8          28  0.975891281991818     
           8          29  0.976067667722546     
          10          30  0.945887538296931     
          10          31  0.947772377586735     
          15          32  0.963632342497730     
          15          33  0.967484824067226     
          16          34  0.983133092971784     
          16          35  0.980461341875337     
          16          36  0.974792799752765     
          18          37  0.966066904301994     
          18          38  0.962176950934140     
          19          39  0.970732099036908     
          19          40  0.975334498672925     
          19          41  0.981817801242908     
