   -0.13061514
    0.08337744
   -0.26478864
    0.36608656
   -0.47987510
   -0.25557253
    0.07577312
   -0.13151707
   -0.11354230
    0.03060229
   -0.15635291
    0.35724357
   -0.46106448
   -0.26350195
    0.08014324
   -0.13067875
   -0.25959404
    0.07506050
   -0.12911725
    0.06744645
    0.06827732
    0.08941548
    0.06848484
    0.08626512
    0.09215914
    0.05761014
    0.08627657
    0.05747252
    0.07574484
    0.07710833
    0.13294078
    0.07355512
    0.08350910
    0.06615754
    0.06603814
    0.08945290
    0.09266008
    0.06075560
    0.07657081
    0.08773106
    0.05230159
