           1           2  0.998270418753767     
           2           3  0.964595044413183     
           2           4  0.971942327895937     
           4           5  0.959497265306497     
           4           6  0.971375713134197     
           6           7  0.959499570548453     
           1           8  0.998289714515577     
           6           8  0.972024889733785     
           8           9  0.964565204230629     
           8          10  0.969862973695888     
          10          11  0.964055611491074     
           2          12  0.969863560766649     
          10          12  0.967158349026510     
          12          13  0.964045714886683     
          10          14  0.942652190133976     
          12          14  0.942686418123432     
           6          15  0.939302806287818     
          15          16  0.956930061419604     
          16          17   1.71619518047993     
           4          18  0.939361353497941     
          17          18  0.956982087149135     
          15          19  0.946009376299628     
          18          19  0.946176068217633     
          19          20  0.933221172560456     
          19          21  0.980839910495924     
          18          22  0.964227227151345     
          16          23  0.100956673094918     
          17          23   1.03847764447781     
          16          24   1.03853100174641     
          17          24  0.100968993921646     
          15          25  0.964334988972658     
           1          26  0.956048185247895     
           1          27  0.963989264420142     
