           1           2   1.02281443176484     
           2           3  0.879378234002907     
           3           4   1.31136752596086     
           4           5   1.51564662781792     
           4           6   1.32623383234960     
           6           7  0.886876617450039     
           7           8   1.02229518863054     
           4           9  0.989568508236202     
           5           9  0.132592856465228     
           9          10  0.983824341979393     
          10          11  0.991729941719111     
          11          12  0.948342512143840     
          11          13  0.147926126827955     
          12          13   1.50785098741260     
          12          14   1.31896104125497     
          14          15  0.888786028693638     
          15          16   1.02029074248154     
          12          17   1.33421925666025     
          17          18  0.886943683258218     
          18          19   1.02144292872475     
           1          20  0.977233924283675     
           1          21  0.982152035804289     
           1          22  0.975718098093245     
           2          23  0.965963999156484     
           2          24  0.967044957082172     
           7          25  0.964196140783011     
           7          26  0.967518555413851     
           8          27  0.982161060535076     
           8          28  0.976037480971572     
           8          29  0.977328460207974     
          10          30  0.953872216101786     
          10          31  0.945573831372605     
          15          32  0.964346227922648     
          15          33  0.962552608713368     
          16          34  0.983072912567841     
          16          35  0.976815643230239     
          16          36  0.978653531067419     
          18          37  0.964397195068245     
          18          38  0.966748634104406     
          19          39  0.977255507275456     
          19          40  0.982240074380163     
          19          41  0.976153105798360     
