           1           2   1.02047342284774     
           2           3  0.883883028971999     
           3           4   1.33526577379708     
           4           5   1.54437960969058     
           4           6   1.35097722030916     
           6           7  0.862644883849586     
           7           8   1.02195436470626     
           4           9  0.940414170303918     
           5           9  0.135615918790631     
           9          10  0.984010568925535     
          10          11  0.990084591795925     
          11          12  0.958583237652237     
          11          13  0.149153610362695     
          12          13   1.50322208342297     
          12          14   1.33155060828701     
          14          15  0.887361404718429     
          15          16   1.01932389616064     
          12          17   1.33857756160314     
          17          18  0.882939036994149     
          18          19   1.02186655602671     
           1          20  0.981991843009429     
           1          21  0.974836749074158     
           1          22  0.975698945069539     
           2          23  0.965216278169683     
           2          24  0.965882724144322     
           7          25  0.967642139615300     
           7          26  0.965212324710577     
           8          27  0.980376043717765     
           8          28  0.983317035622161     
           8          29  0.974167075175727     
          10          30  0.958049681568480     
          10          31  0.949686719374323     
          15          32  0.963017855159082     
          15          33  0.967530910409361     
          16          34  0.976663017437046     
          16          35  0.975859675495942     
          16          36  0.982451706662674     
          18          37  0.968293204061718     
          18          38  0.963494757965324     
          19          39  0.975832945738808     
          19          40  0.981610290716222     
          19          41  0.973292925573343     
