           1           2   1.01708523369919     
           2           3  0.884922905995136     
           3           4   1.34426937475221     
           4           5   1.54737174641536     
           4           6   1.35386087800788     
           6           7  0.863037659938038     
           7           8   1.02404513590595     
           4           9  0.936380585328121     
           5           9  0.137287225212256     
           9          10  0.997403589819312     
          10          11  0.966619326857592     
          11          12   1.00224535799437     
          11          13  0.139998467996215     
          12          13   1.48298435557829     
          12          14   1.32141776349693     
          14          15  0.891662428064731     
          15          16   1.02258963323087     
          12          17   1.33846157113318     
          17          18  0.870703291797544     
          18          19   1.02170991573767     
           1          20  0.983866512194727     
           1          21  0.981911362753096     
           1          22  0.975915456411484     
           2          23  0.970671190911702     
           2          24  0.964989418729550     
           7          25  0.963658874977123     
           7          26  0.966666817335751     
           8          27  0.977172954824452     
           8          28  0.982578943468727     
           8          29  0.974324603208343     
          10          30  0.957130399510053     
          10          31  0.955459393779890     
          15          32  0.966687104783577     
          15          33  0.964728856714642     
          16          34  0.981803983468258     
          16          35  0.973510204545968     
          16          36  0.976445792091472     
          18          37  0.965680116390532     
          18          38  0.968923700011615     
          19          39  0.981122755726609     
          19          40  0.982235847524862     
          19          41  0.975037501385024     
