   -0.13213359
    0.07535841
   -0.25942486
    0.37714842
   -0.44005789
   -0.25332843
    0.08100931
   -0.12266380
   -0.16805292
    0.03712940
   -0.13407441
    0.37712257
   -0.47090051
   -0.26078901
    0.07941157
   -0.13045231
   -0.26541592
    0.07420995
   -0.12845074
    0.06509387
    0.08584099
    0.07091333
    0.06589328
    0.09072614
    0.05639201
    0.08981729
    0.06604343
    0.05500951
    0.07700170
    0.10413833
    0.10202659
    0.06249427
    0.08319003
    0.06113237
    0.08712654
    0.07056789
    0.09175965
    0.06671568
    0.08823460
    0.05413345
    0.07010377
