           1           2   1.02137942994707     
           2           3  0.862806958533133     
           3           4   1.35479771169223     
           4           5   1.53274874015267     
           4           6   1.33289680536539     
           6           7  0.881993074198697     
           7           8   1.02372308334492     
           4           9  0.956810447491583     
           5           9  0.136576910818273     
           9          10  0.997267280181385     
          10          11  0.973302691515197     
          11          12  0.998963518729761     
          11          13  0.138414793612332     
          12          13   1.50863477070815     
          12          14   1.31820251806549     
          14          15  0.879937324679553     
          15          16   1.02348770115903     
          12          17   1.32047650338120     
          17          18  0.890329317399094     
          18          19   1.02060721470287     
           1          20  0.982578649625938     
           1          21  0.973428207766761     
           1          22  0.981231138853528     
           2          23  0.969285630462891     
           2          24  0.963068081158971     
           7          25  0.966530608515605     
           7          26  0.962430465259838     
           8          27  0.973987420516174     
           8          28  0.975679854144882     
           8          29  0.982263126762331     
          10          30  0.946553702655137     
          10          31  0.962039811314240     
          15          32  0.964870899090878     
          15          33  0.966918114875024     
          16          34  0.982331634525133     
          16          35  0.976073038550084     
          16          36  0.975661512557749     
          18          37  0.966567146379500     
          18          38  0.964631251515283     
          19          39  0.980044296805507     
          19          40  0.977622177009690     
          19          41  0.983266969528509     
