   -0.12923095
    0.07465836
   -0.26522856
    0.37828861
   -0.47950729
   -0.27018830
    0.07862520
   -0.11722764
   -0.13292922
    0.03089774
   -0.12742448
    0.35995506
   -0.46089854
   -0.26606430
    0.08379495
   -0.13381657
   -0.25604069
    0.07933489
   -0.12325979
    0.08821748
    0.07469454
    0.05354016
    0.06336585
    0.09141151
    0.09191242
    0.07173563
    0.05673124
    0.08274708
    0.05251638
    0.08425593
    0.13207459
    0.06959861
    0.05668822
    0.06793560
    0.07760694
    0.08640795
    0.07275723
    0.08762077
    0.08933525
    0.06137428
    0.06373384
