           1           2   1.02413486207055     
           2           3  0.871068193822103     
           3           4   1.31031606912311     
           4           5   1.53212154966301     
           4           6   1.31021664282691     
           6           7  0.890914876654793     
           7           8   1.02257226462515     
           4           9  0.991977139572072     
           5           9  0.106471988332798     
           9          10  0.981164185872214     
          10          11  0.989578794796910     
          11          12  0.995715761824409     
          11          13  0.133862780760702     
          12          13   1.50595793465874     
          12          14   1.32525330254923     
          14          15  0.878536363822496     
          15          16   1.02310680738966     
          12          17   1.32612913966335     
          17          18  0.883834977663007     
          18          19   1.01820103290149     
           1          20  0.982669359877020     
           1          21  0.974640337608632     
           1          22  0.975019418338686     
           2          23  0.970165746903178     
           2          24  0.964380448418495     
           7          25  0.963076664555649     
           7          26  0.965730613429209     
           8          27  0.979290711214106     
           8          28  0.976710908754724     
           8          29  0.975441343252855     
          10          30  0.955872950980412     
          10          31  0.950283353530123     
          15          32  0.965600024976376     
          15          33  0.967692670588093     
          16          34  0.975809875213888     
          16          35  0.975251537232586     
          16          36  0.981589875057748     
          18          37  0.966729867839370     
          18          38  0.971219100338803     
          19          39  0.983493390383710     
          19          40  0.975605513840200     
          19          41  0.981842331290422     
