           1           2   1.02181650481200     
           2           3  0.863258872072690     
           3           4   1.35918537522676     
           4           5   1.54084817563007     
           4           6   1.32346829439001     
           6           7  0.883975430556826     
           7           8   1.02029271635372     
           4           9  0.938096448970941     
           5           9  0.139771130471757     
           9          10  0.988216535954630     
          10          11  0.982924096084049     
          11          12  0.952271393115433     
          11          13  0.136335928255482     
          12          13   1.55204458968748     
          12          14   1.32575799758081     
          14          15  0.884319960293088     
          15          16   1.02260119422577     
          12          17   1.34478609892115     
          17          18  0.861993375216250     
          18          19   1.01907831327689     
           1          20  0.974005171238992     
           1          21  0.981246733658522     
           1          22  0.982659462888151     
           2          23  0.965653709111716     
           2          24  0.968762596764411     
           7          25  0.968344213877144     
           7          26  0.965587301204913     
           8          27  0.978492604813374     
           8          28  0.975943220091947     
           8          29  0.982718174541489     
          10          30  0.958535345666542     
          10          31  0.958428566416782     
          15          32  0.968800102280003     
          15          33  0.964650558306655     
          16          34  0.975477565221068     
          16          35  0.975720287387817     
          16          36  0.981356791156474     
          18          37  0.964872424665588     
          18          38  0.970002855512327     
          19          39  0.973415215030721     
          19          40  0.983231009038311     
          19          41  0.981398451108530     
