   -0.13047404
    0.06470951
   -0.25418321
    0.37088389
   -0.47137688
   -0.10169037
    0.01355382
    0.09735699
    0.37633149
   -0.46982595
   -0.25206764
    0.07551899
   -0.12416248
   -0.12791406
    0.37408014
   -0.47422012
   -0.26252975
    0.01048528
   -0.25275324
    0.01287633
    0.05681045
    0.07136537
    0.07695047
    0.09243522
    0.06206205
    0.12363892
    0.11984745
    0.06485361
    0.07970090
    0.05845508
    0.08000812
    0.07006814
    0.08905136
    0.07819189
    0.11216934
    0.08504279
    0.09308443
    0.11166573
