   -0.13250080
    0.07528734
   -0.27936137
    0.36971230
   -0.46554535
   -0.26750944
    0.09318319
   -0.12160081
   -0.12167445
    0.03828146
   -0.11472919
    0.38301991
   -0.49331541
   -0.26083016
    0.07367077
   -0.13369576
   -0.25687103
    0.06753574
   -0.12662756
    0.07279368
    0.09288555
    0.06294991
    0.09394710
    0.06929074
    0.05011256
    0.07618103
    0.07089779
    0.05130884
    0.07942063
    0.11327494
    0.06521657
    0.08951525
    0.07550674
    0.06745061
    0.07013276
    0.08965372
    0.07844979
    0.10081486
    0.06381239
    0.05358823
    0.08636693
