   -0.11514631
    0.07893833
   -0.26092503
    0.35867112
   -0.46990352
   -0.26830841
    0.07569418
   -0.12915389
   -0.12650960
    0.02888759
   -0.11874700
    0.36052992
   -0.47111142
   -0.25795816
    0.07641359
   -0.13130003
   -0.25682396
    0.07569555
   -0.12984054
    0.08314235
    0.05635488
    0.05209071
    0.07038145
    0.08978099
    0.08990705
    0.06409898
    0.07252485
    0.08729566
    0.05251565
    0.08268912
    0.13462502
    0.07378583
    0.08427446
    0.06676738
    0.08714037
    0.06566939
    0.09245156
    0.06030803
    0.08579584
    0.05354834
    0.07574968
