   -0.12607907
    0.07015697
   -0.26085606
    0.35223909
   -0.45241843
   -0.26264920
    0.08915228
   -0.13045112
   -0.14907082
    0.04111761
   -0.11481803
    0.37839266
   -0.49399313
   -0.26462002
    0.07187476
   -0.13403387
   -0.25690468
    0.06785318
   -0.12582562
    0.05407015
    0.06233506
    0.08729158
    0.09615584
    0.07696914
    0.07427197
    0.06576781
    0.08878051
    0.06739958
    0.06553451
    0.11744864
    0.06755393
    0.09002265
    0.07661240
    0.06951553
    0.08988519
    0.06849991
    0.07960895
    0.10063431
    0.05329584
    0.08699088
    0.06228913
