$coord
         -7.946497239318         -0.567582066168         -0.417216075952     c 
         -5.325995366468         -1.014122902787          0.691845285831     c 
         -3.357899159915          0.755837917525         -0.457662834378     c 
         -0.730953585761          0.318411350480          0.651548732461     c 
          1.230168056919          2.094871946500         -0.502031779106     c 
          3.852587083391          1.716054408120          0.595237942197     c 
          5.101724173295         -1.341710442546         -0.224539926376     cl
         -8.557357501908          1.362734534549         -0.063987378823     h 
         -9.315696611944         -1.847024112676          0.425099561157     h 
         -7.930442251241         -0.879234847884         -2.448889094554     h 
         -5.388724030583         -0.728085852366          2.735138670547     h 
         -4.761461385926         -2.970766336407          0.353163146126     h 
         -3.925255498318          2.711695613489         -0.121200204635     h 
         -3.294985987871          0.464571139924         -2.500172645930     h 
         -0.162576146413         -1.636166718502          0.311871579478     h 
         -0.795235868223          0.606065602857          2.694462092721     h 
          0.684357019801          4.050649551532         -0.134497792668     h 
          1.292923563458          1.822250243709         -2.545214000314     h 
          5.191795697343          3.085808995836         -0.152546301782     h 
          3.831118086782          1.785336591750          2.651038487935     h 
$end
