   -0.12253977
    0.06891834
   -0.25834432
    0.37082878
   -0.48637696
   -0.26788086
    0.08083300
   -0.12624328
   -0.12469204
    0.04412568
   -0.11011453
    0.37483389
   -0.47917316
   -0.25000033
    0.07328915
   -0.13330332
   -0.26645348
    0.07888005
   -0.13225673
    0.09010062
    0.04927841
    0.06490340
    0.10049714
    0.07597985
    0.05437834
    0.08908309
    0.05458896
    0.08237394
    0.07431917
    0.05606059
    0.10879920
    0.06223747
    0.09596129
    0.05741226
    0.08790414
    0.07640840
    0.07338289
    0.08431507
    0.08980323
    0.06856894
    0.06931350
