           1           2   1.01385610059843     
           2           3  0.909969430746651     
           3           4   1.19315740687260     
           3           5  0.179602253778407     
           4           5   1.70754830260478     
           4           6  0.958588442303649     
           6           7  0.974798462388910     
           7           8  0.930496509399224     
           7           9  0.954638700078736     
           9          10   1.63146025424328     
           9          11   1.24842375568895     
          10          11  0.167749407382528     
          11          12  0.889350464828163     
          12          13   1.01396159381878     
           7          14  0.968133715642570     
          10          15  0.176897401837822     
          14          15  0.985426750559500     
          14          16  0.127236512379575     
          15          16   1.46566537443028     
          15          17   1.30601943780492     
          17          18  0.910825213180501     
          15          19   1.25307541079004     
          19          20  0.917814565906344     
           1          21  0.978578452669709     
           1          22  0.985739019693590     
           1          23  0.983660448309913     
           2          24  0.966946998997500     
           2          25  0.969796631851853     
           6          26  0.940682192438052     
           6          27  0.966056263840766     
          12          28  0.964259622563825     
          12          29  0.969056259511235     
          13          30  0.983847487149387     
          13          31  0.983462467197104     
          13          32  0.976312330879138     
          18          33  0.974105335977762     
          18          34  0.972299723961402     
          18          35  0.978085108010470     
          20          36  0.975156329458930     
          20          37  0.979381318757944     
          20          38  0.974830380982623     
