           1           2   1.01390314274998     
           2           3  0.907420637513125     
           3           4   1.16995298100284     
           3           5  0.173866486500470     
           4           5   1.70782837125227     
           4           6  0.977255043940758     
           6           7  0.998077407469948     
           7           8  0.931124324000731     
           7           9  0.956366204987325     
           9          10   1.66122481031046     
           9          11   1.21683015906943     
          10          11  0.166250167286066     
          11          12  0.897975695418286     
          12          13   1.01429133414800     
           7          14  0.957573026800574     
          10          15  0.105935127470559     
          14          15  0.984905109223404     
          14          16  0.131358568262678     
          15          16   1.53035096292677     
          15          17   1.27056028929298     
          17          18  0.917816237165679     
          15          19   1.32110208292617     
          19          20  0.890701829544971     
           1          21  0.984734798712891     
           1          22  0.978389130608893     
           1          23  0.984360981736177     
           2          24  0.969000121070222     
           2          25  0.969530920208118     
           6          26  0.943804876521506     
           6          27  0.930241481509143     
          12          28  0.966391332883352     
          12          29  0.970299377447777     
          13          30  0.977424538081327     
          13          31  0.984289277315232     
          13          32  0.984119141389003     
          18          33  0.976116070391399     
          18          34  0.973133206127648     
          18          35  0.976327930584401     
          20          36  0.971219455435828     
          20          37  0.976514232289403     
          20          38  0.977435821126176     
