           1           2   1.02236098593044     
           2           3  0.887335499506330     
           3           4   1.32382009826903     
           4           5   1.51563928754921     
           4           6   1.31630929229710     
           6           7  0.881052478525415     
           7           8   1.02239930163055     
           4           9  0.985053280365260     
           5           9  0.132526967443523     
           9          10  0.988061763822347     
          10          11  0.982671131227978     
          11          12  0.990911162788974     
          11          13  0.134411142339726     
          12          13   1.51651319447126     
          12          14   1.32012202594187     
          14          15  0.887239282838278     
          15          16   1.02243916073514     
          12          17   1.31800343615073     
          17          18  0.875052117341093     
          18          19   1.02154801029956     
           1          20  0.981629173950689     
           1          21  0.975564653286518     
           1          22  0.976014915211142     
           2          23  0.967942350224445     
           2          24  0.964563521247597     
           7          25  0.967002933056206     
           7          26  0.966467032066554     
           8          27  0.976164964185797     
           8          28  0.982352334014361     
           8          29  0.976167513278110     
          10          30  0.954501839407379     
          10          31  0.954083101401039     
          15          32  0.967365569268088     
          15          33  0.964862420632544     
          16          34  0.981941478305457     
          16          35  0.975364618876823     
          16          36  0.976022466504719     
          18          37  0.966935039729926     
          18          38  0.968442392466720     
          19          39  0.981972269463885     
          19          40  0.981986322367795     
          19          41  0.975691113465197     
