   -0.13023229
    0.08052072
   -0.26730367
    0.36734201
   -0.45540704
   -0.25950628
    0.08520845
   -0.12171348
   -0.14097249
    0.03221076
   -0.13944595
    0.38142557
   -0.47634361
   -0.26045065
    0.07803983
   -0.12740759
   -0.25885907
    0.07422939
   -0.12794124
    0.06233120
    0.07196311
    0.08428349
    0.08388000
    0.05688642
    0.08088670
    0.05973750
    0.08668257
    0.05896617
    0.06397659
    0.11329683
    0.11148933
    0.09049833
    0.06247899
    0.05483971
    0.07316918
    0.08462057
    0.09378793
    0.06387963
    0.07135719
    0.08743655
    0.05015866
