           1           2   1.02403117719573     
           2           3  0.878730270822187     
           3           4   1.33645549430763     
           4           5   1.51965489081477     
           4           6   1.35201758929814     
           6           7  0.855900408089007     
           7           8   1.02260167461065     
           4           9  0.956238803028974     
           5           9  0.135907286348980     
           9          10  0.994157795973997     
          10          11  0.971503672424046     
          11          12   1.00420031416708     
          11          13  0.127820772329432     
          12          13   1.54165347050186     
          12          14   1.33589260111569     
          14          15  0.862008938481240     
          15          16   1.02154766721836     
          12          17   1.27320835644766     
          17          18  0.886858373638888     
          18          19   1.02207538807721     
           1          20  0.982613814651922     
           1          21  0.975016960642991     
           1          22  0.974403840852864     
           2          23  0.962257162557144     
           2          24  0.965784682926243     
           7          25  0.971315588439582     
           7          26  0.966673414662303     
           8          27  0.976934339991769     
           8          28  0.975328396639649     
           8          29  0.972929521113906     
          10          30  0.964598806002108     
          10          31  0.949783171438085     
          15          32  0.966137121113818     
          15          33  0.967421874229280     
          16          34  0.974537416049638     
          16          35  0.982446166956616     
          16          36  0.972814649665995     
          18          37  0.967072683004148     
          18          38  0.964599993004609     
          19          39  0.976556861560365     
          19          40  0.976804356252253     
          19          41  0.982492244280189     
