   -0.13277479
    0.08518439
   -0.26596178
    0.36427912
   -0.46347645
   -0.25883163
    0.08799178
   -0.12166668
   -0.13590209
    0.03413039
   -0.15540460
    0.37051812
   -0.45581560
   -0.25857209
    0.07774000
   -0.13249368
   -0.26068743
    0.07437649
   -0.13100034
    0.06955910
    0.07325086
    0.08637970
    0.06479494
    0.06132600
    0.07603928
    0.05865286
    0.06572754
    0.08750428
    0.06110746
    0.11216227
    0.11008069
    0.07967731
    0.07126558
    0.09124686
    0.06464282
    0.07362949
    0.09264220
    0.06105100
    0.05427188
    0.07595245
    0.08740229
