           1           2   1.01844669468693     
           2           3  0.880720026159356     
           3           4   1.32879483882536     
           4           5   1.51186917806705     
           4           6   1.34087939936943     
           6           7  0.867176838529818     
           7           8   1.02107617678835     
           4           9   1.00656394826976     
           5           9  0.133359095877902     
           9          10  0.987056833428462     
          10          11  0.981727988353707     
          11          12  0.930899695268762     
          11          13  0.134746180240987     
          12          13   1.54522538835197     
          12          14   1.35466017231187     
          14          15  0.858094315259513     
          15          16   1.02105528887618     
          12          17   1.32024508614637     
          17          18  0.888818148512371     
          18          19   1.02156625112807     
           1          20  0.983551413638500     
           1          21  0.982476866006194     
           1          22  0.975196039207052     
           2          23  0.972045043407523     
           2          24  0.965701068090209     
           7          25  0.969548122915887     
           7          26  0.963926219035264     
           8          27  0.981156427880044     
           8          28  0.974308630855980     
           8          29  0.982825866043296     
          10          30  0.955777486002849     
          10          31  0.946891975261474     
          15          32  0.969985079528033     
          15          33  0.965715229555380     
          16          34  0.972587495678153     
          16          35  0.981316540447050     
          16          36  0.982301293602907     
          18          37  0.964144714840493     
          18          38  0.965758328055769     
          19          39  0.971976237993530     
          19          40  0.981812671206919     
          19          41  0.975481937747590     
