           1           2   1.02186562662748     
           2           3  0.888201522430809     
           3           4   1.31687325216630     
           4           5   1.51491428201052     
           4           6   1.31412440101876     
           6           7  0.881335692905365     
           7           8   1.02192127716414     
           4           9   1.01462227396753     
           5           9  0.133536074758906     
           9          10  0.974132145848170     
          10          11  0.994750407025717     
          11          12  0.962961800196582     
          11          13  0.132999831868721     
          12          13   1.51849263850117     
          12          14   1.34580466667381     
          14          15  0.858535238672056     
          15          16   1.02320314179234     
          12          17   1.32897174715866     
          17          18  0.885107024476456     
          18          19   1.02269353088503     
           1          20  0.976168936995308     
           1          21  0.981526975368738     
           1          22  0.976229301937846     
           2          23  0.967980314425188     
           2          24  0.964698891280783     
           7          25  0.967642738850809     
           7          26  0.966853362214330     
           8          27  0.975929105969702     
           8          28  0.976318461449904     
           8          29  0.981634316145882     
          10          30  0.957098520515033     
          10          31  0.948661772859681     
          15          32  0.965522605550991     
          15          33  0.970773478250444     
          16          34  0.975839587518937     
          16          35  0.980994577719111     
          16          36  0.973724974634546     
          18          37  0.964070066721373     
          18          38  0.969685859075799     
          19          39  0.976048628262830     
          19          40  0.980191222942200     
          19          41  0.975313441835654     
