           1           2   1.02183224406316     
           2           3  0.872456323956787     
           3           4   1.32502157723574     
           4           5   1.51629599888330     
           4           6   1.32196172202453     
           6           7  0.881578075210296     
           7           8   1.02053175716547     
           4           9   1.00747125234058     
           5           9  0.135888905920826     
           9          10  0.982269743809054     
          10          11  0.986347080587553     
          11          12  0.975609006750254     
          11          13  0.131220595999530     
          12          13   1.54538007495119     
          12          14   1.33605081227811     
          14          15  0.867312106847564     
          15          16   1.02198432169582     
          12          17   1.30250645707360     
          17          18  0.879328733415155     
          18          19   1.02159080049005     
           1          20  0.981665358580732     
           1          21  0.981912404093591     
           1          22  0.975178970375550     
           2          23  0.967967184841414     
           2          24  0.967818311275320     
           7          25  0.969463927526318     
           7          26  0.967380484098856     
           8          27  0.976070917074358     
           8          28  0.983400778968677     
           8          29  0.980694068823788     
          10          30  0.949824973714610     
          10          31  0.952217177475296     
          15          32  0.966866487082002     
          15          33  0.967761565465556     
          16          34  0.982766133464958     
          16          35  0.973967830998850     
          16          36  0.977343593774298     
          18          37  0.965869641612032     
          18          38  0.961545068700890     
          19          39  0.981509429262332     
          19          40  0.974234695042003     
          19          41  0.975862022676730     
