   -0.13736726
    0.07339350
   -0.24886921
    0.36927117
   -0.46727081
   -0.09251441
    0.00014684
    0.13966023
    0.37563202
   -0.41307682
   -0.23404994
    0.07050522
   -0.13189247
   -0.09690773
    0.33521246
   -0.50006256
   -0.25157729
    0.02653311
   -0.28908598
    0.02860322
    0.07898152
    0.07394835
    0.07469638
    0.06466316
    0.06486293
    0.07738413
    0.12403205
    0.06830489
    0.09384544
    0.08651747
    0.07878172
    0.05972811
    0.08621387
    0.07318049
    0.10052774
    0.09925929
    0.07252082
    0.06626836
