   -0.13045506
    0.07549925
   -0.26288011
    0.36365306
   -0.47970114
   -0.26489529
    0.09796238
   -0.12155122
   -0.11024511
    0.03339107
   -0.11206389
    0.37585814
   -0.46729560
   -0.26222726
    0.07694966
   -0.12699231
   -0.26337587
    0.07454792
   -0.13196182
    0.05549568
    0.08658605
    0.07385988
    0.06313585
    0.09244283
    0.05462984
    0.05045418
    0.07373970
    0.08242250
    0.06136416
    0.12487825
    0.07210758
    0.08341475
    0.07132043
    0.08774721
    0.06304225
    0.06637750
    0.09516035
    0.06109293
    0.07601911
    0.08536036
    0.05513182
