   27
         47          1         47
         48         48         95
         47         96        142
         42        143        184
         19        185        203
         38        204        241
         51        242        292
          9        293        301
         35        302        336
         24        337        360
          1        361        361
         30        362        391
         25        392        416
          1        417        417
          1        418        418
         21        419        439
         30        440        469
         29        470        498
          1        499        499
          1        500        500
         10        501        510
         27        511        537
          1        538        538
         14        539        552
          9        553        561
          3        562        564
          1        565        565
