   -0.12978862
    0.06339273
   -0.24960675
    0.37243516
   -0.48118104
   -0.10741538
    0.01253794
    0.10625905
    0.37845899
   -0.46240519
   -0.25152033
    0.06783538
   -0.12497697
   -0.12631994
    0.36277105
   -0.46427744
   -0.27441522
    0.01351600
   -0.25658137
    0.01989546
    0.05287364
    0.07225466
    0.07614333
    0.09460742
    0.06278746
    0.12754100
    0.13054155
    0.06409497
    0.09734030
    0.07126046
    0.04700487
    0.07975808
    0.07777695
    0.10951424
    0.08790622
    0.10992788
    0.08128572
    0.08876774
