           1           2   1.02326786351041     
           2           3  0.867740701613142     
           3           4   1.33817476444675     
           4           5   1.49207822405727     
           4           6   1.30905467361449     
           6           7  0.886740752219865     
           7           8   1.02018949553876     
           4           9   1.00983588482883     
           5           9  0.145610860906366     
           9          10  0.982081999293385     
          10          11  0.991150361879992     
          11          12  0.963760996428196     
          11          13  0.133820638539297     
          12          13   1.53541276414552     
          12          14   1.36018477990987     
          14          15  0.860805845505692     
          15          16   1.02142995282471     
          12          17   1.32611758636106     
          17          18  0.886837066909584     
          18          19   1.02237116416536     
           1          20  0.983630527395550     
           1          21  0.974090115552447     
           1          22  0.975473778606022     
           2          23  0.969651852664144     
           2          24  0.965384455957389     
           7          25  0.968995113151630     
           7          26  0.967081453314569     
           8          27  0.981497251952423     
           8          28  0.976409870797149     
           8          29  0.983218946489656     
          10          30  0.936482526899908     
          10          31  0.953523088887905     
          15          32  0.963608435026650     
          15          33  0.967728682982189     
          16          34  0.980693755363494     
          16          35  0.974179443161078     
          16          36  0.983698450164257     
          18          37  0.964333012002178     
          18          38  0.968716735096410     
          19          39  0.975655731551323     
          19          40  0.975417130741505     
          19          41  0.980112371521050     
