           1           2   1.02257750628431     
           2           3  0.886786218883612     
           3           4   1.32449833958670     
           4           5   1.51585513971255     
           4           6   1.31702781231190     
           6           7  0.872286689037285     
           7           8   1.01973114226010     
           4           9  0.991694180819748     
           5           9  0.133701787950075     
           9          10  0.980752265979641     
          10          11  0.990994342030066     
          11          12  0.937152329986433     
          11          13  0.130449627637400     
          12          13   1.56025523805585     
          12          14   1.35469228372255     
          14          15  0.863278509466319     
          15          16   1.02122490946509     
          12          17   1.31512612734124     
          17          18  0.887310160847148     
          18          19   1.01734737517884     
           1          20  0.977284342231433     
           1          21  0.975975612606144     
           1          22  0.982220249505390     
           2          23  0.967288434399375     
           2          24  0.964092898459475     
           7          25  0.971040068701380     
           7          26  0.964568700596733     
           8          27  0.981862970814316     
           8          28  0.974258478195359     
           8          29  0.982246378864151     
          10          30  0.955064491047414     
          10          31  0.956643046429572     
          15          32  0.962992497845682     
          15          33  0.965593038968279     
          16          34  0.982223007644648     
          16          35  0.978614285999779     
          16          36  0.974195620337390     
          18          37  0.963738602118521     
          18          38  0.967265726174566     
          19          39  0.983759542639009     
          19          40  0.976066845766224     
          19          41  0.982572168651640     
