           1           2   1.02259622755910     
           2           3  0.887511072537954     
           3           4   1.32559449079090     
           4           5   1.50320720128227     
           4           6   1.31455168967970     
           6           7  0.880215757907878     
           7           8   1.02333609287458     
           4           9  0.987327178305174     
           5           9  0.134984939005580     
           9          10  0.985420513202670     
          10          11  0.983453271840449     
          11          12  0.953753420977508     
          11          13  0.111311906334012     
          12          13   1.54864458471771     
          12          14   1.30263530857122     
          14          15  0.889084475810449     
          15          16   1.02134626415027     
          12          17   1.31890009369876     
          17          18  0.886377224370343     
          18          19   1.02163112401730     
           1          20  0.981190834031730     
           1          21  0.973048754206940     
           1          22  0.975824034044913     
           2          23  0.967585014452519     
           2          24  0.964095156768816     
           7          25  0.966920454941430     
           7          26  0.965353449340302     
           8          27  0.976322410499002     
           8          28  0.975975326338461     
           8          29  0.982058241478187     
          10          30  0.962115969981471     
          10          31  0.951361812752803     
          15          32  0.967040533423187     
          15          33  0.964023763985085     
          16          34  0.982817747051789     
          16          35  0.975419335187302     
          16          36  0.976451144360880     
          18          37  0.963536085434737     
          18          38  0.966552340267294     
          19          39  0.978455533085709     
          19          40  0.976181048423223     
          19          41  0.975961605031083     
