           1           2   1.02251638185981     
           2           3  0.886113192464061     
           3           4   1.33127471463620     
           4           5   1.54876331871912     
           4           6   1.34986028734499     
           6           7  0.857225889821965     
           7           8   1.02181493017140     
           4           9  0.952047111007111     
           5           9  0.133004915422519     
           9          10  0.995555598734681     
          10          11  0.974169795157160     
          11          12  0.965492773656135     
          11          13  0.138950304680942     
          12          13   1.51489943082843     
          12          14   1.33846221658741     
          14          15  0.880892856563385     
          15          16   1.01879382169205     
          12          17   1.35605611732298     
          17          18  0.856213622068478     
          18          19   1.02366511388045     
           1          20  0.979880206074295     
           1          21  0.974911247925425     
           1          22  0.975394506501761     
           2          23  0.969088015728445     
           2          24  0.963873108967953     
           7          25  0.964332463441117     
           7          26  0.963421277568711     
           8          27  0.983492137361223     
           8          28  0.973237809446057     
           8          29  0.980888960180425     
          10          30  0.966585032490247     
          10          31  0.947402265626502     
          15          32  0.967049706451006     
          15          33  0.967344040920964     
          16          34  0.975380023291637     
          16          35  0.974950794278232     
          16          36  0.981169863839633     
          18          37  0.971111318256060     
          18          38  0.964700061635159     
          19          39  0.973209151392580     
          19          40  0.982127325187752     
          19          41  0.974231482934626     
