   -0.12732098
    0.06792343
   -0.25446667
    0.37620414
   -0.47337345
   -0.26035604
    0.07137664
   -0.12638768
   -0.13184188
    0.04255692
   -0.14185582
    0.38936616
   -0.45604019
   -0.27289230
    0.07416009
   -0.13235420
   -0.27387555
    0.08030443
   -0.13120846
    0.08553016
    0.05505973
    0.06449204
    0.09967004
    0.07673761
    0.07447695
    0.09279725
    0.06283732
    0.08684885
    0.06472310
    0.08815757
    0.08778266
    0.09195645
    0.06842963
    0.05973112
    0.07078563
    0.08835556
    0.09023513
    0.05402403
    0.08502582
    0.05790447
    0.07452029
