           1           2   1.01922660831588     
           2           3  0.886449013686149     
           3           4   1.34512764619492     
           4           5   1.52114156641771     
           4           6   1.35209552153001     
           6           7  0.861806609177451     
           7           8   1.02491740393314     
           4           9  0.968611753624418     
           5           9  0.139569212142110     
           9          10  0.978417061582942     
          10          11  0.991456788672906     
          11          12  0.962605566490829     
          11          13  0.138316995649948     
          12          13   1.52627070769302     
          12          14   1.36095890032498     
          14          15  0.865183282877769     
          15          16   1.02085049005593     
          12          17   1.32715754965223     
          17          18  0.880302661558835     
          18          19   1.02377407729573     
           1          20  0.982024574320233     
           1          21  0.979303173769274     
           1          22  0.976501307801990     
           2          23  0.967383129394680     
           2          24  0.966238400217331     
           7          25  0.963948861174255     
           7          26  0.967924656788086     
           8          27  0.981946819342146     
           8          28  0.973891050416368     
           8          29  0.974832709033974     
          10          30  0.941896951716741     
          10          31  0.959836255001525     
          15          32  0.966477944169493     
          15          33  0.968955572955690     
          16          34  0.983028363395355     
          16          35  0.974601019399044     
          16          36  0.980482589899652     
          18          37  0.966729962537382     
          18          38  0.963400749317042     
          19          39  0.975197163525130     
          19          40  0.982071260011436     
          19          41  0.972970818245278     
