           1           2   1.01367554225570     
           2           3  0.911517913019253     
           3           4   1.18536308885651     
           3           5  0.177954020124677     
           4           5   1.70683071268360     
           4           6  0.966912579596746     
           6           7  0.991617043132182     
           7           8  0.927642921981381     
           7           9  0.959444331959208     
           9          10   1.63633921541638     
           9          11   1.24415468955921     
          10          11  0.168383949704769     
          11          12  0.890140537057330     
          12          13   1.01394303820463     
           7          14  0.957257626245410     
          10          15  0.156014888447157     
          14          15  0.991970291175049     
          14          16  0.127492051886425     
          15          16   1.48249066643311     
          15          17   1.26080838691346     
          17          18  0.915124826496690     
          15          19   1.30756023547634     
          19          20  0.910777286258393     
           1          21  0.978926983693938     
           1          22  0.985433443854213     
           1          23  0.984795698710471     
           2          24  0.967929974793647     
           2          25  0.969171442361695     
           6          26  0.929525853494586     
           6          27  0.961992080680171     
          12          28  0.969103033732350     
          12          29  0.964594018525587     
          13          30  0.983349376244642     
          13          31  0.984648600895742     
          13          32  0.976465431894054     
          18          33  0.979293411663735     
          18          34  0.974292330301533     
          18          35  0.974932304591227     
          20          36  0.973962506609880     
          20          37  0.977875758502577     
          20          38  0.971888340508170     
