   -0.13401657
    0.08093545
   -0.25089948
    0.36704629
   -0.46103156
   -0.25950327
    0.07618166
   -0.12510514
   -0.15073932
    0.04109160
   -0.14951094
    0.38876283
   -0.46078583
   -0.27516884
    0.07350091
   -0.12489964
   -0.25767234
    0.07370719
   -0.12289923
    0.07736287
    0.08504140
    0.07000737
    0.06816741
    0.06078263
    0.07622915
    0.09123209
    0.06148217
    0.08584247
    0.06434501
    0.09442775
    0.10000434
    0.07173606
    0.09324064
    0.08458192
    0.06647665
    0.05529323
    0.09451006
    0.07084676
    0.08702413
    0.04681957
    0.06555254
