$hessian                                                                        
        0.4768501004   0.0440255574   0.0075416515  -0.1623189846   0.0473323856
       -0.0006930990   0.0007178617   0.0233678466  -0.0007836198  -0.0308615541
        0.0073269797   0.0000700319  -0.0428329005   0.0093801659   0.0265499564
       -0.0436776791  -0.0166148244   0.0087121548  -0.1911772122  -0.1140616068
       -0.0414485469  -0.0011832185   0.0005472253  -0.0003597518  -0.0049902750
       -0.0026683541   0.0001884805  -0.0005261381   0.0013646247   0.0002227425
        0.0440255574   0.5168857494  -0.0084968483   0.0398552424  -0.0859107246
        0.0014359643   0.0424488224  -0.0555444189  -0.0013314464  -0.0073321987
        0.0076703595  -0.0004674482   0.0111981000  -0.0739351010  -0.0880911930
       -0.0146621757  -0.1760554306   0.1245864890  -0.1131073792  -0.1325380177
       -0.0285387898   0.0003907583  -0.0003205789  -0.0001719234  -0.0031293527
       -0.0006121217   0.0004195395   0.0003126259   0.0003602844   0.0006556563
        0.0075416515  -0.0084968483   0.4817929086  -0.0054569471   0.0048427815
       -0.0699565913  -0.0005494828  -0.0017626572   0.0200768512   0.0000781107
        0.0004573379   0.0100350627   0.0322337873  -0.0930446731  -0.2412366481
        0.0077011160   0.1268746394  -0.1480727035  -0.0410346244  -0.0291763152
       -0.0549637032  -0.0021370353  -0.0008515914   0.0001601253  -0.0000851593
        0.0004837304   0.0017999979   0.0017085833   0.0006735959   0.0003647004
       -0.1623189846   0.0398552424  -0.0054569471   0.4562549465  -0.0000363265
        0.0018730513  -0.0778663655   0.0000504084  -0.0004415655  -0.1622911574
       -0.0398848515  -0.0054359779  -0.0030533170   0.0065988786   0.0026528011
        0.0039362951   0.0033288354   0.0014650662  -0.0277701385   0.0103209091
        0.0005894024  -0.0030673954  -0.0065959398   0.0026706994  -0.0277699939
       -0.0103232639   0.0006074311   0.0039461108  -0.0033138923   0.0014760389
        0.0473323856  -0.0859107246   0.0048427815  -0.0000363265   0.8564312562
       -0.0000599324   0.0000480333  -0.6511252657   0.0000132787  -0.0473345097
       -0.0859410042  -0.0048321168   0.0106711344  -0.0098836690  -0.0045435931
        0.0159716012  -0.0172724829   0.0011268720  -0.0148315300   0.0104222441
       -0.0015909250  -0.0106481891  -0.0098474964   0.0045564208   0.0148141087
        0.0104199852   0.0015893587  -0.0159867079  -0.0172928426  -0.0011021444
       -0.0006930990   0.0014359643  -0.0699565913   0.0018730513  -0.0000599324
        0.2060668544  -0.0006476765   0.0000303533  -0.0594912709  -0.0006538723
       -0.0014174666  -0.0699576529   0.0233397537  -0.0162793399  -0.0027036353
       -0.0173825650   0.0118140929  -0.0011822224  -0.0059016332   0.0034158630
        0.0005559162   0.0233542566   0.0162917079  -0.0027195247  -0.0059332905
       -0.0034361918   0.0005590495  -0.0173549250  -0.0117950506  -0.0011709227
        0.0007178617   0.0424488224  -0.0005494828  -0.0778663655   0.0000480333
       -0.0006476765   0.0836009118  -0.0000596487   0.0007712663   0.0007294470
       -0.0424380564  -0.0005420721  -0.0025477235   0.0023056122   0.0004423413
       -0.0046010271   0.0043617276  -0.0002898047   0.0035566380  -0.0009105865
        0.0003318581  -0.0025410251  -0.0022992044   0.0004410799   0.0035552000
        0.0009104051   0.0003299349  -0.0046039172  -0.0043671045  -0.0002874445
        0.0233678466  -0.0555444189  -0.0017626572   0.0000504084  -0.6511252657
        0.0000303533  -0.0000596487   0.7690188298  -0.0000396176  -0.0233625072
       -0.0555449906   0.0017827700   0.0028705790  -0.0018846584   0.0008738291
        0.0064392366  -0.0027770038   0.0003730662  -0.0014654294   0.0012650937
        0.0009907926  -0.0028571554  -0.0018845970  -0.0008770295   0.0014665671
        0.0012616323  -0.0009961662  -0.0064498970  -0.0027846213  -0.0003753407
       -0.0007836198  -0.0013314464   0.0200768512  -0.0004415655   0.0000132787
       -0.0594912709   0.0007712663  -0.0000396176   0.0208133737  -0.0007777810
        0.0013613273   0.0200732739  -0.0021186293   0.0029306454  -0.0000324891
        0.0020735914  -0.0013293860   0.0003846251   0.0006594240  -0.0002652358
       -0.0010905930  -0.0021187996  -0.0029330124  -0.0000302092   0.0006619431
        0.0002659183  -0.0010908792   0.0020741702   0.0013275284   0.0003873174
       -0.0308615541  -0.0073321987   0.0000781107  -0.1622911574  -0.0473345097
       -0.0006538723   0.0007294470  -0.0233625072  -0.0007777810   0.4768386892
       -0.0440214148   0.0076010708  -0.0011810417  -0.0005497131  -0.0003584839
       -0.0005280834  -0.0013640058   0.0002249408  -0.0049916378   0.0026682847
        0.0001867309  -0.0428416410  -0.0093806320   0.0266342336  -0.1911761215
        0.1139831512  -0.0416801528  -0.0436968992   0.0166935455   0.0087452029
        0.0073269797   0.0076703595   0.0004573379  -0.0398848515  -0.0859410042
       -0.0014174666  -0.0424380564  -0.0555449906   0.0013613273  -0.0440214148
        0.5169244910   0.0085488208  -0.0003907401  -0.0003190513   0.0001726209
       -0.0003136638   0.0003580214  -0.0006563213   0.0031283212  -0.0006128544
       -0.0004166866  -0.0111901306  -0.0736638219   0.0878191453   0.1130341934
       -0.1324220742   0.0286790047   0.0147493631  -0.1764490752  -0.1245477825
        0.0000700319  -0.0004674482   0.0100350627  -0.0054359779  -0.0048321168
       -0.0699576529  -0.0005420721   0.0017827700   0.0200732739   0.0076010708
        0.0085488208   0.4817657296  -0.0021334717   0.0008517660   0.0001605816
        0.0017134465  -0.0006726084   0.0003682557  -0.0000895492  -0.0004807186
        0.0018024085   0.0323310150   0.0927791585  -0.2414796696  -0.0412630004
        0.0293176183  -0.0550713954   0.0077485071  -0.1268272415  -0.1476965941
       -0.0428329005   0.0111981000   0.0322337873  -0.0030533170   0.0106711344
        0.0233397537  -0.0025477235   0.0028705790  -0.0021186293  -0.0011810417
       -0.0003907401  -0.0021334717   0.0472108334  -0.0132009479  -0.0315391356
        0.0015235894   0.0001065137   0.0029719541   0.0020559989  -0.0111533645
       -0.0224067634   0.0002875986   0.0004328907  -0.0000675312  -0.0000539453
       -0.0003166099  -0.0003913986  -0.0014090922  -0.0002175553   0.0001114347
        0.0093801659  -0.0739351010  -0.0930446731   0.0065988786  -0.0098836690
       -0.0162793399   0.0023056122  -0.0018846584   0.0029306454  -0.0005497131
       -0.0003190513   0.0008517660  -0.0132009479   0.0861055171   0.1029269067
       -0.0033384122   0.0083838026   0.0214791711  -0.0004201154  -0.0087623109
       -0.0190489112  -0.0004329147   0.0000111993   0.0000491172  -0.0000106953
       -0.0000497126   0.0000865969  -0.0003318581   0.0003339841   0.0000487208
        0.0265499564  -0.0880911930  -0.2412366481   0.0026528011  -0.0045435931
       -0.0027036353   0.0004423413   0.0008738291  -0.0000324891  -0.0003584839
        0.0001726209   0.0001605816  -0.0315391356   0.1029269067   0.2771872574
        0.0033554899  -0.0061423683  -0.0252305937  -0.0010215088  -0.0054646242
       -0.0087263876  -0.0000674588  -0.0000486873  -0.0000056793  -0.0001656821
        0.0000991745   0.0001088789   0.0001516803   0.0002179346   0.0004787151
       -0.0436776791  -0.0146621757   0.0077011160   0.0039362951   0.0159716012
       -0.0173825650  -0.0046010271   0.0064392366   0.0020735914  -0.0005280834
       -0.0003136638   0.0017134465   0.0015235894  -0.0033384122   0.0033554899
        0.0472657208   0.0146069081  -0.0130128611  -0.0028477099  -0.0190799283
        0.0157645131  -0.0014097908   0.0003311145   0.0001497896   0.0002975194
       -0.0000734634   0.0000918819   0.0000411656   0.0001187830  -0.0004544023
       -0.0166148244  -0.1760554306   0.1268746394   0.0033288354  -0.0172724829
        0.0118140929   0.0043617276  -0.0027770038  -0.0013293860  -0.0013640058
        0.0003580214  -0.0006726084   0.0001065137   0.0083838026  -0.0061423683
        0.0146069081   0.2032332959  -0.1431965024  -0.0041435906  -0.0162605302
        0.0130436117   0.0002167354   0.0003328637  -0.0002179529  -0.0003787964
       -0.0000307853  -0.0002094561  -0.0001195031   0.0000882491   0.0000359301
        0.0087121548   0.1245864890  -0.1480727035   0.0014650662   0.0011268720
       -0.0011822224  -0.0002898047   0.0003730662   0.0003846251   0.0002249408
       -0.0006563213   0.0003682557   0.0029719541   0.0214791711  -0.0252305937
       -0.0130128611  -0.1431965024   0.1697973964   0.0000650014  -0.0034601223
        0.0038989853   0.0001108465  -0.0000486678   0.0004786050   0.0002067318
       -0.0001666358  -0.0000372941  -0.0004540298  -0.0000373488  -0.0004050538
       -0.1911772122  -0.1131073792  -0.0410346244  -0.0277701385  -0.0148315300
       -0.0059016332   0.0035566380  -0.0014654294   0.0006594240  -0.0049916378
        0.0031283212  -0.0000895492   0.0020559989  -0.0004201154  -0.0010215088
       -0.0028477099  -0.0041435906   0.0000650014   0.2224814307   0.1311381233
        0.0470852004  -0.0000541563   0.0000100078  -0.0001659546  -0.0015499810
       -0.0006881149   0.0001977875   0.0002967681   0.0003797072   0.0002058568
       -0.1140616068  -0.1325380177  -0.0291763152   0.0103209091   0.0104222441
        0.0034158630  -0.0009105865   0.0012650937  -0.0002652358   0.0026682847
       -0.0006128544  -0.0004807186  -0.0111533645  -0.0087623109  -0.0054646242
       -0.0190799283  -0.0162605302  -0.0034601223   0.1311381233   0.1461695330
        0.0354005641   0.0003160230  -0.0000493882  -0.0000989927   0.0006880202
        0.0003969891  -0.0000369880   0.0000741259  -0.0000307585   0.0001665697
       -0.0414485469  -0.0285387898  -0.0549637032   0.0005894024  -0.0015909250
        0.0005559162   0.0003318581   0.0009907926  -0.0010905930   0.0001867309
       -0.0004166866   0.0018024085  -0.0224067634  -0.0190489112  -0.0087263876
        0.0157645131   0.0130436117   0.0038989853   0.0470852004   0.0354005641
        0.0582698803  -0.0003918592  -0.0000866999   0.0001097469   0.0001976969
        0.0000375524   0.0001818022   0.0000917678   0.0002094916  -0.0000380557
       -0.0011832185   0.0003907583  -0.0021370353  -0.0030673954  -0.0106481891
        0.0233542566  -0.0025410251  -0.0028571554  -0.0021187996  -0.0428416410
       -0.0111901306   0.0323310150   0.0002875986  -0.0004329147  -0.0000674588
       -0.0014097908   0.0002167354   0.0001108465  -0.0000541563   0.0003160230
       -0.0003918592   0.0472260972   0.0131891034  -0.0316425806   0.0020638033
        0.0111206173  -0.0224237557   0.0015197280  -0.0001048476   0.0029853711
        0.0005472253  -0.0003205789  -0.0008515914  -0.0065959398  -0.0098474964
        0.0162917079  -0.0022992044  -0.0018845970  -0.0029330124  -0.0093806320
       -0.0736638219   0.0927791585   0.0004328907   0.0000111993  -0.0000486873
        0.0003311145   0.0003328637  -0.0000486678   0.0000100078  -0.0000493882
       -0.0000866999   0.0131891034   0.0857855447  -0.1026208753   0.0004147427
       -0.0087234821   0.0190485055   0.0033506917   0.0083597568  -0.0215298379
       -0.0003597518  -0.0001719234   0.0001601253   0.0026706994   0.0045564208
       -0.0027195247   0.0004410799  -0.0008770295  -0.0000302092   0.0266342336
        0.0878191453  -0.2414796696  -0.0000675312   0.0000491172  -0.0000056793
        0.0001497896  -0.0002179529   0.0004786050  -0.0001659546  -0.0000989927
        0.0001097469  -0.0316425806  -0.1026208753   0.2774654879  -0.0010196283
        0.0054715399  -0.0087751059   0.0033596439   0.0060905504  -0.0252037764
       -0.0049902750  -0.0031293527  -0.0000851593  -0.0277699939   0.0148141087
       -0.0059332905   0.0035552000   0.0014665671   0.0006619431  -0.1911761215
        0.1130341934  -0.0412630004  -0.0000539453  -0.0000106953  -0.0001656821
        0.0002975194  -0.0003787964   0.0002067318  -0.0015499810   0.0006880202
        0.0001976969   0.0020638033   0.0004147427  -0.0010196283   0.2224802902
       -0.1310473417   0.0473448798  -0.0028564960   0.0041485540   0.0000555090
       -0.0026683541  -0.0006121217   0.0004837304  -0.0103232639   0.0104199852
       -0.0034361918   0.0009104051   0.0012616323   0.0002659183   0.1139831512
       -0.1324220742   0.0293176183  -0.0003166099  -0.0000497126   0.0000991745
       -0.0000734634  -0.0000307853  -0.0001666358  -0.0006881149   0.0003969891
        0.0000375524   0.0111206173  -0.0087234821   0.0054715399  -0.1310473417
        0.1460309951  -0.0355707005   0.0191029743  -0.0162714259   0.0034979944
        0.0001884805   0.0004195395   0.0017999979   0.0006074311   0.0015893587
        0.0005590495   0.0003299349  -0.0009961662  -0.0010908792  -0.0416801528
        0.0286790047  -0.0550713954  -0.0003913986   0.0000865969   0.0001088789
        0.0000918819  -0.0002094561  -0.0000372941   0.0001977875  -0.0000369880
        0.0001818022  -0.0224237557   0.0190485055  -0.0087751059   0.0473448798
       -0.0355707005   0.0584074921   0.0157349113  -0.0130096945   0.0039174542
       -0.0005261381   0.0003126259   0.0017085833   0.0039461108  -0.0159867079
       -0.0173549250  -0.0046039172  -0.0064498970   0.0020741702  -0.0436968992
        0.0147493631   0.0077485071  -0.0014090922  -0.0003318581   0.0001516803
        0.0000411656  -0.0001195031  -0.0004540298   0.0002967681   0.0000741259
        0.0000917678   0.0015197280   0.0033506917   0.0033596439  -0.0028564960
        0.0191029743   0.0157349113   0.0472887702  -0.0147018146  -0.0130603091
        0.0013646247   0.0003602844   0.0006735959  -0.0033138923  -0.0172928426
       -0.0117950506  -0.0043671045  -0.0027846213   0.0013275284   0.0166935455
       -0.1764490752  -0.1268272415  -0.0002175553   0.0003339841   0.0002179346
        0.0001187830   0.0000882491  -0.0000373488   0.0003797072  -0.0000307585
        0.0002094916  -0.0001048476   0.0083597568   0.0060905504   0.0041485540
       -0.0162714259  -0.0130096945  -0.0147018146   0.2036864491   0.1431502344
        0.0002227425   0.0006556563   0.0003647004   0.0014760389  -0.0011021444
       -0.0011709227  -0.0002874445  -0.0003753407   0.0003873174   0.0087452029
       -0.1245477825  -0.1476965941   0.0001114347   0.0000487208   0.0004787151
       -0.0004544023   0.0000359301  -0.0004050538   0.0002058568   0.0001665697
       -0.0000380557   0.0029853711  -0.0215298379  -0.0252037764   0.0000555090
        0.0034979944   0.0039174542  -0.0130603091   0.1431502344   0.1693662157
