           1           2   1.01313645303023     
           2           3  0.903550131943044     
           3           4   1.22284072162601     
           3           5  0.159195284841131     
           4           5   1.60725266034374     
           4           6  0.983914420684040     
           6           7   1.00871351203529     
           7           8  0.919696595392670     
           7           9  0.952711109524058     
           9          10   1.69780403895298     
           9          11   1.19986736271251     
          10          11  0.178220896086404     
          11          12  0.901752782119005     
          12          13   1.01542443242627     
           7          14  0.948038450699090     
           5          15  0.186040717645880     
          14          15   1.00125523400022     
          14          16  0.126193578317391     
          15          16   1.48898661822614     
          15          17   1.26386869248669     
          17          18  0.914557794233789     
          15          19   1.26801237727523     
          19          20  0.904587168003740     
           1          21  0.983388847646614     
           1          22  0.985441728955213     
           1          23  0.978319899479105     
           2          24  0.970119784595186     
           2          25  0.966222380072171     
           6          26  0.935746367631956     
           6          27  0.936197932751336     
          12          28  0.969494332709889     
          12          29  0.966223950028490     
          13          30  0.983775414669834     
          13          31  0.977700090203106     
          13          32  0.983731995982894     
          18          33  0.972261766745887     
          18          34  0.978093736059747     
          18          35  0.972665360610987     
          20          36  0.974115502225082     
          20          37  0.977850874435134     
          20          38  0.977963710410268     
