   -0.12622112
    0.08591042
   -0.25343232
    0.34736756
   -0.44986653
   -0.27143478
    0.07097431
   -0.12614339
   -0.15086005
    0.03379675
   -0.11279874
    0.36911444
   -0.48033316
   -0.26811111
    0.07731832
   -0.13082932
   -0.25883782
    0.07559686
   -0.13105836
    0.08982450
    0.06440868
    0.07002618
    0.07390362
    0.06604658
    0.07372413
    0.09472077
    0.06370477
    0.05330202
    0.08735687
    0.07741428
    0.12862791
    0.08632542
    0.07117242
    0.07120794
    0.06591352
    0.08726175
    0.09311843
    0.06186547
    0.05715239
    0.07519187
    0.08757853
