           1           2   1.02005670297671     
           2           3  0.886392694626900     
           3           4   1.31575194820316     
           4           5   1.51800563045879     
           4           6   1.32184037392193     
           6           7  0.878381592682175     
           7           8   1.02244933429878     
           4           9   1.01556422894593     
           5           9  0.136048843344753     
           9          10  0.974936976572432     
          10          11  0.995150520349276     
          11          12  0.966125420903864     
          11          13  0.131376260672508     
          12          13   1.52446557196178     
          12          14   1.35249265288658     
          14          15  0.859001279886231     
          15          16   1.02455876095243     
          12          17   1.32548823820260     
          17          18  0.887634507923402     
          18          19   1.02202083629757     
           1          20  0.983361485526525     
           1          21  0.976495391165791     
           1          22  0.980704033276310     
           2          23  0.966396664463337     
           2          24  0.968924215359445     
           7          25  0.967205121618268     
           7          26  0.966641044031031     
           8          27  0.981603259823616     
           8          28  0.974303145777615     
           8          29  0.976012982871711     
          10          30  0.956651918369484     
          10          31  0.946918539782382     
          15          32  0.966080832435906     
          15          33  0.964590856271648     
          16          34  0.974769196421116     
          16          35  0.973627469511924     
          16          36  0.981641624850625     
          18          37  0.964130877602340     
          18          38  0.968875958921845     
          19          39  0.975939783104834     
          19          40  0.976548382022111     
          19          41  0.980637534589667     
