   -0.12874340
    0.07658258
   -0.26541847
    0.38919088
   -0.45841989
   -0.25978539
    0.08238714
   -0.12376852
   -0.14952730
    0.03077558
   -0.12981617
    0.38129878
   -0.47016738
   -0.26465281
    0.08652188
   -0.12169095
   -0.26852589
    0.07588192
   -0.12463953
    0.05363995
    0.08655475
    0.07250882
    0.06282382
    0.09047673
    0.05521819
    0.08507767
    0.07770849
    0.07043596
    0.05354122
    0.12300880
    0.09484582
    0.06169222
    0.07882370
    0.06581879
    0.05799584
    0.08165606
    0.07025837
    0.09113249
    0.05648103
    0.08646425
    0.06635396
