   -0.12787121
    0.07282949
   -0.25696157
    0.38665186
   -0.47077195
   -0.26448115
    0.08313691
   -0.12727355
   -0.14484310
    0.03016065
   -0.12405538
    0.36627150
   -0.47062741
   -0.26707966
    0.09210440
   -0.12442902
   -0.25994680
    0.08337355
   -0.13322207
    0.05203188
    0.08511848
    0.06872077
    0.06423764
    0.09582886
    0.05969714
    0.08477292
    0.08428198
    0.07350255
    0.05586097
    0.11825543
    0.11814722
    0.07271920
    0.05517385
    0.08325516
    0.05718450
    0.07317989
    0.06021436
    0.06438601
    0.08515576
    0.07581312
    0.06949682
