           1           2   1.02240943581872     
           2           3  0.884763016756984     
           3           4   1.32383435036949     
           4           5   1.54080646475392     
           4           6   1.34655614510507     
           6           7  0.864424401310565     
           7           8   1.02088105001743     
           4           9  0.962083766184649     
           5           9  0.131355006963140     
           9          10  0.998587423487338     
          10          11  0.969480263625196     
          11          12   1.02177835866470     
          11          13  0.133423658869088     
          12          13   1.51273634192294     
          12          14   1.30993827398619     
          14          15  0.877218937985601     
          15          16   1.01882176363487     
          12          17   1.32474108513939     
          17          18  0.883502206097359     
          18          19   1.02226608459998     
           1          20  0.981539848718001     
           1          21  0.977902453934545     
           1          22  0.975503296503925     
           2          23  0.969590883403139     
           2          24  0.963635135859910     
           7          25  0.968093703363052     
           7          26  0.964428740097666     
           8          27  0.983341076406066     
           8          28  0.974377944507692     
           8          29  0.981346535596018     
          10          30  0.958494622346106     
          10          31  0.949256555700068     
          15          32  0.969048122535577     
          15          33  0.971615326213789     
          16          34  0.982485000925654     
          16          35  0.982366579363100     
          16          36  0.975076627752816     
          18          37  0.964049389765696     
          18          38  0.967691147663681     
          19          39  0.982027088638764     
          19          40  0.975546180040751     
          19          41  0.977523686797946     
