   -0.12820127
    0.07076194
   -0.24773612
    0.37423865
   -0.46346697
   -0.09659552
    0.01380511
    0.08496168
    0.36901622
   -0.44333103
   -0.25168664
    0.06244529
   -0.13135269
   -0.12607186
    0.38076696
   -0.46792127
   -0.24813720
    0.01181536
   -0.27756543
    0.01807242
    0.07658398
    0.07149690
    0.05609989
    0.05578382
    0.08990890
    0.10439892
    0.10891680
    0.09517077
    0.07200579
    0.06957303
    0.08030227
    0.05668707
    0.11467394
    0.08968679
    0.09122967
    0.10900857
    0.07423542
    0.08041986
