           1           2  0.984349528380154     
           2           3  0.955976500578072     
           2           4  0.967917228299477     
           4           5  0.957254435304058     
           4           6  0.958209273630796     
           6           7  0.957264719545097     
           6           8  0.967966319328347     
           8           9  0.956053948995516     
           8          10  0.984259720179285     
          10          11  0.996356146649529     
           8          12  0.995210455463666     
           6          13   1.00062453188967     
           4          14   1.00068324857212     
           2          15  0.995358798786475     
           1          16  0.996400963566780     
           1          17  0.969735525012882     
           1          18  0.967688137279226     
          10          19  0.969683819953413     
          10          20  0.967585012142829     
          11          21  0.848147330021365     
          12          22  0.847123022027957     
          13          23  0.854942017883836     
          14          24  0.854944425262377     
          15          25  0.846767996790650     
          16          26  0.847998635578682     
