           1           2   1.02205420566919     
           2           3  0.888473694591888     
           3           4   1.31787734595119     
           4           5   1.51437600519326     
           4           6   1.30979723636867     
           6           7  0.878788841919514     
           7           8   1.02250484608380     
           4           9   1.00777439108381     
           5           9  0.134939571042110     
           9          10  0.979548185019570     
          10          11  0.989017590634801     
          11          12   1.01544841261734     
          11          13  0.133325995509203     
          12          13   1.48981239544677     
          12          14   1.31958444024758     
          14          15  0.876911715045041     
          15          16   1.01971817688001     
          12          17   1.32705447298248     
          17          18  0.886647997277243     
          18          19   1.02274739367128     
           1          20  0.981693382308172     
           1          21  0.975810140216734     
           1          22  0.976154929687091     
           2          23  0.967770287050702     
           2          24  0.964558370259937     
           7          25  0.967711298473115     
           7          26  0.965628625956326     
           8          27  0.975719751036899     
           8          28  0.981118010797983     
           8          29  0.974539095214223     
          10          30  0.955495457288180     
          10          31  0.946087255071344     
          15          32  0.968732555703538     
          15          33  0.964808033153214     
          16          34  0.982381946055260     
          16          35  0.975503867545446     
          16          36  0.980985621614487     
          18          37  0.964467244188503     
          18          38  0.967759280701228     
          19          39  0.975069834990869     
          19          40  0.980945174436232     
          19          41  0.975639082713940     
