   -0.13151108
    0.07365094
   -0.27254879
    0.37305773
   -0.44914066
   -0.26832954
    0.07675223
   -0.13227893
   -0.14815286
    0.03530407
   -0.15832849
    0.36302229
   -0.44901683
   -0.25901191
    0.08755179
   -0.12962733
   -0.25455932
    0.08221548
   -0.13297360
    0.08752471
    0.05915166
    0.07029572
    0.08869058
    0.06956699
    0.08697376
    0.06304492
    0.07255011
    0.08758001
    0.06153971
    0.11733551
    0.10795643
    0.06407530
    0.07621847
    0.06838461
    0.06777828
    0.08487416
    0.06047180
    0.06923384
    0.06895670
    0.08596345
    0.07575811
