   -0.12375592
    0.09447019
   -0.26412937
    0.36043707
   -0.47036716
   -0.26421667
    0.07040749
   -0.12524631
   -0.12404890
    0.03604872
   -0.11770973
    0.37829055
   -0.49025540
   -0.25570175
    0.08201884
   -0.13453284
   -0.26069075
    0.07429135
   -0.13208844
    0.05508033
    0.07318774
    0.08127987
    0.07578857
    0.05065029
    0.07276342
    0.09642215
    0.08658590
    0.06425884
    0.05397280
    0.07352121
    0.12610638
    0.07031956
    0.05604751
    0.06927651
    0.07987726
    0.08543030
    0.07742186
    0.09139941
    0.06933935
    0.08963475
    0.06841502
