   -0.13312087
    0.07279926
   -0.25972873
    0.37879915
   -0.44780646
   -0.25653796
    0.08383958
   -0.12308594
   -0.15077732
    0.03586238
   -0.13938892
    0.38345490
   -0.46952221
   -0.26510238
    0.07493355
   -0.12920687
   -0.26271804
    0.07342784
   -0.12648308
    0.06576394
    0.08699114
    0.06987542
    0.06990128
    0.09203793
    0.04987388
    0.08949191
    0.06841541
    0.05185345
    0.07376417
    0.11066489
    0.10325658
    0.06491813
    0.09147261
    0.05835426
    0.08314809
    0.06851108
    0.09244372
    0.06694558
    0.08342670
    0.05299097
    0.06626098
