           1           2   1.02223589951795     
           2           3  0.864486726467737     
           3           4   1.34316007723828     
           4           5   1.55356139235243     
           4           6   1.31281399606996     
           6           7  0.886689491875038     
           7           8   1.02192054236491     
           4           9  0.934486969789829     
           5           9  0.137577049475450     
           9          10  0.992608607854096     
          10          11  0.982148022141071     
          11          12  0.984417559983180     
          11          13  0.123108085973507     
          12          13   1.54920266627305     
          12          14   1.33385195477388     
          14          15  0.867180562675709     
          15          16   1.02302107157361     
          12          17   1.28811888753515     
          17          18  0.886804982671653     
          18          19   1.02165435779707     
           1          20  0.982353506404595     
           1          21  0.974154382747501     
           1          22  0.982121673812480     
           2          23  0.966861995859112     
           2          24  0.966578215133130     
           7          25  0.963364618174440     
           7          26  0.969739936253313     
           8          27  0.981377370987514     
           8          28  0.976141007468980     
           8          29  0.972078896850010     
          10          30  0.957706747557590     
          10          31  0.948375523282083     
          15          32  0.965317898225134     
          15          33  0.963540354957695     
          16          34  0.982010563665441     
          16          35  0.975057839657972     
          16          36  0.974775688288922     
          18          37  0.964969468436787     
          18          38  0.964937669666038     
          19          39  0.982892783816469     
          19          40  0.977580354142656     
          19          41  0.976838906708927     
