   -0.13150370
    0.07364224
   -0.27241571
    0.37313009
   -0.44895270
   -0.26843935
    0.07672476
   -0.13224752
   -0.14829964
    0.03534668
   -0.15818446
    0.36309165
   -0.44914179
   -0.25898256
    0.08760486
   -0.12964218
   -0.25453987
    0.08227340
   -0.13301007
    0.08750440
    0.05911565
    0.07036352
    0.08866877
    0.06953648
    0.08717655
    0.06302925
    0.07241767
    0.08759511
    0.06153069
    0.11722473
    0.10782320
    0.06404401
    0.07607605
    0.06779949
    0.08484870
    0.06840231
    0.06055012
    0.06898603
    0.06908239
    0.08597450
    0.07579625
