           1           2   1.01839889515176     
           2           3  0.885633332588727     
           3           4   1.31631837420612     
           4           5   1.51767032747894     
           4           6   1.31921430457839     
           6           7  0.873904258062468     
           7           8   1.02165943888772     
           4           9  0.970871289822552     
           5           9  0.134656176259678     
           9          10  0.987373202909135     
          10          11  0.987491659418703     
          11          12  0.971010763748364     
          11          13  0.134560617580820     
          12          13   1.51800418007503     
          12          14   1.31559818310508     
          14          15  0.885544744648103     
          15          16   1.01856280623514     
          12          17   1.31885856184511     
          17          18  0.873947578827788     
          18          19   1.02164729049531     
           1          20  0.982604976535457     
           1          21  0.975559438171131     
           1          22  0.982043718934780     
           2          23  0.966978039746837     
           2          24  0.962263719540279     
           7          25  0.964944129443373     
           7          26  0.967379580529973     
           8          27  0.983436069842727     
           8          28  0.975715747060236     
           8          29  0.978348908976178     
          10          30  0.954880992106639     
          10          31  0.954813264025063     
          15          32  0.966954309971058     
          15          33  0.962454870277909     
          16          34  0.975570656698340     
          16          35  0.981865215192910     
          16          36  0.982612752730457     
          18          37  0.964948617594609     
          18          38  0.967333614059118     
          19          39  0.978413772849424     
          19          40  0.983421691097744     
          19          41  0.975712277383400     
