           1           2   1.01821884627131     
           2           3  0.883439507164239     
           3           4   1.27673979846378     
           4           5   1.54180817817196     
           4           6   1.33142470221829     
           6           7  0.868067273351293     
           7           8   1.02169911072157     
           4           9   1.01923937816049     
           5           9  0.128367273361787     
           9          10  0.984530617703142     
          10          11  0.982448657101522     
          11          12  0.963473984365773     
          11          13  0.140903567585331     
          12          13   1.51765944909536     
          12          14   1.34521450820186     
          14          15  0.884578058813223     
          15          16   1.02014201640912     
          12          17   1.34513405511748     
          17          18  0.863063036968363     
          18          19   1.02359410641128     
           1          20  0.981725202631918     
           1          21  0.975464943617673     
           1          22  0.981562772816086     
           2          23  0.966570116212476     
           2          24  0.972003874512294     
           7          25  0.967376985849737     
           7          26  0.966788463354905     
           8          27  0.975162292888018     
           8          28  0.973601690353526     
           8          29  0.982448990434178     
          10          30  0.958777417525634     
          10          31  0.943915694447583     
          15          32  0.966823223102778     
          15          33  0.966034881500615     
          16          34  0.982086800185270     
          16          35  0.979595629557896     
          16          36  0.976178526731430     
          18          37  0.971419192805546     
          18          38  0.964481552056321     
          19          39  0.974287928242846     
          19          40  0.973985553757169     
          19          41  0.981960522890962     
