$hessian                                                                        
        0.4740435296   0.0202510427   0.0015345074  -0.2105610448   0.0365597825
        0.0006125838  -0.0151874835   0.0084023111   0.0003986325   0.0002937924
        0.0013706062  -0.0000044806  -0.0003855353   0.0008231233   0.0000620741
        0.0007279830  -0.0035274126  -0.0003777748  -0.0313222554  -0.0002705043
       -0.0005017969  -0.0016929326  -0.0002652046  -0.0000377809   0.0000210822
       -0.0000081410   0.0000172656  -0.1160140720  -0.1115269610  -0.0106940224
       -0.0520361262   0.0222368880   0.0457141637  -0.0493166086   0.0257895105
       -0.0368414447   0.0013052851  -0.0015107094  -0.0000548874  -0.0005388321
        0.0001291564   0.0000017990   0.0008051167   0.0013545499   0.0001574395
        0.0000948975   0.0001494572   0.0000161442  -0.0000995319   0.0000218816
        0.0000282515  -0.0000902621   0.0000229768  -0.0000336955  -0.0000470020
       -0.0000023534   0.0000030220
        0.0202510427   0.5208394835   0.0026914730   0.0305720363  -0.0737370095
       -0.0006867534   0.0279820646  -0.0108361429  -0.0006322197   0.0003138924
       -0.0042725853  -0.0009211499   0.0000845375  -0.0001060123  -0.0000129618
       -0.0024233307  -0.0025691540  -0.0007363630  -0.0189760663   0.0040595515
        0.0000239943  -0.0016590021  -0.0000758596  -0.0000367874   0.0001471322
        0.0002614888   0.0001341928  -0.1106020499  -0.2113879525  -0.0160068763
        0.0237805948  -0.0941762779  -0.0959984930   0.0277211191  -0.1299397381
        0.1116178733   0.0019000032   0.0010929651   0.0002941725   0.0014558847
       -0.0005409538  -0.0000115500  -0.0008270106   0.0014111863   0.0002685316
        0.0000902435   0.0000109257   0.0000082407   0.0001073422  -0.0000298069
       -0.0000690433   0.0001431180  -0.0000417464   0.0000714528  -0.0000615517
        0.0000376386   0.0000022668
        0.0015345074   0.0026914730   0.4901245467   0.0000598046  -0.0005788068
       -0.0592204823   0.0019401866  -0.0009250766   0.0023646485  -0.0000972574
       -0.0008923281   0.0072533116  -0.0000028640  -0.0000007217   0.0000493086
       -0.0002891283  -0.0007690548   0.0063776567  -0.0019949262   0.0003073101
        0.0002066310  -0.0001552612  -0.0000058683  -0.0000160187   0.0000379579
        0.0001308162  -0.0013723053  -0.0105953839  -0.0160246946  -0.0457133571
        0.0481718208  -0.0967888408  -0.2141524830  -0.0389360571   0.1123325972
       -0.1812887079   0.0002086703   0.0002377643  -0.0022271878   0.0001079457
       -0.0000332032  -0.0000944822  -0.0000135841   0.0003111123  -0.0021985623
        0.0000098711   0.0000094471  -0.0000512481   0.0002517399  -0.0000081066
       -0.0000153957  -0.0002327990   0.0000026763  -0.0000113529  -0.0000052431
        0.0000035051  -0.0000145198
       -0.2105610448   0.0305720363   0.0000598046   0.6281397542  -0.0032647674
        0.0071027293  -0.1125361099   0.1072211944   0.0074798167  -0.0098660481
        0.0328811710   0.0024499744   0.0019960232  -0.0138979224  -0.0010045326
       -0.0547070376  -0.0074673436  -0.0013740317  -0.1941836504  -0.1504411978
       -0.0141603725  -0.0042531608   0.0019973354  -0.0000299479  -0.0009442820
       -0.0001994242  -0.0000347245  -0.0218723880  -0.0004968138  -0.0003654422
       -0.0132666261   0.0075915574   0.0039039356  -0.0123185821   0.0079591691
       -0.0029624120   0.0034920378  -0.0197221320  -0.0015192515  -0.0054940998
        0.0018130138  -0.0000593566   0.0058403164   0.0058244931   0.0005402842
       -0.0001625154  -0.0003448549  -0.0000366375   0.0002035219   0.0001210076
       -0.0002111586   0.0001966495   0.0000864024   0.0002363911   0.0002972420
       -0.0002329245  -0.0000150684
        0.0365597825  -0.0737370095  -0.0005788068  -0.0032647674   0.6579879381
        0.0404555284   0.0277737103  -0.3031683364  -0.0197659206   0.0928896880
        0.0001448384   0.0014515226  -0.0138954881  -0.0622619781  -0.0048239411
       -0.0658949578   0.0495072307   0.0031558640  -0.0748808309  -0.2113534693
       -0.0141119208   0.0035515458  -0.0002320711  -0.0005233038  -0.0007613980
       -0.0003249498  -0.0000491150  -0.0246464082   0.0040427731  -0.0000872675
        0.0162933151  -0.0049545487  -0.0019615667   0.0202453610  -0.0064096831
        0.0015908779   0.0035952507  -0.0248480901  -0.0019015347   0.0010700712
        0.0011323008  -0.0004851007  -0.0179851354  -0.0256701450  -0.0023388749
        0.0005827106  -0.0006658341  -0.0000719903  -0.0005943658   0.0002746620
        0.0001352441  -0.0005927958   0.0002953681  -0.0001097861  -0.0000452877
        0.0002410041   0.0000200921
        0.0006125838  -0.0006867534  -0.0592204823   0.0071027293   0.0404555284
        0.1491497408   0.0012004276  -0.0185355736  -0.0494476878   0.0071932546
        0.0005206266   0.0001543383  -0.0010057972  -0.0048355317  -0.0042430413
       -0.0060148526   0.0040678426  -0.0031988016  -0.0081772285  -0.0152859248
       -0.0485075918   0.0001104491  -0.0005419933   0.0070280293  -0.0000829394
       -0.0000312277   0.0000163988  -0.0024504086   0.0003208476   0.0002997376
        0.0249580722  -0.0068608394  -0.0002178692  -0.0222800432   0.0061523465
        0.0002995710   0.0003385017  -0.0022712304  -0.0002014945  -0.0001173300
       -0.0004770787   0.0074602609  -0.0013364091  -0.0019653716   0.0001820051
        0.0000379773  -0.0000877015   0.0004044505  -0.0000502621   0.0000114134
       -0.0000001581  -0.0000396878   0.0000391543  -0.0000115019   0.0000009629
        0.0000114668   0.0000540963
       -0.0151874835   0.0279820646   0.0019401866  -0.1125361099   0.0277737103
        0.0012004276   0.6630537442   0.0062455381   0.0090737552  -0.3193431250
        0.0887538234   0.0027534742  -0.0541797809  -0.0647034319  -0.0059607376
       -0.0320867198   0.0366694698   0.0024690971   0.0488053547   0.0018698504
        0.0008900769  -0.0018700214  -0.0029141222  -0.0002564076  -0.0008154085
       -0.0019558529  -0.0002811237   0.0009221519   0.0021882541   0.0001975029
       -0.0031125246   0.0017608409   0.0002446213  -0.0031394525   0.0017912137
       -0.0000592135  -0.1562939559  -0.1257784686  -0.0118888303  -0.0104520660
        0.0042018834   0.0001614000  -0.0022967938  -0.0039031141  -0.0004548495
        0.0005076581   0.0001273902   0.0000155108  -0.0011293607   0.0000232270
       -0.0001685555  -0.0011833457   0.0000015538   0.0001221524   0.0003372392
       -0.0001338298   0.0000015127
        0.0084023111  -0.0108361429  -0.0009250766   0.1072211944  -0.3031683364
       -0.0185355736   0.0062455381   0.6573881921   0.0433800497   0.0105991501
       -0.1035409725  -0.0044475784  -0.0079213609   0.0460881561   0.0035096446
        0.0345358141  -0.0291063523  -0.0014065828  -0.0528657477  -0.0605251484
       -0.0057381463  -0.0005199960   0.0008925910   0.0000728538  -0.0026056234
       -0.0024779424  -0.0008364438  -0.0020056479   0.0012237181   0.0000738203
       -0.0002885001  -0.0000344795   0.0003643545  -0.0001301725   0.0000066875
       -0.0003148034  -0.1256146448  -0.1840836459  -0.0139955439   0.0285583906
       -0.0093886267  -0.0003512154  -0.0033296990  -0.0026050857  -0.0008331391
       -0.0003914624   0.0004241486   0.0000227542   0.0001192392   0.0000232188
       -0.0002044705  -0.0001397677  -0.0000138142   0.0001823950   0.0001309849
       -0.0002661651  -0.0000172984
        0.0003986325  -0.0006322197   0.0023646485   0.0074798167  -0.0197659206
       -0.0494476878   0.0090737552   0.0433800497   0.1139691835  -0.0034226066
       -0.0032379991  -0.0454419731  -0.0014680481   0.0026270308   0.0002742089
        0.0022787878  -0.0013792930  -0.0046415068  -0.0034422555  -0.0048960888
        0.0012131292  -0.0000544370   0.0000493696  -0.0001152107  -0.0003363416
       -0.0008331307   0.0075286565  -0.0001393192   0.0001440525  -0.0001510156
        0.0007505347  -0.0000477827  -0.0002335065  -0.0008767708   0.0001641284
       -0.0003003216  -0.0118772181  -0.0139958850  -0.0331642405   0.0020930991
       -0.0007306042   0.0005994443  -0.0004117087  -0.0008399702   0.0072213114
       -0.0000221149   0.0000349188   0.0000400210  -0.0016726440  -0.0000093047
        0.0001025103   0.0016353692  -0.0000110298   0.0001924327   0.0000134692
       -0.0000203213  -0.0000100834
        0.0002937924   0.0003138924  -0.0000972574  -0.0098660481   0.0928896880
        0.0071932546  -0.3193431250   0.0105991501  -0.0034226066   0.6649897940
       -0.0025464897   0.0083630888  -0.2072057516  -0.0814514985  -0.0089839718
        0.0499032659  -0.0575188683  -0.0037389551  -0.0564199554  -0.0202532471
       -0.0024432905   0.0013670624   0.0062292002   0.0004327024  -0.0285090930
       -0.0194217987  -0.0019982367   0.0002461024  -0.0000173623   0.0000031364
       -0.0007230386   0.0001305444  -0.0003220582  -0.0007701135   0.0001085669
        0.0003252701  -0.0229907190   0.0023304334  -0.0001714906  -0.0655264231
        0.0704578440   0.0050935728  -0.0004088890  -0.0003003454  -0.0000280333
       -0.0004600250   0.0004708379   0.0000149823  -0.0028698951   0.0001026829
       -0.0003316757  -0.0028108807   0.0000436604   0.0002783594   0.0011039400
       -0.0021668906  -0.0001667910
        0.0013706062  -0.0042725853  -0.0008923281   0.0328811710   0.0001448384
        0.0005206266   0.0887538234  -0.1035409725  -0.0032379991  -0.0025464897
        0.6596146886   0.0431432193  -0.1590662426  -0.2194594410  -0.0163566280
       -0.0020367151  -0.0578286126  -0.0044191575  -0.0165203782  -0.0033268124
       -0.0002872817   0.0044934852  -0.0025817982  -0.0005513540  -0.0006100174
        0.0026191770   0.0000766621  -0.0003491917  -0.0001502585  -0.0000116616
        0.0006793450  -0.0003174045   0.0000924285   0.0004733520  -0.0001901261
       -0.0001399219  -0.0222445406   0.0030088289  -0.0000941514   0.0705430235
       -0.2743619093  -0.0179588967  -0.0004600583   0.0008532520   0.0000750122
       -0.0011974524  -0.0017491515  -0.0002410323   0.0017287433   0.0002015122
       -0.0003878675   0.0018818992   0.0001142454   0.0005305504   0.0022256373
        0.0012225294   0.0001397809
       -0.0000044806  -0.0009211499   0.0072533116   0.0024499744   0.0014515226
        0.0001543383   0.0027534742  -0.0044475784  -0.0454419731   0.0083630888
        0.0431432193   0.1174762411  -0.0151150914  -0.0151585886  -0.0453707336
        0.0006410587  -0.0052797067  -0.0027150118  -0.0021365513  -0.0003443328
       -0.0030713954   0.0003010645  -0.0005247979   0.0052768549  -0.0005206059
       -0.0002221302   0.0014671484  -0.0000194996  -0.0000070109  -0.0000206594
       -0.0013988588   0.0006813782   0.0001884651   0.0014561317  -0.0007381427
        0.0001091961  -0.0021150909   0.0002875240  -0.0001799930   0.0050964680
       -0.0179530342  -0.0352008807  -0.0000385310   0.0000787486  -0.0001960861
       -0.0001190550  -0.0002139304   0.0010686156   0.0011816783  -0.0000271522
       -0.0003670457  -0.0009682588   0.0001190540  -0.0003066622   0.0001930846
        0.0000761082  -0.0001237299
       -0.0003855353   0.0000845375  -0.0000028640   0.0019960232  -0.0138954881
       -0.0010057972  -0.0541797809  -0.0079213609  -0.0014680481  -0.2072057516
       -0.1590662426  -0.0151150914   0.6460162156   0.0317046916   0.0104388164
       -0.1037856005   0.1068694583   0.0076735642  -0.0108030716   0.0300318100
        0.0022196907   0.0010862862  -0.0315528291  -0.0025358449  -0.2134012650
        0.0345686303   0.0003405693   0.0003108680   0.0001065952   0.0000124800
        0.0004174961  -0.0001399653  -0.0002707662   0.0004088639  -0.0001825631
        0.0002524003  -0.0051469985   0.0013164143  -0.0000906450   0.0046003060
        0.0054602744   0.0005020620  -0.0054095170   0.0015989168  -0.0000658845
       -0.0022774978  -0.0025733536  -0.0002672727  -0.0226153473  -0.0014300077
        0.0037122569  -0.0217111542  -0.0008522227  -0.0046548920  -0.0079145391
        0.0058727047   0.0003252662
        0.0008231233  -0.0001060123  -0.0000007217  -0.0138979224  -0.0622619781
       -0.0048355317  -0.0647034319   0.0460881561   0.0026270308  -0.0814514985
       -0.2194594410  -0.0151585886   0.0317046916   0.6437906444   0.0403811208
        0.0312941380  -0.2585712487  -0.0156671906   0.0821706809   0.0025087486
        0.0015319472  -0.0058202404  -0.0492461871  -0.0042720414   0.0285251929
       -0.0724530859  -0.0006760252  -0.0000073430   0.0000758413   0.0000078407
        0.0002579706   0.0003174673   0.0003473624   0.0002704554   0.0003751091
       -0.0002866045   0.0017532249   0.0007663723  -0.0004756334  -0.0178888613
       -0.0266366585  -0.0024389099   0.0006265887   0.0009934128  -0.0004917812
       -0.0020980338  -0.0024177316  -0.0003710306  -0.0129610953   0.0035145389
       -0.0000558451  -0.0089415648   0.0028184211   0.0001720403   0.0303439249
       -0.0100963685  -0.0003374383
        0.0000620741  -0.0000129618   0.0000493086  -0.0010045326  -0.0048239411
       -0.0042430413  -0.0059607376   0.0035096446   0.0002742089  -0.0089839718
       -0.0163566280  -0.0453707336   0.0104388164   0.0403811208   0.1424976687
        0.0016985663  -0.0145200962  -0.0549880861   0.0063363368   0.0007100089
       -0.0004724301  -0.0005007684  -0.0046488217   0.0030617864  -0.0001821142
       -0.0005716876  -0.0583910575   0.0000030222   0.0000069489   0.0000112567
        0.0000351716   0.0000743530   0.0000285554   0.0000190444  -0.0000244193
       -0.0000235194  -0.0000514752  -0.0004820781   0.0070619461  -0.0013543966
       -0.0020782657   0.0004826854  -0.0001493895  -0.0004752463   0.0073152956
       -0.0002293420  -0.0003782612   0.0018584073   0.0230366509  -0.0039683051
        0.0004548077  -0.0255783104   0.0044012942   0.0002336812   0.0023653555
       -0.0007426585   0.0001592599
        0.0007279830  -0.0024233307  -0.0002891283  -0.0547070376  -0.0658949578
       -0.0060148526  -0.0320867198   0.0345358141   0.0022787878   0.0499032659
       -0.0020367151   0.0006410587  -0.1037856005   0.0312941380   0.0016985663
        0.6568119407  -0.0262254370   0.0061626741  -0.3066932341   0.1002211800
        0.0038896299  -0.1834980920  -0.1059195618  -0.0106932279  -0.0186690134
        0.0266080606   0.0017940529  -0.0002480429   0.0006632033   0.0000562167
        0.0005142817   0.0002705153  -0.0001369206   0.0004915708   0.0002464372
        0.0001915225   0.0004463903   0.0012976076   0.0001167401  -0.0021338666
       -0.0030955532  -0.0004095657  -0.0107236935   0.0040303570   0.0001309723
        0.0129417581   0.0011255712   0.0003291125  -0.0012992456   0.0018503490
        0.0012458501  -0.0012703222   0.0020199087  -0.0009876705  -0.0067223224
        0.0014324134  -0.0000038183
       -0.0035274126  -0.0025691540  -0.0007690548  -0.0074673436   0.0495072307
        0.0040678426   0.0366694698  -0.0291063523  -0.0013792930  -0.0575188683
       -0.0578286126  -0.0052797067   0.1068694583  -0.2585712487  -0.0145200962
       -0.0262254370   0.6217505449   0.0386467740   0.0172374210  -0.1050214284
       -0.0043586730  -0.0782284257  -0.1587225637  -0.0109530367   0.0108054039
       -0.0120368726  -0.0008330812  -0.0008694813   0.0003182067  -0.0000243001
        0.0003007477  -0.0005810847  -0.0004852622   0.0001396859  -0.0005829824
        0.0003882881   0.0011287398   0.0006613893   0.0000360168  -0.0025111881
       -0.0013492337  -0.0008141219   0.0286169372  -0.0118950593  -0.0005638714
       -0.0227016643  -0.0335139301  -0.0029044593  -0.0019297259   0.0000718696
        0.0013085683  -0.0018265135   0.0002223579  -0.0014388522   0.0010381965
       -0.0007530765  -0.0001236812
       -0.0003777748  -0.0007363630   0.0063776567  -0.0013740317   0.0031558640
       -0.0031988016   0.0024690971  -0.0014065828  -0.0046415068  -0.0037389551
       -0.0044191575  -0.0027150118   0.0076735642  -0.0156671906  -0.0549880861
        0.0061626741   0.0386467740   0.1309268839  -0.0026655817  -0.0030704419
       -0.0467211981  -0.0085118112  -0.0114041183  -0.0365890275   0.0005535259
       -0.0005685850   0.0005218183  -0.0000663513   0.0000053046   0.0003424680
       -0.0009002210   0.0003572206   0.0000981244   0.0009283165  -0.0004647352
        0.0001320401   0.0000867872   0.0000293681   0.0005258227  -0.0003624296
       -0.0008218236   0.0083306468   0.0020830762  -0.0009460403   0.0007981568
       -0.0015678538  -0.0025333753  -0.0015189850   0.0001818456  -0.0003699504
        0.0007544386  -0.0005430769   0.0003426584   0.0005379111  -0.0000307997
       -0.0001288257   0.0010266496
       -0.0313222554  -0.0189760663  -0.0019949262  -0.1941836504  -0.0748808309
       -0.0081772285   0.0488053547  -0.0528657477  -0.0034422555  -0.0564199554
       -0.0165203782  -0.0021365513  -0.0108030716   0.0821706809   0.0063363368
       -0.3066932341   0.0172374210  -0.0026655817   0.6679283070  -0.0002155374
        0.0086849346  -0.0453835763  -0.0084635476  -0.0014629269   0.0021782727
        0.0012648646   0.0000544798  -0.0066817510   0.0005957672  -0.0000738696
       -0.0002605770  -0.0017457770  -0.0007991142  -0.0002596685  -0.0018536410
        0.0004824387   0.0002210188   0.0020287767   0.0000484512  -0.0004146286
       -0.0005170833  -0.0000487644  -0.0681186837   0.0719773578   0.0051234330
        0.0012796131   0.0018100998   0.0001634209   0.0002630126  -0.0005383513
       -0.0001694353   0.0002232750  -0.0005507223   0.0000931312  -0.0003578018
        0.0000427150  -0.0000159728
       -0.0002705043   0.0040595515   0.0003073101  -0.1504411978  -0.2113534693
       -0.0152859248   0.0018698504  -0.0605251484  -0.0048960888  -0.0202532471
       -0.0033268124  -0.0003443328   0.0300318100   0.0025087486   0.0007100089
        0.1002211800  -0.1050214284  -0.0030704419  -0.0002155374   0.6539038812
        0.0432627371  -0.0389152549  -0.0035813818  -0.0012975844   0.0014931900
       -0.0047709346  -0.0008195742   0.0017221027   0.0000626790  -0.0000541739
        0.0012149861   0.0001264493  -0.0003524651   0.0012137087   0.0001002452
        0.0002748051   0.0016037897  -0.0053259193  -0.0009639845  -0.0005139827
        0.0008636929   0.0000648297   0.0726907395  -0.2692239036  -0.0176630200
       -0.0022313355   0.0022057176   0.0001951195  -0.0002401877  -0.0001962385
        0.0001789984  -0.0003962223  -0.0001233783  -0.0002170591   0.0014161127
       -0.0003823505  -0.0000291593
       -0.0005017969   0.0000239943   0.0002066310  -0.0141603725  -0.0141119208
       -0.0485075918   0.0008900769  -0.0057381463   0.0012131292  -0.0024432905
       -0.0002872817  -0.0030713954   0.0022196907   0.0015319472  -0.0004724301
        0.0038896299  -0.0043586730  -0.0467211981   0.0086849346   0.0432627371
        0.1102511431  -0.0038639542  -0.0008344250   0.0051410306   0.0000624210
       -0.0008239357   0.0058944455   0.0000053882  -0.0000772439   0.0010671656
        0.0000823654  -0.0000720960   0.0007095080   0.0000851263  -0.0001002198
        0.0007794930   0.0000195716  -0.0009574908   0.0070733632  -0.0000437544
        0.0000688456  -0.0000973994   0.0051710558  -0.0176720784  -0.0327266500
       -0.0001561696   0.0002435182  -0.0011254769  -0.0010495336   0.0002538448
        0.0000966507   0.0010114896  -0.0003066969   0.0000586768   0.0000971216
       -0.0000446788   0.0002309051
       -0.0016929326  -0.0016590021  -0.0001552612  -0.0042531608   0.0035515458
        0.0001104491  -0.0018700214  -0.0005199960  -0.0000544370   0.0013670624
        0.0044934852   0.0003010645   0.0010862862  -0.0058202404  -0.0005007684
       -0.1834980920  -0.0782284257  -0.0085118112  -0.0453835763  -0.0389152549
       -0.0038639542   0.3523573962  -0.0334995013   0.0025270877   0.0026097136
        0.0039255590   0.0003960666  -0.0009894071  -0.0002664134  -0.0000372230
       -0.0001211019   0.0000722729   0.0002000553  -0.0001160415   0.0001028749
       -0.0001950348  -0.0004320424  -0.0004322986  -0.0000305566   0.0001949791
       -0.0001603053  -0.0000050116   0.0025460544  -0.0008322530   0.0000085263
       -0.1237620544   0.1489481365   0.0098532100   0.0009494910  -0.0005843507
       -0.0009635044   0.0009278401  -0.0007308433   0.0008775457   0.0000796072
        0.0005550104   0.0000435572
       -0.0002652046  -0.0000758596  -0.0000058683   0.0019973354  -0.0002320711
       -0.0005419933  -0.0029141222   0.0008925910   0.0000493696   0.0062292002
       -0.0025817982  -0.0005247979  -0.0315528291  -0.0492461871  -0.0046488217
       -0.1059195618  -0.1587225637  -0.0114041183  -0.0084635476  -0.0035813818
       -0.0008344250  -0.0334995013   0.5396019188   0.0398985212  -0.0007550964
        0.0021986403   0.0003322199  -0.0003484617  -0.0002575210  -0.0000158805
       -0.0002353736   0.0000670988   0.0003060221  -0.0002287361   0.0001189293
       -0.0003060491  -0.0003477306  -0.0004286763   0.0000560719  -0.0010187153
       -0.0023473371  -0.0001913565   0.0021021128   0.0023422424   0.0003741990
        0.1736424199  -0.3279691388  -0.0225899357   0.0011385346   0.0000620274
       -0.0013125265   0.0010951295  -0.0001084117   0.0013559840  -0.0006558521
        0.0002674981   0.0000033849
       -0.0000377809  -0.0000367874  -0.0000160187  -0.0000299479  -0.0005233038
        0.0070280293  -0.0002564076   0.0000728538  -0.0001152107   0.0004327024
       -0.0005513540   0.0052768549  -0.0025358449  -0.0042720414   0.0030617864
       -0.0106932279  -0.0109530367  -0.0365890275  -0.0014629269  -0.0012975844
        0.0051410306   0.0025270877   0.0398985212   0.0294082467   0.0000270821
        0.0003981212  -0.0020685881  -0.0000389736  -0.0000122859  -0.0001262519
       -0.0000398712   0.0000200029   0.0000330732   0.0000013482  -0.0000064441
       -0.0000205510  -0.0000099645   0.0000675786  -0.0013192782  -0.0000760690
       -0.0001762515  -0.0001087850   0.0002382088   0.0003249337  -0.0018934720
        0.0118068864  -0.0229789400  -0.0074654327   0.0000972301   0.0001101146
       -0.0002825966   0.0001027037  -0.0001119784  -0.0000499460  -0.0000522350
        0.0000278817   0.0001061374
        0.0000210822   0.0001471322   0.0000379579  -0.0009442820  -0.0007613980
       -0.0000829394  -0.0008154085  -0.0026056234  -0.0003363416  -0.0285090930
       -0.0006100174  -0.0005206059  -0.2134012650   0.0285251929  -0.0001821142
       -0.0186690134   0.0108054039   0.0005535259   0.0021782727   0.0014931900
        0.0000624210   0.0026097136  -0.0007550964   0.0000270821   0.4661294920
        0.0040968667  -0.0000537612   0.0000196114   0.0000133414  -0.0000014396
       -0.0001256120   0.0000322536   0.0000574097  -0.0001170694   0.0000370361
       -0.0000491906  -0.0010668336   0.0001936002  -0.0000021696   0.0011827958
        0.0015389896   0.0001719821  -0.0004747134   0.0000475018  -0.0000045268
       -0.0002661715  -0.0004218971  -0.0000479297  -0.0827833721  -0.0466347774
        0.0787342018  -0.0773958586  -0.0308299998  -0.0812730019  -0.0475722755
        0.0356883011   0.0029094401
       -0.0000081410   0.0002614888   0.0001308162  -0.0001994242  -0.0003249498
       -0.0000312277  -0.0019558529  -0.0024779424  -0.0008331307  -0.0194217987
        0.0026191770  -0.0002221302   0.0345686303  -0.0724530859  -0.0005716876
        0.0266080606  -0.0120368726  -0.0005685850   0.0012648646  -0.0047709346
       -0.0008239357   0.0039255590   0.0021986403   0.0003981212   0.0040968667
        0.5323700290   0.0038335935   0.0000683913   0.0000061217   0.0000030479
       -0.0001010863   0.0000293680   0.0000696960  -0.0000685960   0.0000173812
       -0.0000641682  -0.0011618777   0.0000683869  -0.0000277322  -0.0019388166
        0.0013440509   0.0002764442   0.0015551464  -0.0005634179  -0.0000053849
        0.0000311926   0.0003491655   0.0000075564  -0.0491639811  -0.0969040579
        0.0867903428  -0.0329760870  -0.0709112289  -0.0695516829   0.0348769501
       -0.2788213192  -0.0188099528
        0.0000172656   0.0001341928  -0.0013723053  -0.0000347245  -0.0000491150
        0.0000163988  -0.0002811237  -0.0008364438   0.0075286565  -0.0019982367
        0.0000766621   0.0014671484   0.0003405693  -0.0006760252  -0.0583910575
        0.0017940529  -0.0008330812   0.0005218183   0.0000544798  -0.0008195742
        0.0058944455   0.0003960666   0.0003322199  -0.0020685881  -0.0000537612
        0.0038335935   0.4855622130   0.0000054810   0.0000013685  -0.0000174969
        0.0001856337  -0.0001458032  -0.0000347636  -0.0001999495   0.0001553418
       -0.0000291362  -0.0001122757  -0.0000058101   0.0001830282  -0.0000987043
        0.0003276419  -0.0024843598   0.0001174796  -0.0000301978  -0.0001700653
       -0.0000041949   0.0000033256   0.0001994889   0.0808550869   0.0865019070
       -0.1801764672  -0.0838068196  -0.0691749661  -0.2114384161   0.0028236748
       -0.0187952365  -0.0451905415
       -0.1160140720  -0.1106020499  -0.0105953839  -0.0218723880  -0.0246464082
       -0.0024504086   0.0009221519  -0.0020056479  -0.0001393192   0.0002461024
       -0.0003491917  -0.0000194996   0.0003108680  -0.0000073430   0.0000030222
       -0.0002480429  -0.0008694813  -0.0000663513  -0.0066817510   0.0017221027
        0.0000053882  -0.0009894071  -0.0003484617  -0.0000389736   0.0000196114
        0.0000683913   0.0000054810   0.1374455843   0.1286949684   0.0124323675
        0.0036833272   0.0036954057  -0.0000797636   0.0032078045   0.0028221087
        0.0008061906  -0.0002706175   0.0013519617   0.0000966422   0.0001379742
        0.0000125450   0.0000035978   0.0000112292   0.0003514601   0.0000263146
        0.0000697831   0.0000940956   0.0000079652   0.0000147169  -0.0000123324
        0.0000102376   0.0000145917  -0.0000105661  -0.0000100187  -0.0000074665
        0.0000384429   0.0000025118
       -0.1115269610  -0.2113879525  -0.0160246946  -0.0004968138   0.0040427731
        0.0003208476   0.0021882541   0.0012237181   0.0001440525  -0.0000173623
       -0.0001502585  -0.0000070109   0.0001065952   0.0000758413   0.0000069489
        0.0006632033   0.0003182067   0.0000053046   0.0005957672   0.0000626790
       -0.0000772439  -0.0002664134  -0.0002575210  -0.0000122859   0.0000133414
        0.0000061217   0.0000013685   0.1286949684   0.2435399482   0.0188568009
       -0.0090192330  -0.0165653083  -0.0041450894  -0.0114579245  -0.0211623403
        0.0008960750   0.0002729392  -0.0001105896  -0.0000088282   0.0000046059
        0.0000500648   0.0000045001   0.0001991890   0.0002195437   0.0000285439
        0.0000728062   0.0000729009   0.0000089469  -0.0000109996  -0.0000122736
        0.0000213611  -0.0000095244  -0.0000096175  -0.0000224360  -0.0000064376
        0.0000440640   0.0000028389
       -0.0106940224  -0.0160068763  -0.0457133571  -0.0003654422  -0.0000872675
        0.0002997376   0.0001975029   0.0000738203  -0.0001510156   0.0000031364
       -0.0000116616  -0.0000206594   0.0000124800   0.0000078407   0.0000112567
        0.0000562167  -0.0000243001   0.0003424680  -0.0000738696  -0.0000541739
        0.0010671656  -0.0000372230  -0.0000158805  -0.0001262519  -0.0000014396
        0.0000030479  -0.0000174969   0.0124323675   0.0188568009   0.0482374278
       -0.0145718143  -0.0257359321  -0.0044847673   0.0130032965   0.0229276375
        0.0005947252   0.0000111330   0.0000168467   0.0000722866   0.0000022095
        0.0000053534  -0.0000166244   0.0000175940   0.0000285271  -0.0001007462
        0.0000088813   0.0000135477   0.0000087694   0.0000073022   0.0000012156
       -0.0000005642  -0.0000079348  -0.0000027343  -0.0000060723  -0.0000003743
        0.0000041885   0.0000037186
       -0.0520361262   0.0237805948   0.0481718208  -0.0132666261   0.0162933151
        0.0249580722  -0.0031125246  -0.0002885001   0.0007505347  -0.0007230386
        0.0006793450  -0.0013988588   0.0004174961   0.0002579706   0.0000351716
        0.0005142817   0.0003007477  -0.0009002210  -0.0002605770   0.0012149861
        0.0000823654  -0.0001211019  -0.0002353736  -0.0000398712  -0.0001256120
       -0.0001010863   0.0001856337   0.0036833272  -0.0090192330  -0.0145718143
        0.0631357462  -0.0301207257  -0.0537803824   0.0024224954  -0.0023379551
       -0.0042769779  -0.0000977445  -0.0001318386   0.0003073556  -0.0002343696
        0.0001180505  -0.0000274970  -0.0001229230  -0.0004591893   0.0004612315
       -0.0000092653   0.0000048026   0.0000336584  -0.0000694648   0.0000146861
        0.0000410426  -0.0000132523   0.0000265299  -0.0000348985   0.0000192792
        0.0000028733   0.0000036348
        0.0222368880  -0.0941762779  -0.0967888408   0.0075915574  -0.0049545487
       -0.0068608394   0.0017608409  -0.0000344795  -0.0000477827   0.0001305444
       -0.0003174045   0.0006813782  -0.0001399653   0.0003174673   0.0000743530
        0.0002705153  -0.0005810847   0.0003572206  -0.0017457770   0.0001264493
       -0.0000720960   0.0000722729   0.0000670988   0.0000200029   0.0000322536
        0.0000293680  -0.0001458032   0.0036954057  -0.0165653083  -0.0257359321
       -0.0301207257   0.1075014375   0.1120278834  -0.0035619825   0.0085056651
        0.0170011426  -0.0000516250   0.0001650927  -0.0002324120   0.0000791443
       -0.0000597820  -0.0000305736  -0.0001914635  -0.0000354392  -0.0002325574
       -0.0000617192   0.0000359103  -0.0000037751   0.0000265129  -0.0000043656
       -0.0000146782  -0.0000200522   0.0000031556   0.0000122268  -0.0000026253
       -0.0000229541  -0.0000089170
        0.0457141637  -0.0959984930  -0.2141524830   0.0039039356  -0.0019615667
       -0.0002178692   0.0002446213   0.0003643545  -0.0002335065  -0.0003220582
        0.0000924285   0.0001884651  -0.0002707662   0.0003473624   0.0000285554
       -0.0001369206  -0.0004852622   0.0000981244  -0.0007991142  -0.0003524651
        0.0007095080   0.0002000553   0.0003060221   0.0000330732   0.0000574097
        0.0000696960  -0.0000347636  -0.0000797636  -0.0041450894  -0.0044847673
       -0.0537803824   0.1120278834   0.2472887329   0.0048145240  -0.0106640818
       -0.0290123820  -0.0000019118   0.0001022109  -0.0000666295   0.0000081643
       -0.0000429459   0.0000089980   0.0003767280   0.0004042740  -0.0001329124
        0.0000055276  -0.0000168165  -0.0000089333   0.0000430103  -0.0000081829
       -0.0000483211   0.0000299170  -0.0000095383   0.0000449607  -0.0000071398
       -0.0000297901  -0.0000078499
       -0.0493166086   0.0277211191  -0.0389360571  -0.0123185821   0.0202453610
       -0.0222800432  -0.0031394525  -0.0001301725  -0.0008767708  -0.0007701135
        0.0004733520   0.0014561317   0.0004088639   0.0002704554   0.0000190444
        0.0004915708   0.0001396859   0.0009283165  -0.0002596685   0.0012137087
        0.0000851263  -0.0001160415  -0.0002287361   0.0000013482  -0.0001170694
       -0.0000685960  -0.0001999495   0.0032078045  -0.0114579245   0.0130032965
        0.0024224954  -0.0035619825   0.0048145240   0.0600176824  -0.0343226756
        0.0428275799  -0.0000902187  -0.0000785336  -0.0003195525  -0.0002403905
        0.0001146704   0.0000398349  -0.0001072774  -0.0003769035  -0.0005281567
       -0.0000091240   0.0000045915  -0.0000322871  -0.0000144604   0.0000195760
        0.0000387222  -0.0000683729   0.0000192953  -0.0000399935   0.0000189629
        0.0000037090  -0.0000011144
        0.0257895105  -0.1299397381   0.1123325972   0.0079591691  -0.0064096831
        0.0061523465   0.0017912137   0.0000066875   0.0001641284   0.0001085669
       -0.0001901261  -0.0007381427  -0.0001825631   0.0003751091  -0.0000244193
        0.0002464372  -0.0005829824  -0.0004647352  -0.0018536410   0.0001002452
       -0.0001002198   0.0001028749   0.0001189293  -0.0000064441   0.0000370361
        0.0000173812   0.0001553418   0.0028221087  -0.0211623403   0.0229276375
       -0.0023379551   0.0085056651  -0.0106640818  -0.0343226756   0.1490920305
       -0.1302887991  -0.0000582593   0.0001480654   0.0002629590   0.0000811034
       -0.0000697905   0.0000199796  -0.0001353689  -0.0000045681   0.0002539887
       -0.0000611748   0.0000274961   0.0000125089  -0.0000148698   0.0000047440
       -0.0000204694   0.0000328261  -0.0000095851   0.0000202884  -0.0000043390
       -0.0000275396   0.0000055356
       -0.0368414447   0.1116178733  -0.1812887079  -0.0029624120   0.0015908779
        0.0002995710  -0.0000592135  -0.0003148034  -0.0003003216   0.0003252701
       -0.0001399219   0.0001091961   0.0002524003  -0.0002866045  -0.0000235194
        0.0001915225   0.0003882881   0.0001320401   0.0004824387   0.0002748051
        0.0007794930  -0.0001950348  -0.0003060491  -0.0000205510  -0.0000491906
       -0.0000641682  -0.0000291362   0.0008061906   0.0008960750   0.0005947252
       -0.0042769779   0.0170011426  -0.0290123820   0.0428275799  -0.1302887991
        0.2089862705  -0.0000077229  -0.0000726738  -0.0000469521  -0.0000041473
        0.0000344453   0.0000183364  -0.0004069781  -0.0004010546  -0.0001886310
       -0.0000152222   0.0000265233  -0.0000046523  -0.0000346490   0.0000027476
        0.0000451433  -0.0000390486   0.0000133371  -0.0000473348   0.0000066395
        0.0000279593  -0.0000025875
        0.0013052851   0.0019000032   0.0002086703   0.0034920378   0.0035952507
        0.0003385017  -0.1562939559  -0.1256146448  -0.0118772181  -0.0229907190
       -0.0222445406  -0.0021150909  -0.0051469985   0.0017532249  -0.0000514752
        0.0004463903   0.0011287398   0.0000867872   0.0002210188   0.0016037897
        0.0000195716  -0.0004320424  -0.0003477306  -0.0000099645  -0.0010668336
       -0.0011618777  -0.0001122757  -0.0002706175   0.0002729392   0.0000111330
       -0.0000977445  -0.0000516250  -0.0000019118  -0.0000902187  -0.0000582593
       -0.0000077229   0.1804593687   0.1395111291   0.0134868226   0.0006128552
       -0.0006248698   0.0000009645   0.0001605223   0.0002330105   0.0000183153
        0.0001213453   0.0000366282   0.0000060817  -0.0002740556   0.0000415152
        0.0000226885  -0.0002739410   0.0000454867  -0.0000243914   0.0001183033
       -0.0000181694   0.0000005142
       -0.0015107094   0.0010929651   0.0002377643  -0.0197221320  -0.0248480901
       -0.0022712304  -0.1257784686  -0.1840836459  -0.0139958850   0.0023304334
        0.0030088289   0.0002875240   0.0013164143   0.0007663723  -0.0004820781
        0.0012976076   0.0006613893   0.0000293681   0.0020287767  -0.0053259193
       -0.0009574908  -0.0004322986  -0.0004286763   0.0000675786   0.0001936002
        0.0000683869  -0.0000058101   0.0013519617  -0.0001105896   0.0000168467
       -0.0001318386   0.0001650927   0.0001022109  -0.0000785336   0.0001480654
       -0.0000726738   0.1395111291   0.2092356631   0.0168728431   0.0007660480
        0.0009985532   0.0002988217  -0.0011742281  -0.0015857380  -0.0001596469
        0.0000900905   0.0001675937   0.0000301179  -0.0000024560  -0.0000128052
        0.0000266041  -0.0000162386  -0.0000054957  -0.0000320352  -0.0000391581
        0.0000880496   0.0000071711
       -0.0000548874   0.0002941725  -0.0022271878  -0.0015192515  -0.0019015347
       -0.0002014945  -0.0118888303  -0.0139955439  -0.0331642405  -0.0001714906
       -0.0000941514  -0.0001799930  -0.0000906450  -0.0004756334   0.0070619461
        0.0001167401   0.0000360168   0.0005258227   0.0000484512  -0.0009639845
        0.0070733632  -0.0000305566   0.0000560719  -0.0013192782  -0.0000021696
       -0.0000277322   0.0001830282   0.0000966422  -0.0000088282   0.0000722866
        0.0003073556  -0.0002324120  -0.0000666295  -0.0003195525   0.0002629590
       -0.0000469521   0.0134868226   0.0168728431   0.0248512068   0.0001101266
        0.0002771559  -0.0025816175  -0.0000917260  -0.0001392380   0.0001773724
        0.0000141916   0.0000362274  -0.0001895053  -0.0000951251   0.0000156995
        0.0000282738   0.0000850265  -0.0000195508   0.0000236948  -0.0000011217
        0.0000074628  -0.0000200962
       -0.0005388321   0.0014558847   0.0001079457  -0.0054940998   0.0010700712
       -0.0001173300  -0.0104520660   0.0285583906   0.0020930991  -0.0655264231
        0.0705430235   0.0050964680   0.0046003060  -0.0178888613  -0.0013543966
       -0.0021338666  -0.0025111881  -0.0003624296  -0.0004146286  -0.0005139827
       -0.0000437544   0.0001949791  -0.0010187153  -0.0000760690   0.0011827958
       -0.0019388166  -0.0000987043   0.0001379742   0.0000046059   0.0000022095
       -0.0002343696   0.0000791443   0.0000081643  -0.0002403905   0.0000811034
       -0.0000041473   0.0006128552   0.0007660480   0.0001101266   0.0792531876
       -0.0786946172  -0.0053802022  -0.0000653489   0.0000290132   0.0000255332
       -0.0000788181  -0.0004168709  -0.0000318330   0.0000043823   0.0001236944
       -0.0000240397   0.0000169226   0.0001189719   0.0000455204  -0.0008245597
        0.0001531009   0.0000038392
        0.0001291564  -0.0005409538  -0.0000332032   0.0018130138   0.0011323008
       -0.0004770787   0.0042018834  -0.0093886267  -0.0007306042   0.0704578440
       -0.2743619093  -0.0179530342   0.0054602744  -0.0266366585  -0.0020782657
       -0.0030955532  -0.0013492337  -0.0008218236  -0.0005170833   0.0008636929
        0.0000688456  -0.0001603053  -0.0023473371  -0.0001762515   0.0015389896
        0.0013440509   0.0003276419   0.0000125450   0.0000500648   0.0000053534
        0.0001180505  -0.0000597820  -0.0000429459   0.0001146704  -0.0000697905
        0.0000344453  -0.0006248698   0.0009985532   0.0002771559  -0.0786946172
        0.3100170862   0.0214346152  -0.0000268156  -0.0001036215   0.0001136838
       -0.0000837047  -0.0001938088   0.0000005130   0.0001493839   0.0000675707
       -0.0000767923   0.0002133991   0.0000670891   0.0001039488  -0.0010062616
        0.0005113134   0.0000237964
        0.0000017990  -0.0000115500  -0.0000944822  -0.0000593566  -0.0004851007
        0.0074602609   0.0001614000  -0.0003512154   0.0005994443   0.0050935728
       -0.0179588967  -0.0352008807   0.0005020620  -0.0024389099   0.0004826854
       -0.0004095657  -0.0008141219   0.0083306468  -0.0000487644   0.0000648297
       -0.0000973994  -0.0000050116  -0.0001913565  -0.0001087850   0.0001719821
        0.0002764442  -0.0024843598   0.0000035978   0.0000045001  -0.0000166244
       -0.0000274970  -0.0000305736   0.0000089980   0.0000398349   0.0000199796
        0.0000183364   0.0000009645   0.0002988217  -0.0025816175  -0.0053802022
        0.0214346152   0.0255748408   0.0000207016   0.0001131454  -0.0015284872
       -0.0000028228   0.0000035877  -0.0002553027   0.0004486031   0.0001161069
       -0.0000623572  -0.0004204596  -0.0000881697  -0.0000784779  -0.0000908378
        0.0000378640   0.0000335613
        0.0008051167  -0.0008270106  -0.0000135841   0.0058403164  -0.0179851354
       -0.0013364091  -0.0022967938  -0.0033296990  -0.0004117087  -0.0004088890
       -0.0004600583  -0.0000385310  -0.0054095170   0.0006265887  -0.0001493895
       -0.0107236935   0.0286169372   0.0020830762  -0.0681186837   0.0726907395
        0.0051710558   0.0025460544   0.0021021128   0.0002382088  -0.0004747134
        0.0015551464   0.0001174796   0.0000112292   0.0001991890   0.0000175940
       -0.0001229230  -0.0001914635   0.0003767280  -0.0001072774  -0.0001353689
       -0.0004069781   0.0001605223  -0.0011742281  -0.0000917260  -0.0000653489
       -0.0000268156   0.0000207016   0.0792942960  -0.0804700247  -0.0054815370
       -0.0006606500  -0.0014025369  -0.0001082737   0.0000843179   0.0000269176
       -0.0000382796   0.0000841067   0.0000185041   0.0000429588  -0.0004374699
        0.0001662056   0.0000086139
        0.0013545499   0.0014111863   0.0003111123   0.0058244931  -0.0256701450
       -0.0019653716  -0.0039031141  -0.0026050857  -0.0008399702  -0.0003003454
        0.0008532520   0.0000787486   0.0015989168   0.0009934128  -0.0004752463
        0.0040303570  -0.0118950593  -0.0009460403   0.0719773578  -0.2692239036
       -0.0176720784  -0.0008322530   0.0023422424   0.0003249337   0.0000475018
       -0.0005634179  -0.0000301978   0.0003514601   0.0002195437   0.0000285271
       -0.0004591893  -0.0000354392   0.0004042740  -0.0003769035  -0.0000045681
       -0.0004010546   0.0002330105  -0.0015857380  -0.0001392380   0.0000290132
       -0.0001036215   0.0001131454  -0.0804700247   0.3058543508   0.0211504729
        0.0006982259   0.0001480852   0.0000528046   0.0000001218   0.0000004483
       -0.0000551896   0.0000070532  -0.0000124178   0.0000567434   0.0001897689
       -0.0001231256   0.0000036248
        0.0001574395   0.0002685316  -0.0021985623   0.0005402842  -0.0023388749
        0.0001820051  -0.0004548495  -0.0008331391   0.0072213114  -0.0000280333
        0.0000750122  -0.0001960861  -0.0000658845  -0.0004917812   0.0073152956
        0.0001309723  -0.0005638714   0.0007981568   0.0051234330  -0.0176630200
       -0.0327266500   0.0000085263   0.0003741990  -0.0018934720  -0.0000045268
       -0.0000053849  -0.0001700653   0.0000263146   0.0000285439  -0.0001007462
        0.0004612315  -0.0002325574  -0.0001329124  -0.0005281567   0.0002539887
       -0.0001886310   0.0000183153  -0.0001596469   0.0001773724   0.0000255332
        0.0001136838  -0.0015284872  -0.0054815370   0.0211504729   0.0240730734
        0.0000575663   0.0000165371  -0.0004602173   0.0000557237  -0.0000199407
       -0.0000281234  -0.0000528599   0.0000236728  -0.0000175816   0.0000105079
        0.0000035744  -0.0001256799
        0.0000948975   0.0000902435   0.0000098711  -0.0001625154   0.0005827106
        0.0000379773   0.0005076581  -0.0003914624  -0.0000221149  -0.0004600250
       -0.0011974524  -0.0001190550  -0.0022774978  -0.0020980338  -0.0002293420
        0.0129417581  -0.0227016643  -0.0015678538   0.0012796131  -0.0022313355
       -0.0001561696  -0.1237620544   0.1736424199   0.0118068864  -0.0002661715
        0.0000311926  -0.0000041949   0.0000697831   0.0000728062   0.0000088813
       -0.0000092653  -0.0000617192   0.0000055276  -0.0000091240  -0.0000611748
       -0.0000152222   0.0001213453   0.0000900905   0.0000141916  -0.0000788181
       -0.0000837047  -0.0000028228  -0.0006606500   0.0006982259   0.0000575663
        0.1121366505  -0.1467343720  -0.0098606064   0.0002171903   0.0001604492
       -0.0002774518   0.0002086138   0.0001149916   0.0003065320   0.0001086118
        0.0000777890   0.0000073999
        0.0001494572   0.0000109257   0.0000094471  -0.0003448549  -0.0006658341
       -0.0000877015   0.0001273902   0.0004241486   0.0000349188   0.0004708379
       -0.0017491515  -0.0002139304  -0.0025733536  -0.0024177316  -0.0003782612
        0.0011255712  -0.0335139301  -0.0025333753   0.0018100998   0.0022057176
        0.0002435182   0.1489481365  -0.3279691388  -0.0229789400  -0.0004218971
        0.0003491655   0.0000033256   0.0000940956   0.0000729009   0.0000135477
        0.0000048026   0.0000359103  -0.0000168165   0.0000045915   0.0000274961
        0.0000265233   0.0000366282   0.0001675937   0.0000362274  -0.0004168709
       -0.0001938088   0.0000035877  -0.0014025369   0.0001480852   0.0000165371
       -0.1467343720   0.3630404395   0.0258319734  -0.0003725901  -0.0001389857
        0.0003875886  -0.0003459634  -0.0000530646  -0.0004158414  -0.0001591718
        0.0002192621   0.0000176713
        0.0000161442   0.0000082407  -0.0000512481  -0.0000366375  -0.0000719903
        0.0004044505   0.0000155108   0.0000227542   0.0000400210   0.0000149823
       -0.0002410323   0.0010686156  -0.0002672727  -0.0003710306   0.0018584073
        0.0003291125  -0.0029044593  -0.0015189850   0.0001634209   0.0001951195
       -0.0011254769   0.0098532100  -0.0225899357  -0.0074654327  -0.0000479297
        0.0000075564   0.0001994889   0.0000079652   0.0000089469   0.0000087694
        0.0000336584  -0.0000037751  -0.0000089333  -0.0000322871   0.0000125089
       -0.0000046523   0.0000060817   0.0000301179  -0.0001895053  -0.0000318330
        0.0000005130  -0.0002553027  -0.0001082737   0.0000528046  -0.0004602173
       -0.0098606064   0.0258319734   0.0076201072   0.0000506335   0.0000944772
       -0.0000113758  -0.0000946463  -0.0000998399  -0.0000819293  -0.0000112329
        0.0000170507  -0.0000268011
       -0.0000995319   0.0001073422   0.0002517399   0.0002035219  -0.0005943658
       -0.0000502621  -0.0011293607   0.0001192392  -0.0016726440  -0.0028698951
        0.0017287433   0.0011816783  -0.0226153473  -0.0129610953   0.0230366509
       -0.0012992456  -0.0019297259   0.0001818456   0.0002630126  -0.0002401877
       -0.0010495336   0.0009494910   0.0011385346   0.0000972301  -0.0827833721
       -0.0491639811   0.0808550869   0.0000147169  -0.0000109996   0.0000073022
       -0.0000694648   0.0000265129   0.0000430103  -0.0000144604  -0.0000148698
       -0.0000346490  -0.0002740556  -0.0000024560  -0.0000951251   0.0000043823
        0.0001493839   0.0004486031   0.0000843179   0.0000001218   0.0000557237
        0.0002171903  -0.0003725901   0.0000506335   0.1014642606   0.0565049317
       -0.0920456832   0.0057760459   0.0048088722  -0.0089858965   0.0021777941
        0.0007065895  -0.0022757111
        0.0000218816  -0.0000298069  -0.0000081066   0.0001210076   0.0002746620
        0.0000114134   0.0000232270   0.0000232188  -0.0000093047   0.0001026829
        0.0002015122  -0.0000271522  -0.0014300077   0.0035145389  -0.0039683051
        0.0018503490   0.0000718696  -0.0003699504  -0.0005383513  -0.0001962385
        0.0002538448  -0.0005843507   0.0000620274   0.0001101146  -0.0466347774
       -0.0969040579   0.0865019070  -0.0000123324  -0.0000122736   0.0000012156
        0.0000146861  -0.0000043656  -0.0000081829   0.0000195760   0.0000047440
        0.0000027476   0.0000415152  -0.0000128052   0.0000156995   0.0001236944
        0.0000675707   0.0001161069   0.0000269176   0.0000004483  -0.0000199407
        0.0001604492  -0.0001389857   0.0000944772   0.0565049317   0.1078221989
       -0.1011055363   0.0035187574   0.0051072521  -0.0075066169  -0.0133298562
       -0.0198515094   0.0259155693
        0.0000282515  -0.0000690433  -0.0000153957  -0.0002111586   0.0001352441
       -0.0000001581  -0.0001685555  -0.0002044705   0.0001025103  -0.0003316757
       -0.0003878675  -0.0003670457   0.0037122569  -0.0000558451   0.0004548077
        0.0012458501   0.0013085683   0.0007544386  -0.0001694353   0.0001789984
        0.0000966507  -0.0009635044  -0.0013125265  -0.0002825966   0.0787342018
        0.0867903428  -0.1801764672   0.0000102376   0.0000213611  -0.0000005642
        0.0000410426  -0.0000146782  -0.0000483211   0.0000387222  -0.0000204694
        0.0000451433   0.0000226885   0.0000266041   0.0000282738  -0.0000240397
       -0.0000767923  -0.0000623572  -0.0000382796  -0.0000551896  -0.0000281234
       -0.0002774518   0.0003875886  -0.0000113758  -0.0920456832  -0.1011055363
        0.2085035288   0.0108449196   0.0134167338  -0.0296162216  -0.0004483871
        0.0010369774   0.0006232734
       -0.0000902621   0.0001431180  -0.0002327990   0.0001966495  -0.0005927958
       -0.0000396878  -0.0011833457  -0.0001397677   0.0016353692  -0.0028108807
        0.0018818992  -0.0009682588  -0.0217111542  -0.0089415648  -0.0255783104
       -0.0012703222  -0.0018265135  -0.0005430769   0.0002232750  -0.0003962223
        0.0010114896   0.0009278401   0.0010951295   0.0001027037  -0.0773958586
       -0.0329760870  -0.0838068196   0.0000145917  -0.0000095244  -0.0000079348
       -0.0000132523  -0.0000200522   0.0000299170  -0.0000683729   0.0000328261
       -0.0000390486  -0.0002739410  -0.0000162386   0.0000850265   0.0000169226
        0.0002133991  -0.0004204596   0.0000841067   0.0000070532  -0.0000528599
        0.0002086138  -0.0003459634  -0.0000946463   0.0057760459   0.0035187574
        0.0108449196   0.0952494482   0.0379785356   0.0955876601   0.0021198962
        0.0003940114   0.0024868161
        0.0000229768  -0.0000417464   0.0000026763   0.0000864024   0.0002953681
        0.0000391543   0.0000015538  -0.0000138142  -0.0000110298   0.0000436604
        0.0001142454   0.0001190540  -0.0008522227   0.0028184211   0.0044012942
        0.0020199087   0.0002223579   0.0003426584  -0.0005507223  -0.0001233783
       -0.0003066969  -0.0007308433  -0.0001084117  -0.0001119784  -0.0308299998
       -0.0709112289  -0.0691749661  -0.0000105661  -0.0000096175  -0.0000027343
        0.0000265299   0.0000031556  -0.0000095383   0.0000192953  -0.0000095851
        0.0000133371   0.0000454867  -0.0000054957  -0.0000195508   0.0001189719
        0.0000670891  -0.0000881697   0.0000185041  -0.0000124178   0.0000236728
        0.0001149916  -0.0000530646  -0.0000998399   0.0048088722   0.0051072521
        0.0134167338   0.0379785356   0.0775795122   0.0804015456  -0.0123313353
       -0.0149186415  -0.0289356224
       -0.0000336955   0.0000714528  -0.0000113529   0.0002363911  -0.0001097861
       -0.0000115019   0.0001221524   0.0001823950   0.0001924327   0.0002783594
        0.0005305504  -0.0003066622  -0.0046548920   0.0001720403   0.0002336812
       -0.0009876705  -0.0014388522   0.0005379111   0.0000931312  -0.0002170591
        0.0000586768   0.0008775457   0.0013559840  -0.0000499460  -0.0812730019
       -0.0695516829  -0.2114384161  -0.0000100187  -0.0000224360  -0.0000060723
       -0.0000348985   0.0000122268   0.0000449607  -0.0000399935   0.0000202884
       -0.0000473348  -0.0000243914  -0.0000320352   0.0000236948   0.0000455204
        0.0001039488  -0.0000784779   0.0000429588   0.0000567434  -0.0000175816
        0.0003065320  -0.0004158414  -0.0000819293  -0.0089858965  -0.0075066169
       -0.0296162216   0.0955876601   0.0804015456   0.2448369728  -0.0015457925
       -0.0036128655  -0.0042628334
       -0.0000470020  -0.0000615517  -0.0000052431   0.0002972420  -0.0000452877
        0.0000009629   0.0003372392   0.0001309849   0.0000134692   0.0011039400
        0.0022256373   0.0001930846  -0.0079145391   0.0303439249   0.0023653555
       -0.0067223224   0.0010381965  -0.0000307997  -0.0003578018   0.0014161127
        0.0000971216   0.0000796072  -0.0006558521  -0.0000522350  -0.0475722755
        0.0348769501   0.0028236748  -0.0000074665  -0.0000064376  -0.0000003743
        0.0000192792  -0.0000026253  -0.0000071398   0.0000189629  -0.0000043390
        0.0000066395   0.0001183033  -0.0000391581  -0.0000011217  -0.0008245597
       -0.0010062616  -0.0000908378  -0.0004374699   0.0001897689   0.0000105079
        0.0001086118  -0.0001591718  -0.0000112329   0.0021777941  -0.0133298562
       -0.0004483871   0.0021198962  -0.0123313353  -0.0015457925   0.0575025610
       -0.0425796988  -0.0033176520
       -0.0000023534   0.0000376386   0.0000035051  -0.0002329245   0.0002410041
        0.0000114668  -0.0001338298  -0.0002661651  -0.0000203213  -0.0021668906
        0.0012225294   0.0000761082   0.0058727047  -0.0100963685  -0.0007426585
        0.0014324134  -0.0007530765  -0.0001288257   0.0000427150  -0.0003823505
       -0.0000446788   0.0005550104   0.0002674981   0.0000278817   0.0356883011
       -0.2788213192  -0.0187952365   0.0000384429   0.0000440640   0.0000041885
        0.0000028733  -0.0000229541  -0.0000297901   0.0000037090  -0.0000275396
        0.0000279593  -0.0000181694   0.0000880496   0.0000074628   0.0001531009
        0.0005113134   0.0000378640   0.0001662056  -0.0001231256   0.0000035744
        0.0000777890   0.0002192621   0.0000170507   0.0007065895  -0.0198515094
        0.0010369774   0.0003940114  -0.0149186415  -0.0036128655  -0.0425796988
        0.3226316909   0.0221203376
        0.0000030220   0.0000022668  -0.0000145198  -0.0000150684   0.0000200921
        0.0000540963   0.0000015127  -0.0000172984  -0.0000100834  -0.0001667910
        0.0001397809  -0.0001237299   0.0003252662  -0.0003374383   0.0001592599
       -0.0000038183  -0.0001236812   0.0010266496  -0.0000159728  -0.0000291593
        0.0002309051   0.0000435572   0.0000033849   0.0001061374   0.0029094401
       -0.0188099528  -0.0451905415   0.0000025118   0.0000028389   0.0000037186
        0.0000036348  -0.0000089170  -0.0000078499  -0.0000011144   0.0000055356
       -0.0000025875   0.0000005142   0.0000071711  -0.0000200962   0.0000038392
        0.0000237964   0.0000335613   0.0000086139   0.0000036248  -0.0001256799
        0.0000073999   0.0000176713  -0.0000268011  -0.0022757111   0.0259155693
        0.0006232734   0.0024868161  -0.0289356224  -0.0042628334  -0.0033176520
        0.0221203376   0.0475471211
