   -0.12869522
    0.07366791
   -0.26325912
    0.37467532
   -0.46267454
   -0.26671636
    0.08361134
   -0.12504949
   -0.13263095
    0.03895625
   -0.15651616
    0.37285533
   -0.43855483
   -0.25966698
    0.08041733
   -0.13568462
   -0.25979955
    0.08674401
   -0.12981498
    0.05393499
    0.08598357
    0.06969256
    0.06625708
    0.09270915
    0.08298833
    0.05669401
    0.08674936
    0.05942724
    0.06575783
    0.09981121
    0.10236913
    0.07677579
    0.06805817
    0.07531546
    0.09037764
    0.07108022
    0.05594194
    0.07028710
    0.08191797
    0.07461306
    0.06139347
