           1           2   1.01710046217552     
           2           3  0.887766863826529     
           3           4   1.31570342444199     
           4           5   1.50837757941886     
           4           6   1.33136690835804     
           6           7  0.873276188669307     
           7           8   1.02333334407453     
           4           9  0.978209461072795     
           5           9  0.134725015508615     
           9          10  0.977391282360013     
          10          11  0.990104106919021     
          11          12  0.969175989743254     
          11          13  0.131543442367755     
          12          13   1.53640665176586     
          12          14   1.33630503392227     
          14          15  0.879160562323087     
          15          16   1.01857577382272     
          12          17   1.36396712823214     
          17          18  0.856871320461898     
          18          19   1.02167892209402     
           1          20  0.983986223796263     
           1          21  0.982111149082441     
           1          22  0.975980413195473     
           2          23  0.972116715064527     
           2          24  0.963586789103434     
           7          25  0.966406804984248     
           7          26  0.964917190019660     
           8          27  0.975101292843913     
           8          28  0.981244466595763     
           8          29  0.974467363211975     
          10          30  0.951462959642327     
          10          31  0.953480184272791     
          15          32  0.969981278416516     
          15          33  0.968480744373130     
          16          34  0.981875233290228     
          16          35  0.974885536788033     
          16          36  0.983219005453053     
          18          37  0.968203204752971     
          18          38  0.963415609330177     
          19          39  0.980055077140952     
          19          40  0.983537655542923     
          19          41  0.973569575101492     
