   -0.12845858
    0.08857604
   -0.25945091
    0.35643530
   -0.44451941
   -0.28253879
    0.07818389
   -0.12135077
   -0.13323524
    0.03201392
   -0.12966179
    0.35924773
   -0.46524085
   -0.25296991
    0.07748423
   -0.13101818
   -0.25504788
    0.08227538
   -0.13313084
    0.08827772
    0.07030968
    0.06961301
    0.06387111
    0.06656839
    0.05968314
    0.09064696
    0.06668163
    0.04857138
    0.08118051
    0.08196104
    0.13460253
    0.07396904
    0.08394469
    0.06666747
    0.06854700
    0.08829354
    0.05768111
    0.06935427
    0.07704488
    0.06917785
    0.08575973
