   -0.12684621
    0.07838811
   -0.26244803
    0.37705229
   -0.47418623
   -0.25431346
    0.07352951
   -0.12855042
   -0.13109240
    0.03934633
   -0.16012226
    0.37717218
   -0.45182340
   -0.25242878
    0.07779667
   -0.12556569
   -0.26117469
    0.06912144
   -0.13123627
    0.07234639
    0.08454170
    0.05299831
    0.08874182
    0.06484459
    0.09396551
    0.06504607
    0.06958138
    0.08479856
    0.05285515
    0.09575407
    0.09749425
    0.09281865
    0.05861309
    0.06506800
    0.08003722
    0.05426427
    0.09675738
    0.07350926
    0.08931078
    0.06103739
    0.07299751
