   19
          6          1          6
          3          7          9
          6         10         15
          6         16         21
          6         22         27
          6         28         33
          6         34         39
          6         40         45
          6         46         51
          6         52         57
          6         58         63
          6         64         69
          6         70         75
          6         76         81
          4         82         85
          1         86         86
          1         87         87
          6         88         93
          3         94         96
