   -0.12915679
    0.06308285
   -0.24928147
    0.37235861
   -0.48453527
   -0.10518399
    0.01874468
    0.07112526
    0.37097325
   -0.48067397
   -0.24818278
    0.08015195
   -0.13622022
   -0.11202679
    0.37891773
   -0.45631983
   -0.25685301
    0.00717444
   -0.27379042
    0.01760325
    0.04988264
    0.07687952
    0.07141826
    0.06387012
    0.09691961
    0.13004744
    0.12309179
    0.06212536
    0.05733480
    0.07602024
    0.07779704
    0.08226608
    0.08015603
    0.11610307
    0.09404484
    0.08870570
    0.09961035
    0.10581960
