           1           2   1.02167093273973     
           2           3  0.879249855051076     
           3           4   1.30471055923501     
           4           5   1.51397118991189     
           4           6   1.31561095446426     
           6           7  0.887776135174205     
           7           8   1.01720035449560     
           4           9   1.01234592839154     
           5           9  0.135039804453955     
           9          10  0.976168736612876     
          10          11  0.995580907295919     
          11          12  0.961496698661071     
          11          13  0.134933289361293     
          12          13   1.50888183412963     
          12          14   1.34904406371565     
          14          15  0.859780012311696     
          15          16   1.02340226047566     
          12          17   1.33658791492513     
          17          18  0.880587803845331     
          18          19   1.02402036965556     
           1          20  0.983320398369485     
           1          21  0.976674729568344     
           1          22  0.976333849922359     
           2          23  0.967513890727137     
           2          24  0.964566228598611     
           7          25  0.961769816788478     
           7          26  0.968994325352265     
           8          27  0.982324887020174     
           8          28  0.975891287111873     
           8          29  0.982417500407688     
          10          30  0.960298682135045     
          10          31  0.945881626076482     
          15          32  0.965871166252451     
          15          33  0.970680537677958     
          16          34  0.973592985145324     
          16          35  0.975479188706018     
          16          36  0.979640883451307     
          18          37  0.965705631570990     
          18          38  0.961997755888815     
          19          39  0.974396683846599     
          19          40  0.975271004011430     
          19          41  0.982400043826632     
