   -0.13275329
    0.08373583
   -0.25799647
    0.36640294
   -0.46242399
   -0.26231110
    0.08717711
   -0.12510311
   -0.13926407
    0.03137875
   -0.15243159
    0.37884078
   -0.45542099
   -0.26879374
    0.07622814
   -0.12494499
   -0.26951378
    0.07844454
   -0.13180902
    0.07479056
    0.08636008
    0.06962991
    0.06529006
    0.06252970
    0.06115098
    0.07841853
    0.08473680
    0.07113966
    0.05679317
    0.12241020
    0.11600020
    0.09259468
    0.06257834
    0.08291854
    0.05372597
    0.07093159
    0.07110770
    0.06985170
    0.08704225
    0.06899475
    0.07156269
