           1           2   1.02213143476010     
           2           3  0.887858964779934     
           3           4   1.32195282277295     
           4           5   1.50158364189871     
           4           6   1.31528773766882     
           6           7  0.873470401508032     
           7           8   1.02310888720101     
           4           9   1.01045908195066     
           5           9  0.140891004902076     
           9          10  0.977689910190250     
          10          11  0.993109347143505     
          11          12  0.960828740437799     
          11          13  0.134445204751781     
          12          13   1.52458472741945     
          12          14   1.34545276896502     
          14          15  0.858660763294642     
          15          16   1.02298013810463     
          12          17   1.32608378564480     
          17          18  0.886405717972371     
          18          19   1.02253098701520     
           1          20  0.981664617945677     
           1          21  0.976544435412564     
           1          22  0.976035481248585     
           2          23  0.967040024379085     
           2          24  0.964845827652700     
           7          25  0.966216794574253     
           7          26  0.970254108877811     
           8          27  0.976100557880623     
           8          28  0.975654480518782     
           8          29  0.982765011400696     
          10          30  0.956414866547129     
          10          31  0.946588130119095     
          15          32  0.965487177188533     
          15          33  0.970680989001420     
          16          34  0.976253447607295     
          16          35  0.981050198111911     
          16          36  0.973785460121258     
          18          37  0.964256016926797     
          18          38  0.969378455673580     
          19          39  0.975510696407871     
          19          40  0.976334541580517     
          19          41  0.980362353212423     
