           1           2   1.02222798850855     
           2           3  0.883486581802323     
           3           4   1.32669909521679     
           4           5   1.51482300554454     
           4           6   1.30767927015982     
           6           7  0.877629773782194     
           7           8   1.01883082696486     
           4           9   1.02148413149128     
           5           9  0.133414971337302     
           9          10  0.970400873879144     
          10          11  0.998794920334977     
          11          12  0.966571930319518     
          11          13  0.133530598032968     
          12          13   1.52519882024916     
          12          14   1.36127041726090     
          14          15  0.859644937810292     
          15          16   1.02409594437546     
          12          17   1.32740110470430     
          17          18  0.884771013293360     
          18          19   1.01784811445568     
           1          20  0.981970880506902     
           1          21  0.977616128731613     
           1          22  0.975559784695866     
           2          23  0.967507501183206     
           2          24  0.964069024728953     
           7          25  0.971390070837704     
           7          26  0.969412488335563     
           8          27  0.975063842863178     
           8          28  0.982116502665017     
           8          29  0.982590315790313     
          10          30  0.958404771658010     
          10          31  0.947471532120536     
          15          32  0.966509610187777     
          15          33  0.964560790605203     
          16          34  0.976646120637416     
          16          35  0.973637124732586     
          16          36  0.981789939401988     
          18          37  0.968055749887575     
          18          38  0.970436667674058     
          19          39  0.983624478473181     
          19          40  0.975550531244776     
          19          41  0.981893927531355     
