           1           2  0.960175106024601     
           2           3  0.953984197583366     
           3           4  0.945103240061619     
           4           5   1.41108397936941     
           5           6   1.44793750582583     
           4           7  0.110691037345876     
           6           7   1.43486989448846     
           5           8  0.112898999244567     
           7           8   1.44389724499048     
           4           9   1.42365800886441     
           6           9  0.111176389875951     
           8           9   1.43719486427901     
           3          10  0.963680774619461     
          10          11  0.957561267234095     
           3          12  0.954087310699700     
          12          13  0.960139145367253     
           1          14  0.976967226885201     
           1          15  0.978522485075574     
           1          16  0.980219978928613     
           5          17  0.968766127369318     
           6          18  0.968986792852442     
           7          19  0.969009518569825     
           8          20  0.968743081745695     
           9          21  0.966432151250752     
          11          22  0.978387161515382     
          11          23  0.980604206617616     
          11          24  0.980683083056718     
          13          25  0.976967134729498     
          13          26  0.980118446006735     
          13          27  0.978408221563791     
