           1           2   1.01402918137542     
           2           3  0.906206413152305     
           3           4   1.19649001995666     
           3           5  0.175191252674732     
           4           5   1.68957315065693     
           4           6  0.972047930006378     
           6           7  0.995995413881715     
           7           8  0.932530469596354     
           7           9  0.953291969876198     
           9          10   1.69329789033693     
           9          11   1.18825257072754     
          10          11  0.171380050054941     
          11          12  0.895136915067958     
          12          13   1.01401125334562     
           7          14  0.952934766759747     
          14          15   1.00837317707826     
          14          16  0.127108093515697     
          15          16   1.54040215331667     
          15          17   1.25214613406645     
          17          18  0.908413470392110     
          15          19   1.28526821697671     
          19          20  0.898514016504800     
           1          21  0.984954955740469     
           1          22  0.983835063443130     
           1          23  0.978513962611489     
           2          24  0.967346239172863     
           2          25  0.970551003771522     
           6          26  0.950725267974241     
           6          27  0.932069364062019     
          12          28  0.969821397009128     
          12          29  0.967580479480394     
          13          30  0.984790099814066     
          13          31  0.977360660760473     
          13          32  0.983511486692648     
          18          33  0.971271987001682     
          18          34  0.977699024641669     
          18          35  0.976401012417768     
          20          36  0.975552532273930     
          20          37  0.974706104894945     
          20          38  0.970512124136670     
