   -0.13078254
    0.07311475
   -0.25749423
    0.37540389
   -0.46081278
   -0.27078093
    0.07850558
   -0.12696467
   -0.13391083
    0.03322775
   -0.16937403
    0.36900609
   -0.45284925
   -0.26272345
    0.07516887
   -0.12460906
   -0.27460372
    0.08103094
   -0.13037335
    0.05512139
    0.08673142
    0.07528194
    0.06365155
    0.09384109
    0.07174466
    0.08616415
    0.06681039
    0.08643920
    0.06580849
    0.12365870
    0.10643505
    0.09504628
    0.06594703
    0.05232644
    0.06908336
    0.08429014
    0.06780288
    0.06895448
    0.06843608
    0.07007213
    0.08617413
