           1           2   1.01382146598565     
           2           3  0.908430574271544     
           3           4   1.18868754811955     
           3           5  0.178735742987007     
           4           5   1.70823213435953     
           4           6  0.956829067771249     
           6           7  0.975342458799362     
           7           8  0.929350601185930     
           7           9  0.957538604571726     
           9          10   1.64540466522696     
           9          11   1.23063658455053     
          10          11  0.166941714794490     
          11          12  0.888549906974901     
          12          13   1.02004284590285     
           7          14  0.970232845398661     
          10          15  0.141712538555843     
          14          15  0.954497240665393     
          14          16  0.128764081850072     
          15          16   1.50160100069105     
          15          17   1.30572983205275     
          17          18  0.912019610684368     
          15          19   1.29385918238468     
          19          20  0.900606297055579     
           1          21  0.978783549831184     
           1          22  0.985505481745021     
           1          23  0.983866180079150     
           2          24  0.967335258998395     
           2          25  0.969112202264312     
           6          26  0.966924942963384     
           6          27  0.944593449368589     
          12          28  0.964155892444067     
          12          29  0.969116096785771     
          13          30  0.976149517301156     
          13          31  0.983185489110493     
          13          32  0.982152699810872     
          18          33  0.977486713194054     
          18          34  0.970618131851775     
          18          35  0.977209284669227     
          20          36  0.970475829175469     
          20          37  0.978603685229103     
          20          38  0.972532681802419     
