           1           2   1.02172115153541     
           2           3  0.859951772051691     
           3           4   1.36175644507116     
           4           5   1.54458408116127     
           4           6   1.33246251809711     
           6           7  0.882301397614583     
           7           8   1.01836026496253     
           4           9  0.941790594304247     
           5           9  0.135415468407691     
           9          10  0.985418410990519     
          10          11  0.988303989294366     
          11          12  0.956479112545650     
          11          13  0.147298777514310     
          12          13   1.51261790336596     
          12          14   1.33407349982378     
          14          15  0.886652654020908     
          15          16   1.02128499299538     
          12          17   1.32102310813802     
          17          18  0.890144281682726     
          18          19   1.01935828311197     
           1          20  0.983174463038277     
           1          21  0.980969088492305     
           1          22  0.973637515952634     
           2          23  0.965779359094598     
           2          24  0.967550043386581     
           7          25  0.966977049308550     
           7          26  0.970024764813669     
           8          27  0.983187250928472     
           8          28  0.975149195383200     
           8          29  0.981770671454026     
          10          30  0.951610200485821     
          10          31  0.958127176419252     
          15          32  0.966398197790923     
          15          33  0.964630579009147     
          16          34  0.976705857569071     
          16          35  0.976179656957491     
          16          36  0.982396973014624     
          18          37  0.962755950072455     
          18          38  0.964674554339215     
          19          39  0.977472361675708     
          19          40  0.982668258634399     
          19          41  0.978987542339219     
