   -0.11759982
    0.09006496
   -0.29012266
    0.38463597
   -0.45479346
   -0.27293801
    0.08207443
   -0.13178234
   -0.13873503
    0.03312322
   -0.16378276
    0.37460606
   -0.43837464
   -0.26047133
    0.08743437
   -0.12969628
   -0.26567686
    0.07098428
   -0.12691635
    0.08343384
    0.05775799
    0.05670013
    0.06502222
    0.08126114
    0.07553027
    0.06210236
    0.08910397
    0.06691439
    0.07523984
    0.12987634
    0.09604566
    0.05812789
    0.07722008
    0.08457179
    0.06961877
    0.06643362
    0.07117945
    0.09464462
    0.08575872
    0.06634745
    0.05507570
