   -0.13393661
    0.08283718
   -0.26548959
    0.37402089
   -0.46541534
   -0.26074797
    0.08374098
   -0.12305916
   -0.12777925
    0.03158921
   -0.11670968
    0.37551558
   -0.46637256
   -0.26554930
    0.07480791
   -0.12990679
   -0.26701443
    0.08537731
   -0.12283999
    0.07059877
    0.07537437
    0.08476141
    0.06359008
    0.06103758
    0.08637660
    0.05744991
    0.08411453
    0.05865911
    0.06389460
    0.10997151
    0.11074995
    0.06477014
    0.09141777
    0.07052466
    0.05536267
    0.08564768
    0.08244362
    0.05430806
    0.06417053
    0.08301003
    0.05869800
