   -0.13464804
    0.08189901
   -0.25632492
    0.37719896
   -0.48466874
   -0.25655692
    0.07409636
   -0.13223210
   -0.11852685
    0.03435509
   -0.11961487
    0.35752015
   -0.46767415
   -0.26029478
    0.09895044
   -0.12230466
   -0.27012268
    0.08010082
   -0.12853155
    0.08507591
    0.06996320
    0.07965178
    0.06951844
    0.05619253
    0.07856242
    0.09113980
    0.06931503
    0.08921037
    0.06711607
    0.12823408
    0.07601241
    0.05165042
    0.05942785
    0.05981682
    0.08531866
    0.07523965
    0.05553434
    0.08808697
    0.05872070
    0.08394018
    0.06965177
