           1           2   1.01377160764618     
           2           3  0.910361025905063     
           3           4   1.18897021201194     
           3           5  0.177436219296195     
           4           5   1.70265346050644     
           4           6  0.968397022117626     
           6           7  0.997276513789804     
           7           8  0.924376783351908     
           7           9  0.961326767639656     
           9          10   1.64602788320597     
           9          11   1.23751005414849     
          10          11  0.170563162596229     
          11          12  0.890862753564731     
          12          13   1.02043714085478     
           7          14  0.954868958204699     
          10          15  0.126307465087438     
          14          15  0.988003971762258     
          14          16  0.134847196278134     
          15          16   1.49146082847248     
          15          17   1.27248335370439     
          17          18  0.919688595609831     
          15          19   1.32150180864642     
          19          20  0.904931127879427     
           1          21  0.979148369770958     
           1          22  0.985446588356590     
           1          23  0.983752186540629     
           2          24  0.967438453111134     
           2          25  0.970056346390338     
           6          26  0.927976332188113     
           6          27  0.954582692813944     
          12          28  0.967226542700926     
          12          29  0.965992972293171     
          13          30  0.976747622965787     
          13          31  0.981921606070894     
          13          32  0.982459664087199     
          18          33  0.976463852810645     
          18          34  0.972837097095312     
          18          35  0.976561328839953     
          20          36  0.976985989473406     
          20          37  0.972160391702960     
          20          38  0.973300712208098     
