   -0.12907582
    0.07255016
   -0.26681579
    0.37167715
   -0.46634488
   -0.10005839
    0.01068140
    0.09694899
    0.37361933
   -0.46098870
   -0.24380066
    0.07470462
   -0.12456890
   -0.12232149
    0.37432386
   -0.48156502
   -0.26410795
    0.01198928
   -0.25063300
    0.01012958
    0.07924060
    0.06875387
    0.05768217
    0.06421969
    0.08065492
    0.12219190
    0.11653712
    0.06451844
    0.08318637
    0.08156341
    0.07162834
    0.05597575
    0.08778212
    0.07490060
    0.10959737
    0.08788405
    0.09337797
    0.11396156
