   -0.12246104
    0.07821417
   -0.26803465
    0.38797257
   -0.47211508
   -0.25808335
    0.07363465
   -0.13023265
   -0.13757777
    0.03932114
   -0.14647813
    0.37088674
   -0.46457704
   -0.25680931
    0.08590585
   -0.12464672
   -0.26228054
    0.07198526
   -0.12620049
    0.05427433
    0.08384871
    0.06356955
    0.07235206
    0.08770718
    0.09393202
    0.06554230
    0.07111697
    0.08599788
    0.05470834
    0.09993131
    0.10301149
    0.06199321
    0.06978398
    0.08666926
    0.07260857
    0.05961416
    0.06882568
    0.09648360
    0.05602281
    0.08581208
    0.06777091
