           1           2   1.02094795062495     
           2           3  0.861386604058936     
           3           4   1.35201123694555     
           4           5   1.54574663841177     
           4           6   1.32937000052960     
           6           7  0.884734912885195     
           7           8   1.02254269159140     
           4           9  0.947543412968927     
           5           9  0.133774202215837     
           9          10  0.990049980659082     
          10          11  0.988896897432536     
          11          12  0.974082285075064     
          11          13  0.143703767475196     
          12          13   1.49477809491612     
          12          14   1.32021577767113     
          14          15  0.887446380189293     
          15          16   1.02210131639297     
          12          17   1.31909227484143     
          17          18  0.873314824486314     
          18          19   1.02329706564070     
           1          20  0.980847151878944     
           1          21  0.982368545069348     
           1          22  0.973826176461363     
           2          23  0.969736184631606     
           2          24  0.961991654968492     
           7          25  0.963858744542809     
           7          26  0.969542515244743     
           8          27  0.975808132255541     
           8          28  0.980337915797031     
           8          29  0.975621458818896     
          10          30  0.955602871110690     
          10          31  0.938746391253096     
          15          32  0.965299774531224     
          15          33  0.963178812626061     
          16          34  0.972617651180492     
          16          35  0.975761166366652     
          16          36  0.980785954476569     
          18          37  0.964886618998140     
          18          38  0.970008743404193     
          19          39  0.982906642092894     
          19          40  0.975632655272569     
          19          41  0.975098316979886     
