   -0.13115195
    0.07700408
   -0.27285465
    0.35995951
   -0.46065227
   -0.26462113
    0.07557201
   -0.12537850
   -0.14509912
    0.02877245
   -0.13636739
    0.36321873
   -0.46231005
   -0.24505520
    0.08200892
   -0.12723968
   -0.25829547
    0.07133590
   -0.13276725
    0.05973315
    0.06767952
    0.08811732
    0.08632361
    0.07014277
    0.06291527
    0.09525427
    0.05037925
    0.08413279
    0.06905250
    0.13018032
    0.10119403
    0.04959670
    0.08502089
    0.08157693
    0.08050088
    0.05562997
    0.09143610
    0.07478558
    0.08796706
    0.06472527
    0.06757686
