   -0.12738313
    0.07401324
   -0.25003439
    0.37615786
   -0.46271054
   -0.26511053
    0.06945854
   -0.13364323
   -0.14160731
    0.03561234
   -0.13994718
    0.38017679
   -0.47028239
   -0.25371426
    0.07534807
   -0.12933678
   -0.25981089
    0.07617915
   -0.12585576
    0.07371189
    0.05337485
    0.08124898
    0.05813646
    0.09191924
    0.09471043
    0.07274732
    0.07206223
    0.08807022
    0.06779068
    0.09216615
    0.09413552
    0.06272800
    0.09241313
    0.05696746
    0.08653222
    0.07226233
    0.09241120
    0.06362604
    0.08433054
    0.05045857
    0.07068697
