           1           2   1.02198675328880     
           2           3  0.864655975055712     
           3           4   1.34757945042652     
           4           5   1.52730819995255     
           4           6   1.33067463459828     
           6           7  0.885441675657155     
           7           8   1.02069726933863     
           4           9  0.955796832516102     
           5           9  0.136070577298371     
           9          10  0.977528396251815     
          10          11  0.989388639007413     
          11          12   1.00845829590098     
          11          13  0.103896892421940     
          12          13   1.52984214401278     
          12          14   1.30927587318117     
          14          15  0.891778080061723     
          15          16   1.02134441942674     
          12          17   1.31984661600609     
          17          18  0.872790577281831     
          18          19   1.02332487447286     
           1          20  0.980443357868519     
           1          21  0.974488205882209     
           1          22  0.983282970037965     
           2          23  0.963884668782585     
           2          24  0.966761798729641     
           7          25  0.965195069046541     
           7          26  0.966067413467557     
           8          27  0.977362598086704     
           8          28  0.981734056859690     
           8          29  0.976007646635949     
          10          30  0.961421185723545     
          10          31  0.945615033497502     
          15          32  0.965033128872055     
          15          33  0.964920019401719     
          16          34  0.983366741238543     
          16          35  0.975883061920143     
          16          36  0.976718719169257     
          18          37  0.963759212825183     
          18          38  0.968310383047793     
          19          39  0.981664530885460     
          19          40  0.975197463004408     
          19          41  0.974456080878231     
