   -0.12857687
    0.07985243
   -0.26928257
    0.35980275
   -0.46804321
   -0.25583203
    0.09839276
   -0.12115617
   -0.12080003
    0.03571237
   -0.12198625
    0.36957845
   -0.47027562
   -0.25559280
    0.07914122
   -0.12581079
   -0.26428079
    0.06819593
   -0.12584507
    0.05850046
    0.06983332
    0.08355728
    0.08815172
    0.05533536
    0.05894544
    0.05112218
    0.06025359
    0.07477565
    0.08364183
    0.12600729
    0.07591920
    0.07738211
    0.07070278
    0.06284902
    0.06842565
    0.08938629
    0.07819932
    0.09909324
    0.05412051
    0.08700683
    0.06359721
