           1           2   1.04143218796730     
           2           3   1.55341999426791     
           3           4   1.10483904453942     
           4           5   1.62776463778996     
           4           6   1.10801941952517     
           5           6  0.137565835947567     
           6           7   1.12808008846107     
           6           8  0.130879948142252     
           7           8   1.60444276459202     
           2           9   1.18297165575908     
           7           9   1.14310396816261     
           8           9  0.129765579369894     
           6          10  0.911083242783410     
          10          11  0.996523163023857     
          10          12  0.996186026748721     
          10          13  0.993419763999827     
           3          14  0.965764556734559     
           1          15  0.972581952636605     
           1          16  0.945615200149494     
           1          17  0.948234050364447     
           9          18  0.889929025214952     
          11          19  0.984812098427861     
          11          20  0.979202053426473     
          11          21  0.977184839432524     
          12          22  0.977123445267568     
          12          23  0.985101846714372     
          12          24  0.979644965698009     
          13          25  0.984190711706438     
          13          26  0.980552422050837     
          13          27  0.983962025442775     
