   -0.12937946
    0.07896595
   -0.25706587
    0.37890820
   -0.46345065
   -0.25176673
    0.07818035
   -0.12833602
   -0.15508032
    0.04339635
   -0.15489961
    0.36740948
   -0.44878683
   -0.25911802
    0.06895918
   -0.12778060
   -0.25667589
    0.08366706
   -0.12562210
    0.08136897
    0.06167483
    0.07316648
    0.08608528
    0.05211329
    0.06604219
    0.08835749
    0.07404787
    0.05534310
    0.08568013
    0.09453512
    0.09901631
    0.09989667
    0.07471093
    0.08668308
    0.05584107
    0.06607649
    0.06060634
    0.07649848
    0.06213036
    0.08620754
    0.07239355
