           1           2   1.02232613976012     
           2           3  0.867491122380968     
           3           4   1.32013927399015     
           4           5   1.52793197940317     
           4           6   1.26474057727218     
           6           7  0.889988574519004     
           7           8   1.01718745665602     
           4           9  0.976585858644582     
           5           9  0.129145867637314     
           9          10   1.00315537743967     
          10          11  0.951176261725773     
          11          12   1.02322391189990     
          12          13   1.55250920329444     
          12          14   1.32445530394002     
          14          15  0.882818059583387     
          15          16   1.02068681279275     
          12          17   1.27146501012494     
          17          18  0.874509094598420     
          18          19   1.02244611873860     
           1          20  0.974341433010541     
           1          21  0.982736037629523     
           1          22  0.976155618354027     
           2          23  0.964461131081691     
           2          24  0.964338544438608     
           7          25  0.972281787266544     
           7          26  0.966790279964103     
           8          27  0.983162137877713     
           8          28  0.982150001404097     
           8          29  0.976415145483331     
          10          30  0.957402752510174     
          10          31  0.952124501796946     
          15          32  0.965540009655672     
          15          33  0.962840897226239     
          16          34  0.975889283481679     
          16          35  0.981660642556286     
          16          36  0.977888800536422     
          18          37  0.966532840919677     
          18          38  0.965962955316239     
          19          39  0.975096493589508     
          19          40  0.981065274559977     
          19          41  0.974758954621146     
