$coord
         -4.562840407957         -1.326823221769         -0.000171176479     c 
         -4.562815889897          1.326883590765          0.000099320216     c 
         -2.333602812978          2.631046984899          0.000088626068     c 
          0.000018569770          1.341515039592         -0.000003181354     c 
          2.333627474091          2.631013621031         -0.000085572082     c 
          4.562853590118          1.326836988422         -0.000133663718     c 
          4.562838914696         -1.326821791057         -0.000060867884     c 
          2.333591506370         -2.631053894871          0.000186838338     c 
         -0.000011079085         -1.341562896335          0.000093492680     c 
         -2.333661999195         -2.631035518231         -0.000163356982     c 
         -6.341891741153         -2.326492683567         -0.000001914670     h 
         -6.341850939324          2.326540100004          0.000172825643     h 
         -2.323306431951          4.672981809725          0.000335437505     h 
          2.323356071083          4.672923573473          0.000246813894     h 
          6.341846027737          2.326594578157          0.000052146799     h 
          6.341838892321         -2.326578902691          0.000160099850     h 
          2.323428257858         -4.672984624283          0.000778421960     h 
         -2.323394707286         -4.672970770324          0.000038228589     h 
$end
