   -0.13689139
    0.07411454
   -0.26921732
    0.37396439
   -0.47740290
   -0.27074416
    0.08394911
   -0.12411704
   -0.09840732
    0.02681770
   -0.14064548
    0.35943121
   -0.46636305
   -0.26339678
    0.08464255
   -0.13283534
   -0.25444458
    0.08693712
   -0.12331869
    0.09015924
    0.06720018
    0.07207395
    0.08820530
    0.06917026
    0.05348975
    0.08701810
    0.08115682
    0.07081874
    0.05204440
    0.09097593
    0.13746224
    0.06103652
    0.05940702
    0.06992450
    0.07440462
    0.08498502
    0.05774492
    0.08630187
    0.07284197
    0.05633382
    0.08517228
