$hessian                                                                        
        0.4800073219   0.0264088949   0.0054326291  -0.1873570879   0.0598953557
        0.0009758483  -0.0084439978   0.0094892296  -0.0003286820   0.0013611491
        0.0002233125  -0.0004258270  -0.0006937267   0.0002546898  -0.0000142369
       -0.0012804376  -0.0034883986  -0.0004489230  -0.0320136701   0.0063180385
        0.0000009757  -0.0002835288   0.0016600521  -0.0001488510  -0.0019738451
        0.0003856404   0.0001271889  -0.0416988359   0.0023961252  -0.0056350522
       -0.1601780091  -0.1159795225  -0.0388608454  -0.0483027332   0.0135505265
        0.0390402079   0.0012655303  -0.0016999901   0.0003336065  -0.0002081992
        0.0000845308   0.0000825793   0.0000683782   0.0000165367   0.0001217094
       -0.0005145769  -0.0002132221  -0.0004337903  -0.0003585844   0.0004907692
        0.0002938720   0.0003944424   0.0001143418  -0.0000788186   0.0002104106
        0.0000930895  -0.0000335906
        0.0264088949   0.5157438022  -0.0038032015   0.0543632753  -0.0932764689
       -0.0008834254   0.0282555162  -0.0212342940  -0.0008632854  -0.0011493143
       -0.0045538977  -0.0005060097   0.0006418708  -0.0001743454   0.0000024265
       -0.0026057891  -0.0013277643  -0.0000302568  -0.0095673843   0.0066287376
        0.0007381157  -0.0008674526  -0.0005612043  -0.0001512404  -0.0013552545
        0.0003733565   0.0000905032   0.0042330357  -0.1733748970   0.1203327852
       -0.1153350536  -0.1561194940  -0.0358328838   0.0158033342  -0.0720613623
       -0.0795252484   0.0022051842   0.0008516321   0.0001800430   0.0014031362
       -0.0009776610   0.0000233856   0.0000825004   0.0001302502   0.0000426788
       -0.0013508118  -0.0001574671   0.0005788172  -0.0005301076   0.0000552264
        0.0000404502  -0.0007833816   0.0001481752  -0.0003937368   0.0001478013
       -0.0001123242  -0.0000399171
        0.0054326291  -0.0038032015   0.4906022929  -0.0027669798   0.0005735730
       -0.0601727169   0.0002789708  -0.0006131838   0.0027157795  -0.0002987617
       -0.0001243652   0.0072317487   0.0001282998  -0.0001634736  -0.0001424921
       -0.0003811060  -0.0002833827   0.0073185779   0.0000416897   0.0008703721
        0.0005512465   0.0001279257  -0.0001773621  -0.0037103687  -0.0000979160
        0.0000884207  -0.0002200625  -0.0063710835   0.1214412658  -0.1497504529
       -0.0382016858  -0.0362462210  -0.0562527799   0.0432122215  -0.0812833115
       -0.2351511748   0.0001168368  -0.0000743791  -0.0023126469   0.0000264369
       -0.0000312175  -0.0001439105  -0.0000174619   0.0000048990  -0.0014890627
       -0.0013426236  -0.0007912438   0.0005928247  -0.0000550222  -0.0000705098
        0.0000998983   0.0001893578   0.0006813123   0.0002288175  -0.0000217276
        0.0000020087   0.0000044820
       -0.1873570879   0.0543632753  -0.0027669798   0.6124548463   0.0066902627
        0.0029323825  -0.0910520911   0.0517510466   0.0011121269   0.0201396918
        0.0276786765   0.0006715154  -0.0094606236  -0.0253536290  -0.0004721091
       -0.0660834743   0.0193063719   0.0008942080  -0.2305016005  -0.1328865595
       -0.0049483685  -0.0002768899  -0.0069990623  -0.0000500186  -0.0010667393
        0.0036365155   0.0000143421  -0.0035344513   0.0072808111  -0.0014718037
       -0.0262430552   0.0058227044   0.0002519863  -0.0098758127   0.0090335024
        0.0048970295  -0.0024268101  -0.0254317634  -0.0009649716  -0.0044007478
        0.0031745066  -0.0000876875   0.0006333929  -0.0007455539   0.0000369120
       -0.0003509188   0.0013707223   0.0009325796  -0.0000164239   0.0009134918
       -0.0001031425  -0.0007017586   0.0015297307  -0.0009517445   0.0001205541
       -0.0011350497   0.0000737436
        0.0598953557  -0.0932764689   0.0005735730   0.0066902627   0.6563347766
        0.0148348336  -0.0268670505  -0.3193364812  -0.0062486764   0.0875388877
       -0.0302914640  -0.0006739635  -0.0289697396  -0.0498736233  -0.0008083415
       -0.0378575257   0.0581801179   0.0016331444  -0.0596144162  -0.1531590241
       -0.0042239881  -0.0231806632  -0.0254985905  -0.0012113504   0.0067196502
       -0.0012016188  -0.0006572762   0.0217257966  -0.0144047239   0.0015028712
       -0.0172516845   0.0076614201  -0.0003714134   0.0133705107  -0.0079459298
       -0.0032297747  -0.0024746653  -0.0193059178  -0.0008437094   0.0024101049
        0.0000034346  -0.0001392419  -0.0005444831  -0.0003368341   0.0002919733
       -0.0009691796   0.0002682854  -0.0003469629   0.0002267870  -0.0059372815
       -0.0002154531  -0.0007789595  -0.0008585750  -0.0000759676  -0.0000689885
       -0.0010215019   0.0002097236
        0.0009758483  -0.0008834254  -0.0601727169   0.0029323825   0.0148348336
        0.1483751540  -0.0006822425  -0.0065112298  -0.0480182610   0.0017750543
       -0.0006676316  -0.0000024116  -0.0006687699  -0.0009992066  -0.0039787264
       -0.0004939282   0.0014334748  -0.0034762393  -0.0036762245  -0.0036596697
       -0.0496313209  -0.0000263879  -0.0012684319   0.0004184407   0.0007350332
       -0.0001860214   0.0071120786  -0.0178848805   0.0091056119   0.0003988473
       -0.0061843709   0.0026078825   0.0002652570   0.0246509001  -0.0121584066
       -0.0003036994  -0.0001119055  -0.0006190450   0.0001058416  -0.0000160916
       -0.0000837098   0.0076210313  -0.0000056092   0.0000046809   0.0000131663
       -0.0005030254  -0.0003439327   0.0006206981  -0.0004632320  -0.0009783281
        0.0003967729  -0.0003310452   0.0004193837   0.0002099440  -0.0000215049
       -0.0000468289   0.0000461436
       -0.0084439978   0.0282555162   0.0002789708  -0.0910520911  -0.0268670505
       -0.0006822425   0.6763120363  -0.0014394329   0.0046269573  -0.2866207986
        0.1388739077   0.0006856784  -0.0685723648  -0.0363918223  -0.0005494960
       -0.0170069384   0.0335446898   0.0008204870   0.0313281090  -0.0212589271
       -0.0004165133  -0.0036216198  -0.0027330503  -0.0004790213  -0.0007581573
       -0.0015276901  -0.0003307621  -0.0036291992   0.0026349026  -0.0001066960
        0.0006479536   0.0028397885   0.0001916701  -0.0020849765   0.0018902595
        0.0001550962  -0.2206627227  -0.1167671549  -0.0044364025  -0.0022345901
        0.0023767244  -0.0000069713  -0.0035016256  -0.0029974063   0.0001676148
       -0.0002123006   0.0003377995   0.0000861662  -0.0000488935  -0.0010727160
        0.0000067284  -0.0001575962   0.0003176387  -0.0002079308   0.0003197734
       -0.0000159766   0.0001966669
        0.0094892296  -0.0212342940  -0.0006131838   0.0517510466  -0.3193364812
       -0.0065112298  -0.0014394329   0.6511759345   0.0119235721   0.0599858725
       -0.1439424413  -0.0008668983   0.0217712255   0.0564967662   0.0011223805
        0.0324293165  -0.0447607683  -0.0012493474  -0.0752835190  -0.0395574305
       -0.0012609763  -0.0023023205   0.0001144794  -0.0002733681  -0.0020532559
        0.0002897884   0.0001142268   0.0013250366  -0.0005977428  -0.0002196185
       -0.0019742872   0.0008318100  -0.0001231775   0.0001682056  -0.0001470791
        0.0007165190  -0.1167099003  -0.1206519752  -0.0023545184   0.0267227366
       -0.0173029824  -0.0002680091  -0.0037340505  -0.0009233727  -0.0003040794
       -0.0000111654   0.0001810020   0.0001474388   0.0001131374  -0.0008995039
        0.0001723884   0.0000363201  -0.0003979008   0.0000040848  -0.0002841952
        0.0006621919  -0.0001562037
       -0.0003286820  -0.0008632854   0.0027157795   0.0011121269  -0.0062486764
       -0.0480182610   0.0046269573   0.0119235721   0.1109709450  -0.0011700703
       -0.0009443017  -0.0455397086   0.0005274053   0.0012596635   0.0019336080
        0.0007004228  -0.0008349108  -0.0050368403  -0.0019765815  -0.0012060695
        0.0001533915   0.0001571065  -0.0005594031   0.0069895287   0.0000061678
        0.0000169330  -0.0000296096  -0.0005388021   0.0006275249  -0.0001552197
        0.0001191083   0.0001630000  -0.0000871047   0.0005483795  -0.0000010258
       -0.0002054538  -0.0042041299  -0.0026698348  -0.0321639777   0.0004472262
       -0.0003142930   0.0005517560   0.0000598351  -0.0001078090   0.0077233119
        0.0000261336   0.0007087200   0.0000252635  -0.0000395943   0.0006572655
        0.0002538557  -0.0000674662  -0.0015961858  -0.0000243453  -0.0000055429
       -0.0000108838  -0.0000569192
        0.0013611491  -0.0011493143  -0.0002987617   0.0201396918   0.0875388877
        0.0017750543  -0.2866207986   0.0599858725  -0.0011700703   0.6636994975
        0.0027512149   0.0002342074  -0.2722047095  -0.0793971635   0.0008556442
        0.0337013402  -0.0811965045  -0.0021232090  -0.0634384420  -0.0034657367
       -0.0001661564  -0.0001555124  -0.0004779022   0.0003946492   0.0009463427
        0.0035615800   0.0004486634  -0.0002119572   0.0004224115   0.0003452031
        0.0002206652  -0.0001063317   0.0000192156  -0.0003356054   0.0003819762
        0.0000416552  -0.0264472166   0.0100604974   0.0003284282  -0.0449694031
        0.0144576642   0.0000819682  -0.0253458842  -0.0134626681  -0.0004269712
       -0.0000891338   0.0000805616  -0.0000918828   0.0001524413  -0.0002083171
       -0.0000243689   0.0000692703  -0.0002580575   0.0000747850  -0.0004717353
        0.0004813296  -0.0002980534
        0.0002233125  -0.0045538977  -0.0001243652   0.0276786765  -0.0302914640
       -0.0006676316   0.1388739077  -0.1439424413  -0.0009443017   0.0027512149
        0.6779652505   0.0075073677  -0.1562800043  -0.1702647800  -0.0012790874
       -0.0229125536  -0.0394669950  -0.0005521153  -0.0028515934   0.0044364002
        0.0003660684   0.0001114729  -0.0009455414   0.0003932117   0.0023897128
       -0.0049982014   0.0001438055   0.0008367527  -0.0005463995  -0.0002127845
       -0.0004221193  -0.0000271967  -0.0000122823   0.0004218991  -0.0003658560
        0.0001629813  -0.0147628984   0.0063419877  -0.0000646006   0.0147323197
       -0.2990326184  -0.0042263321   0.0107675862   0.0067389830  -0.0001909458
       -0.0001901706   0.0001364119   0.0000212010   0.0001253718   0.0001895701
        0.0000067944  -0.0000253351  -0.0000201722  -0.0001663114  -0.0014675521
       -0.0013530399  -0.0001606721
       -0.0004258270  -0.0005060097   0.0072317487   0.0006715154  -0.0006739635
       -0.0000024116   0.0006856784  -0.0008668983  -0.0455397086   0.0002342074
        0.0075073677   0.1135127880  -0.0011865100  -0.0019444791  -0.0421136487
       -0.0007526143  -0.0000445776  -0.0023534774   0.0002103641  -0.0000047320
       -0.0031637067  -0.0000252119  -0.0000011747  -0.0001518681   0.0006343397
        0.0000446820   0.0053641319   0.0011363577  -0.0008573964   0.0001097207
        0.0001446643   0.0001145850  -0.0000252563  -0.0013029661   0.0010005515
        0.0001846983  -0.0004880387   0.0002141925  -0.0002024813   0.0001778510
       -0.0041837969  -0.0337948578   0.0004481258   0.0002859182  -0.0003888757
        0.0000056003  -0.0000284422   0.0000146392   0.0000106757  -0.0000033735
       -0.0000030625   0.0000130132   0.0000059751   0.0000069613  -0.0001912249
       -0.0000584280   0.0013146665
       -0.0006937267   0.0006418708   0.0001282998  -0.0094606236  -0.0289697396
       -0.0006687699  -0.0685723648   0.0217712255   0.0005274053  -0.2722047095
       -0.1562800043  -0.0011865100   0.6955957616   0.0175142310  -0.0057386617
       -0.0909616234   0.0625491789   0.0013572183   0.0193867526   0.0252843566
        0.0005504439  -0.0039577433   0.0024767442   0.0001071158  -0.0069052703
       -0.0442312490   0.0000639001   0.0001438748  -0.0001896423   0.0000010430
        0.0002792098   0.0001371081   0.0000729694   0.0001091187  -0.0001103466
       -0.0001564605  -0.0045316032   0.0025528136  -0.0000837355   0.0002609599
       -0.0008531845   0.0001637591  -0.2541724691   0.1000870003   0.0046531547
       -0.0000170042   0.0009550690  -0.0000410485  -0.0002119308  -0.0003833597
       -0.0000135699  -0.0001585900   0.0002073362   0.0002413212  -0.0039280185
       -0.0031594083   0.0000221254
        0.0002546898  -0.0001743454  -0.0001634736  -0.0253536290  -0.0498736233
       -0.0009992066  -0.0363918223   0.0564967662   0.0012596635  -0.0793971635
       -0.1702647800  -0.0019444791   0.0175142310   0.6495311207   0.0081224259
       -0.0167694840  -0.3077659680  -0.0028173527   0.0776092982  -0.0275100089
       -0.0008077321   0.0013979403   0.0016420084  -0.0009724706  -0.0161905793
       -0.0370067939  -0.0007044986   0.0001436515   0.0000947196  -0.0001282258
       -0.0000782701   0.0000666352   0.0000747368   0.0001677132  -0.0000376828
        0.0000556270   0.0030584606  -0.0001503891  -0.0002033066  -0.0253204473
       -0.0204948229  -0.0001717567   0.1011575713  -0.0923217695  -0.0013742497
        0.0004236754  -0.0006696293   0.0002215781  -0.0001803530   0.0004176700
        0.0002384279   0.0000389100  -0.0000504179  -0.0000621555  -0.0020843929
       -0.0019286890   0.0003764484
       -0.0000142369   0.0000024265  -0.0001424921  -0.0004721091  -0.0008083415
       -0.0039787264  -0.0005494960   0.0011223805   0.0019336080   0.0008556442
       -0.0012790874  -0.0421136487  -0.0057386617   0.0081224259   0.1069716537
       -0.0008527517  -0.0038479497  -0.0499046139   0.0021049043  -0.0011690020
       -0.0008650858   0.0001145700  -0.0002266312   0.0068957474   0.0006427226
        0.0009209334   0.0045450431  -0.0000007697  -0.0000372644   0.0000049293
       -0.0000060072   0.0000163168   0.0000241642  -0.0000007833   0.0000171546
        0.0000226034  -0.0000639434  -0.0001352052   0.0072044718  -0.0004791128
       -0.0004000306   0.0002128610   0.0043006544  -0.0020105792  -0.0321642808
       -0.0000573848   0.0011046512   0.0002089872  -0.0003123139   0.0004347560
        0.0000164669   0.0001403904  -0.0017056355  -0.0000099681   0.0003886848
       -0.0001213182   0.0011382799
       -0.0012804376  -0.0026057891  -0.0003811060  -0.0660834743  -0.0378575257
       -0.0004939282  -0.0170069384   0.0324293165   0.0007004228   0.0337013402
       -0.0229125536  -0.0007526143  -0.0909616234  -0.0167694840  -0.0008527517
        0.6130503057  -0.0193913088  -0.0111813937  -0.2340841139   0.1302963783
        0.0073518729  -0.0057799987   0.0096582717   0.0014751841  -0.2275795445
       -0.0848207837   0.0044232495   0.0006054994  -0.0003124842   0.0004349498
       -0.0002975629   0.0007677287   0.0003502997   0.0004048418  -0.0002459931
       -0.0005145749   0.0010491882   0.0012362945  -0.0000376374  -0.0033706348
       -0.0024935238   0.0002305528  -0.0056078796   0.0300038985   0.0005593451
       -0.0005086287  -0.0008168905  -0.0003620970  -0.0013472691  -0.0021132659
       -0.0007956106   0.0005391783  -0.0022953587   0.0009402078   0.0045577524
       -0.0117569270  -0.0010943705
       -0.0034883986  -0.0013277643  -0.0002833827   0.0193063719   0.0581801179
        0.0014334748   0.0335446898  -0.0447607683  -0.0008349108  -0.0811965045
       -0.0394669950  -0.0000445776   0.0625491789  -0.3077659680  -0.0038479497
       -0.0193913088   0.6512458272   0.0063263887   0.0499097668  -0.1351889465
       -0.0048004127   0.0248190059  -0.0219423112   0.0003761179  -0.0564798677
       -0.1111837909   0.0045188572   0.0000494816  -0.0004230906   0.0001436121
       -0.0007795942   0.0001461985  -0.0001124129   0.0001701794  -0.0002572483
       -0.0001782331   0.0009055056  -0.0000474553   0.0002299135  -0.0022792944
        0.0002242869  -0.0002063501   0.0037760357  -0.0156205648  -0.0010586516
       -0.0000278914  -0.0052921382  -0.0002303936   0.0002328124   0.0003077080
       -0.0005018734   0.0011833210  -0.0031210052  -0.0000990555  -0.0328034895
       -0.0237060918  -0.0008301606
       -0.0004489230  -0.0000302568   0.0073185779   0.0008942080   0.0016331444
       -0.0034762393   0.0008204870  -0.0012493474  -0.0050368403  -0.0021232090
       -0.0005521153  -0.0023534774   0.0013572183  -0.0028173527  -0.0499046139
       -0.0111813937   0.0063263887   0.1282468930   0.0054087791  -0.0046164761
       -0.0493509151   0.0004976957  -0.0011824112   0.0011134562   0.0010159715
        0.0030159628  -0.0351475888   0.0008723314  -0.0003062888   0.0000057825
        0.0003039847  -0.0001854901   0.0002586395  -0.0015012452   0.0003933999
       -0.0000265109  -0.0000154383  -0.0000304826   0.0005450009   0.0000204288
       -0.0000635546   0.0083182092   0.0001751522  -0.0006149514   0.0016120985
        0.0008964613  -0.0012806445  -0.0002951689   0.0002860550  -0.0000719531
        0.0004767550  -0.0000211365   0.0007160968  -0.0004522365   0.0027425728
        0.0009163321  -0.0018518217
       -0.0320136701  -0.0095673843   0.0000416897  -0.2305016005  -0.0596144162
       -0.0036762245   0.0313281090  -0.0752835190  -0.0019765815  -0.0634384420
       -0.0028515934   0.0002103641   0.0193867526   0.0776092982   0.0021049043
       -0.2340841139   0.0499097668   0.0054087791   0.6380567545   0.0013210297
       -0.0033578644  -0.0668472498   0.0084288591   0.0002814466  -0.0539060258
        0.0031236702   0.0016231551  -0.0001967563  -0.0012573669  -0.0001069302
       -0.0052731087   0.0019382485  -0.0001907153  -0.0008722971  -0.0008533581
       -0.0001512994   0.0005856292   0.0007077931   0.0002295673  -0.0006780907
       -0.0001549658  -0.0001174942   0.0006899308  -0.0004841732  -0.0001830809
       -0.0034153812   0.0238779504   0.0019178864   0.0009410183  -0.0260846292
       -0.0012191107   0.0001883693   0.0062990341  -0.0004138009   0.0000501724
        0.0029357559  -0.0004246905
        0.0063180385   0.0066287376   0.0008703721  -0.1328865595  -0.1531590241
       -0.0036596697  -0.0212589271  -0.0395574305  -0.0012060695  -0.0034657367
        0.0044364002  -0.0000047320   0.0252843566  -0.0275100089  -0.0011690020
        0.1302963783  -0.1351889465  -0.0046164761   0.0013210297   0.6126316503
        0.0186107774   0.0084685746  -0.2079144076  -0.0103259955  -0.0246570946
        0.0036971763   0.0004416159   0.0011225565  -0.0003662046   0.0007594264
        0.0026929905  -0.0011681449  -0.0002508276   0.0009613801  -0.0009734776
       -0.0009895334   0.0001366118  -0.0054698909  -0.0003456872  -0.0001983547
        0.0009962469  -0.0000048384   0.0005198855  -0.0056061098  -0.0001922157
        0.0071955146  -0.0143187364  -0.0025844346  -0.0049641629  -0.0161473213
       -0.0007368200   0.0041212479  -0.0208634745   0.0056558476  -0.0010077291
       -0.0001470336  -0.0002517375
        0.0000009757   0.0007381157   0.0005512465  -0.0049483685  -0.0042239881
       -0.0496313209  -0.0004165133  -0.0012609763   0.0001533915  -0.0001661564
        0.0003660684  -0.0031637067   0.0005504439  -0.0008077321  -0.0008650858
        0.0073518729  -0.0048004127  -0.0493509151  -0.0033578644   0.0186107774
        0.1401201675  -0.0000953958  -0.0056782406  -0.0590637222   0.0008922625
        0.0002921754   0.0039702687  -0.0003025966  -0.0002424864   0.0006463348
       -0.0003770300  -0.0000672983   0.0008918389   0.0001421412  -0.0003466618
        0.0004184927  -0.0000696541  -0.0003123350   0.0070134237  -0.0000010225
        0.0000238625   0.0000921646   0.0000601876  -0.0001767059   0.0069334541
        0.0020456456  -0.0179945011  -0.0003159948   0.0006883754  -0.0104509427
       -0.0003414426  -0.0020626895   0.0264858664   0.0021981316   0.0000653864
       -0.0001545849  -0.0002567266
       -0.0002835288  -0.0008674526   0.0001279257  -0.0002768899  -0.0231806632
       -0.0000263879  -0.0036216198  -0.0023023205   0.0001571065  -0.0001555124
        0.0001114729  -0.0000252119  -0.0039577433   0.0013979403   0.0001145700
       -0.0057799987   0.0248190059   0.0004976957  -0.0668472498   0.0084685746
       -0.0000953958   0.5198698169   0.0090487386   0.0001850845   0.0016386994
        0.0028362731  -0.0005037566  -0.0002345005  -0.0007944133   0.0003070313
        0.0000149147  -0.0005761182  -0.0000274034  -0.0003780863  -0.0008970701
       -0.0005968252  -0.0001162027  -0.0013914244  -0.0000391720   0.0001618012
        0.0000237402  -0.0000411645  -0.0002753442   0.0014887212   0.0000574900
       -0.1807833273   0.0462190978   0.1114903658  -0.2095025266  -0.0819279008
       -0.0738375467  -0.0489683355   0.0158270229  -0.0392324115  -0.0005043665
        0.0016967755   0.0014880060
        0.0016600521  -0.0005612043  -0.0001773621  -0.0069990623  -0.0254985905
       -0.0012684319  -0.0027330503   0.0001144794  -0.0005594031  -0.0004779022
       -0.0009455414  -0.0000011747   0.0024767442   0.0016420084  -0.0002266312
        0.0096582717  -0.0219423112  -0.0011824112   0.0084288591  -0.2079144076
       -0.0056782406   0.0090487386   0.4619459250   0.0061718743  -0.0004465008
       -0.0004942397  -0.0002743719  -0.0001129428   0.0001050563  -0.0004150006
        0.0004679176  -0.0002299964   0.0001377373   0.0002927447   0.0005457686
        0.0000772285   0.0000462236  -0.0009828617   0.0000143166   0.0000097333
        0.0000608596   0.0000726350  -0.0000077239  -0.0008136159   0.0000486105
        0.0448581685  -0.0552620216  -0.0377610003  -0.0794974643  -0.0805382233
       -0.0363066739   0.0140094648  -0.0697898269   0.0766220531  -0.0006822717
        0.0005587433   0.0007062460
       -0.0001488510  -0.0001512404  -0.0037103687  -0.0000500186  -0.0012113504
        0.0004184407  -0.0004790213  -0.0002733681   0.0069895287   0.0003946492
        0.0003932117  -0.0001518681   0.0001071158  -0.0009724706   0.0068957474
        0.0014751841   0.0003761179   0.0011134562   0.0002814466  -0.0103259955
       -0.0590637222   0.0001850845   0.0061718743   0.4918328460  -0.0008336025
       -0.0025787918  -0.0008955997  -0.0009768226  -0.0006250717   0.0005386224
       -0.0000604423  -0.0001661562   0.0001788337   0.0008115675   0.0001426248
        0.0001208845   0.0000270616  -0.0001311221   0.0001053554   0.0000062719
        0.0000399186  -0.0015839939  -0.0000084067  -0.0001171992  -0.0002831887
        0.1118378228  -0.0382251998  -0.1316693719  -0.0722312334  -0.0358073980
       -0.0743577465  -0.0390682881   0.0818331950  -0.2355372770  -0.0012695173
        0.0016284214  -0.0009405784
       -0.0019738451  -0.0013552545  -0.0000979160  -0.0010667393   0.0067196502
        0.0007350332  -0.0007581573  -0.0020532559   0.0000061678   0.0009463427
        0.0023897128   0.0006343397  -0.0069052703  -0.0161905793   0.0006427226
       -0.2275795445  -0.0564798677   0.0010159715  -0.0539060258  -0.0246570946
        0.0008922625   0.0016386994  -0.0004465008  -0.0008336025   0.3410948197
        0.0300095003   0.0020667513  -0.0001450629   0.0001747784  -0.0002324603
       -0.0010669201  -0.0000826231  -0.0001385730  -0.0002707645   0.0001864279
        0.0003005586  -0.0005780655  -0.0004107994  -0.0001469430  -0.0002686601
       -0.0009170920  -0.0001336825   0.0011179724   0.0000175614  -0.0000642215
        0.0002094149  -0.0003947977  -0.0001064215  -0.0006165984   0.0015854522
        0.0010104799  -0.0001646414   0.0009283428  -0.0003564551  -0.0497069540
        0.0609764390  -0.0051940115
        0.0003856404   0.0003733565   0.0000884207   0.0036365155  -0.0012016188
       -0.0001860214  -0.0015276901   0.0002897884   0.0000169330   0.0035615800
       -0.0049982014   0.0000446820  -0.0442312490  -0.0370067939   0.0009209334
       -0.0848207837  -0.1111837909   0.0030159628   0.0031236702   0.0036971763
        0.0002921754   0.0028362731  -0.0004942397  -0.0025787918   0.0300095003
        0.5441251576  -0.0427904620  -0.0001506957   0.0001022412  -0.0002263464
       -0.0000550767  -0.0001031612  -0.0000327678  -0.0001967921   0.0000368958
        0.0002320288  -0.0002372698  -0.0003206321  -0.0000162846  -0.0014795418
       -0.0019347480  -0.0001396834   0.0001926593   0.0019106988   0.0000430403
        0.0010648592   0.0001728711   0.0004691587   0.0046998695  -0.0003623119
       -0.0000321565  -0.0003925659   0.0008220139  -0.0001680962   0.0835810971
       -0.3939247016   0.0410472749
        0.0001271889   0.0000905032  -0.0002200625   0.0000143421  -0.0006572762
        0.0071120786  -0.0003307621   0.0001142268  -0.0000296096   0.0004486634
        0.0001438055   0.0053641319   0.0000639001  -0.0007044986   0.0045450431
        0.0044232495   0.0045188572  -0.0351475888   0.0016231551   0.0004416159
        0.0039702687  -0.0005037566  -0.0002743719  -0.0008955997   0.0020667513
       -0.0427904620   0.0267590793  -0.0000277718   0.0000042578  -0.0000119591
        0.0000729284   0.0000094372  -0.0000840335   0.0000463171   0.0000172407
        0.0000346407   0.0000198663   0.0000494323  -0.0013585533   0.0000295637
        0.0000516629   0.0000388532  -0.0001403058   0.0001738516  -0.0030990255
       -0.0002787023   0.0000375584   0.0000905552   0.0004516521   0.0002869999
       -0.0006524977   0.0006367135   0.0002870018   0.0003152992  -0.0087429928
        0.0382001574  -0.0067310201
       -0.0416988359   0.0042330357  -0.0063710835  -0.0035344513   0.0217257966
       -0.0178848805  -0.0036291992   0.0013250366  -0.0005388021  -0.0002119572
        0.0008367527   0.0011363577   0.0001438748   0.0001436515  -0.0000007697
        0.0006054994   0.0000494816   0.0008723314  -0.0001967563   0.0011225565
       -0.0003025966  -0.0002345005  -0.0001129428  -0.0009768226  -0.0001450629
       -0.0001506957  -0.0000277718   0.0498142206  -0.0061427760   0.0058453010
       -0.0005658092  -0.0179300542   0.0145217924   0.0011756477  -0.0041243197
        0.0041788884  -0.0001373343  -0.0000074284  -0.0002305506  -0.0002399483
        0.0001902447   0.0000121814   0.0000070321  -0.0000176779  -0.0001868601
       -0.0006147224  -0.0006306095  -0.0009320046   0.0001060146   0.0000398687
        0.0002204156  -0.0005803921  -0.0005850716   0.0006731458  -0.0000633196
        0.0000351512  -0.0000082715
        0.0023961252  -0.1733748970   0.1214412658   0.0072808111  -0.0144047239
        0.0091056119   0.0026349026  -0.0005977428   0.0006275249   0.0004224115
       -0.0005463995  -0.0008573964  -0.0001896423   0.0000947196  -0.0000372644
       -0.0003124842  -0.0004230906  -0.0003062888  -0.0012573669  -0.0003662046
       -0.0002424864  -0.0007944133   0.0001050563  -0.0006250717   0.0001747784
        0.0001022412   0.0000042578  -0.0061427760   0.2023419715  -0.1396056697
       -0.0029107156  -0.0207560412   0.0162773500  -0.0004682500   0.0075739521
       -0.0060832853   0.0001032246   0.0002777472   0.0002842149   0.0001447546
       -0.0001393201  -0.0000204737   0.0000397498  -0.0000117146   0.0001406664
       -0.0007657803   0.0000134282  -0.0004891622  -0.0001614159   0.0000115841
        0.0001000732  -0.0001334363   0.0000339639   0.0002782805  -0.0000604771
        0.0000654703   0.0000078530
       -0.0056350522   0.1203327852  -0.1497504529  -0.0014718037   0.0015028712
        0.0003988473  -0.0001066960  -0.0002196185  -0.0001552197   0.0003452031
       -0.0002127845   0.0001097207   0.0000010430  -0.0001282258   0.0000049293
        0.0004349498   0.0001436121   0.0000057825  -0.0001069302   0.0007594264
        0.0006463348   0.0003070313  -0.0004150006   0.0005386224  -0.0002324603
       -0.0002263464  -0.0000119591   0.0058453010  -0.1396056697   0.1722594655
        0.0004879283  -0.0035817896   0.0041045373   0.0008841311   0.0224598230
       -0.0270001544  -0.0000424888  -0.0000790529  -0.0000507918   0.0000031174
        0.0000283721   0.0000106917  -0.0000338170  -0.0000039852  -0.0000000154
       -0.0007487749  -0.0005886763  -0.0012030227   0.0003282472  -0.0000650531
       -0.0001403376  -0.0002160490  -0.0001553132   0.0002180034  -0.0000428800
        0.0000546256   0.0000150185
       -0.1601780091  -0.1153350536  -0.0382016858  -0.0262430552  -0.0172516845
       -0.0061843709   0.0006479536  -0.0019742872   0.0001191083   0.0002206652
       -0.0004221193   0.0001446643   0.0002792098  -0.0000782701  -0.0000060072
       -0.0002975629  -0.0007795942   0.0003039847  -0.0052731087   0.0026929905
       -0.0003770300   0.0000149147   0.0004679176  -0.0000604423  -0.0010669201
       -0.0000550767   0.0000729284  -0.0005658092  -0.0029107156   0.0004879283
        0.1889386677   0.1325678441   0.0441744913   0.0032000597   0.0013159545
       -0.0002568007   0.0000872703   0.0014302738  -0.0001482412   0.0001277851
       -0.0000158936  -0.0000012810   0.0000113491   0.0000413450  -0.0000576304
       -0.0000472946   0.0000801336   0.0000553515   0.0000620846   0.0000661226
        0.0000096375  -0.0000092720   0.0000843295  -0.0000422101   0.0000910718
        0.0000757835  -0.0000323945
       -0.1159795225  -0.1561194940  -0.0362462210   0.0058227044   0.0076614201
        0.0026078825   0.0028397885   0.0008318100   0.0001630000  -0.0001063317
       -0.0000271967   0.0001145850   0.0001371081   0.0000666352   0.0000163168
        0.0007677287   0.0001461985  -0.0001854901   0.0019382485  -0.0011681449
       -0.0000672983  -0.0005761182  -0.0002299964  -0.0001661562  -0.0000826231
       -0.0001031612   0.0000094372  -0.0179300542  -0.0207560412  -0.0035817896
        0.1325678441   0.1808381230   0.0430976067  -0.0096283284  -0.0107267887
       -0.0058775566   0.0004588291  -0.0007357876   0.0000154871  -0.0000038368
        0.0000415993  -0.0000022066  -0.0000527455   0.0000196344  -0.0000187432
       -0.0002017392   0.0001045883   0.0003109850  -0.0001335052   0.0000831844
        0.0000441694   0.0000905048   0.0000511316  -0.0002105934   0.0000720483
        0.0000222860  -0.0000234144
       -0.0388608454  -0.0358328838  -0.0562527799   0.0002519863  -0.0003714134
        0.0002652570   0.0001916701  -0.0001231775  -0.0000871047   0.0000192156
       -0.0000122823  -0.0000252563   0.0000729694   0.0000747368   0.0000241642
        0.0003502997  -0.0001124129   0.0002586395  -0.0001907153  -0.0002508276
        0.0008918389  -0.0000274034   0.0001377373   0.0001788337  -0.0001385730
       -0.0000327678  -0.0000840335   0.0145217924   0.0162773500   0.0041045373
        0.0441744913   0.0430976067   0.0607470767  -0.0204606460  -0.0234122018
       -0.0100837748  -0.0000592650   0.0003422334   0.0001059177   0.0000104203
        0.0000194989  -0.0000198589  -0.0000020345   0.0000190198   0.0000045808
        0.0001947299   0.0002033540  -0.0001806812   0.0000071024  -0.0000105675
        0.0000469784  -0.0000829981  -0.0000162829   0.0000885274   0.0000278033
        0.0000032804   0.0000171377
       -0.0483027332   0.0158033342   0.0432122215  -0.0098758127   0.0133705107
        0.0246509001  -0.0020849765   0.0001682056   0.0005483795  -0.0003356054
        0.0004218991  -0.0013029661   0.0001091187   0.0001677132  -0.0000007833
        0.0004048418   0.0001701794  -0.0015012452  -0.0008722971   0.0009613801
        0.0001421412  -0.0003780863   0.0002927447   0.0008115675  -0.0002707645
       -0.0001967921   0.0000463171   0.0011756477  -0.0004682500   0.0008841311
        0.0032000597  -0.0096283284  -0.0204606460   0.0577818153  -0.0198927463
       -0.0473705959  -0.0000770003  -0.0000616458   0.0003268562  -0.0001375256
        0.0001281293   0.0000046141  -0.0000062805  -0.0000136230   0.0002790873
       -0.0005675482  -0.0011082500  -0.0001419888   0.0000134053   0.0000310343
       -0.0000095777   0.0002318165  -0.0001855013  -0.0001503063  -0.0000080745
        0.0000400062   0.0000318936
        0.0135505265  -0.0720613623  -0.0812833115   0.0090335024  -0.0079459298
       -0.0121584066   0.0018902595  -0.0001470791  -0.0000010258   0.0003819762
       -0.0003658560   0.0010005515  -0.0001103466  -0.0000376828   0.0000171546
       -0.0002459931  -0.0002572483   0.0003933999  -0.0008533581  -0.0009734776
       -0.0003466618  -0.0008970701   0.0005457686   0.0001426248   0.0001864279
        0.0000368958   0.0000172407  -0.0041243197   0.0075739521   0.0224598230
        0.0013159545  -0.0107267887  -0.0234122018  -0.0198927463   0.0847144290
        0.0939643465   0.0000045867   0.0000209567  -0.0003535546   0.0000813134
       -0.0000966119  -0.0000320987   0.0000093666  -0.0000237770  -0.0001651657
       -0.0005665132  -0.0003445677  -0.0001528552   0.0000037759  -0.0000549607
       -0.0000455120   0.0003138609   0.0000918829  -0.0000555644  -0.0000812034
        0.0000514567   0.0000112172
        0.0390402079  -0.0795252484  -0.2351511748   0.0048970295  -0.0032297747
       -0.0003036994   0.0001550962   0.0007165190  -0.0002054538   0.0000416552
        0.0001629813   0.0001846983  -0.0001564605   0.0000556270   0.0000226034
       -0.0005145749  -0.0001782331  -0.0000265109  -0.0001512994  -0.0009895334
        0.0004184927  -0.0005968252   0.0000772285   0.0001208845   0.0003005586
        0.0002320288   0.0000346407   0.0041788884  -0.0060832853  -0.0270001544
       -0.0002568007  -0.0058775566  -0.0100837748  -0.0473705959   0.0939643465
        0.2719990852   0.0000296386   0.0000265474  -0.0001549881  -0.0000095569
       -0.0000473270   0.0000206911   0.0000344251  -0.0000093358  -0.0000199335
        0.0006905975   0.0007312343   0.0003676352  -0.0002859328   0.0000453882
        0.0001169881  -0.0000175834  -0.0000242911  -0.0003347521  -0.0000084673
       -0.0000473156  -0.0000052774
        0.0012655303   0.0022051842   0.0001168368  -0.0024268101  -0.0024746653
       -0.0001119055  -0.2206627227  -0.1167099003  -0.0042041299  -0.0264472166
       -0.0147628984  -0.0004880387  -0.0045316032   0.0030584606  -0.0000639434
        0.0010491882   0.0009055056  -0.0000154383   0.0005856292   0.0001366118
       -0.0000696541  -0.0001162027   0.0000462236   0.0000270616  -0.0005780655
       -0.0002372698   0.0000198663  -0.0001373343   0.0001032246  -0.0000424888
        0.0000872703   0.0004588291  -0.0000592650  -0.0000770003   0.0000045867
        0.0000296386   0.2526876792   0.1285621251   0.0047971034   0.0006706522
       -0.0004972533   0.0000277991  -0.0015350081  -0.0007438671   0.0000293280
        0.0000530294   0.0000170167  -0.0000392641  -0.0000026294  -0.0000643406
       -0.0000031565  -0.0000138517  -0.0000343454   0.0000454188   0.0001294658
        0.0000267721   0.0000042317
       -0.0016999901   0.0008516321  -0.0000743791  -0.0254317634  -0.0193059178
       -0.0006190450  -0.1167671549  -0.1206519752  -0.0026698348   0.0100604974
        0.0063419877   0.0002141925   0.0025528136  -0.0001503891  -0.0001352052
        0.0012362945  -0.0000474553  -0.0000304826   0.0007077931  -0.0054698909
       -0.0003123350  -0.0013914244  -0.0009828617  -0.0001311221  -0.0004107994
       -0.0003206321   0.0000494323  -0.0000074284   0.0002777472  -0.0000790529
        0.0014302738  -0.0007357876   0.0003422334  -0.0000616458   0.0000209567
        0.0000265474   0.1285621251   0.1393165122   0.0033884753   0.0007958622
        0.0009160359   0.0000669024   0.0005191138   0.0002170238  -0.0000141698
       -0.0000665744   0.0000796522   0.0000096841  -0.0000489739  -0.0005145654
       -0.0000197874  -0.0000208021  -0.0000472298   0.0000088554   0.0000417834
        0.0002051572  -0.0000209089
        0.0003336065   0.0001800430  -0.0023126469  -0.0009649716  -0.0008437094
        0.0001058416  -0.0044364025  -0.0023545184  -0.0321639777   0.0003284282
       -0.0000646006  -0.0002024813  -0.0000837355  -0.0002033066   0.0072044718
       -0.0000376374   0.0002299135   0.0005450009   0.0002295673  -0.0003456872
        0.0070134237  -0.0000391720   0.0000143166   0.0001053554  -0.0001469430
       -0.0000162846  -0.0013585533  -0.0002305506   0.0002842149  -0.0000507918
       -0.0001482412   0.0000154871   0.0001059177   0.0003268562  -0.0003535546
       -0.0001549881   0.0047971034   0.0033884753   0.0235795702   0.0000314399
        0.0000564498  -0.0025776212  -0.0000408697  -0.0000305890   0.0003123597
        0.0000038961   0.0000059376  -0.0000011462   0.0000194220   0.0000467302
       -0.0000157172   0.0000314403  -0.0000114430   0.0000003569   0.0000267636
        0.0000021254  -0.0001343743
       -0.0002081992   0.0014031362   0.0000264369  -0.0044007478   0.0024101049
       -0.0000160916  -0.0022345901   0.0267227366   0.0004472262  -0.0449694031
        0.0147323197   0.0001778510   0.0002609599  -0.0253204473  -0.0004791128
       -0.0033706348  -0.0022792944   0.0000204288  -0.0006780907  -0.0001983547
       -0.0000010225   0.0001618012   0.0000097333   0.0000062719  -0.0002686601
       -0.0014795418   0.0000295637  -0.0002399483   0.0001447546   0.0000031174
        0.0001277851  -0.0000038368   0.0000104203  -0.0001375256   0.0000813134
       -0.0000095569   0.0006706522   0.0007958622   0.0000314399   0.0547273518
       -0.0158655362  -0.0002123804   0.0008206715  -0.0007502376  -0.0000318285
       -0.0000024408  -0.0000207438  -0.0000230996  -0.0000061684   0.0000272552
        0.0000210411  -0.0000252151  -0.0000091382   0.0000060649  -0.0002275978
       -0.0004000856  -0.0000067697
        0.0000845308  -0.0009776610  -0.0000312175   0.0031745066   0.0000034346
       -0.0000837098   0.0023767244  -0.0173029824  -0.0003142930   0.0144576642
       -0.2990326184  -0.0041837969  -0.0008531845  -0.0204948229  -0.0004000306
       -0.0024935238   0.0002242869  -0.0000635546  -0.0001549658   0.0009962469
        0.0000238625   0.0000237402   0.0000608596   0.0000399186  -0.0009170920
       -0.0019347480   0.0000516629   0.0001902447  -0.0001393201   0.0000283721
       -0.0000158936   0.0000415993   0.0000194989   0.0001281293  -0.0000966119
       -0.0000473270  -0.0004972533   0.0009160359   0.0000564498  -0.0158655362
        0.3368599210   0.0048976752   0.0005143743   0.0009253361   0.0000311375
        0.0000383657   0.0000090933  -0.0000283454  -0.0000670043  -0.0000111423
       -0.0000124491  -0.0000006472  -0.0000319550   0.0000471601  -0.0001231796
       -0.0000149517  -0.0000310138
        0.0000825793   0.0000233856  -0.0001439105  -0.0000876875  -0.0001392419
        0.0076210313  -0.0000069713  -0.0002680091   0.0005517560   0.0000819682
       -0.0042263321  -0.0337948578   0.0001637591  -0.0001717567   0.0002128610
        0.0002305528  -0.0002063501   0.0083182092  -0.0001174942  -0.0000048384
        0.0000921646  -0.0000411645   0.0000726350  -0.0015839939  -0.0001336825
       -0.0001396834   0.0000388532   0.0000121814  -0.0000204737   0.0000106917
       -0.0000012810  -0.0000022066  -0.0000198589   0.0000046141  -0.0000320987
        0.0000206911   0.0000277991   0.0000669024  -0.0025776212  -0.0002123804
        0.0048976752   0.0242066163  -0.0000264092   0.0000567133  -0.0027977233
       -0.0000070179  -0.0002031746  -0.0000086319   0.0000577296  -0.0001203644
       -0.0000133439   0.0000047474   0.0003701170   0.0000244222  -0.0000318425
        0.0000471014  -0.0001573555
        0.0000683782   0.0000825004  -0.0000174619   0.0006333929  -0.0005444831
       -0.0000056092  -0.0035016256  -0.0037340505   0.0000598351  -0.0253458842
        0.0107675862   0.0004481258  -0.2541724691   0.1011575713   0.0043006544
       -0.0056078796   0.0037760357   0.0001751522   0.0006899308   0.0005198855
        0.0000601876  -0.0002753442  -0.0000077239  -0.0000084067   0.0011179724
        0.0001926593  -0.0001403058   0.0000070321   0.0000397498  -0.0000338170
        0.0000113491  -0.0000527455  -0.0000020345  -0.0000062805   0.0000093666
        0.0000344251  -0.0015350081   0.0005191138  -0.0000408697   0.0008206715
        0.0005143743  -0.0000264092   0.2869831110  -0.1125436649  -0.0048904885
        0.0000097598   0.0000715779   0.0000099902   0.0000742061  -0.0000094975
        0.0000173305  -0.0000101486   0.0000462528  -0.0000263751   0.0000388361
       -0.0008045082   0.0000860768
        0.0000165367   0.0001302502   0.0000048990  -0.0007455539  -0.0003368341
        0.0000046809  -0.0029974063  -0.0009233727  -0.0001078090  -0.0134626681
        0.0067389830   0.0002859182   0.1000870003  -0.0923217695  -0.0020105792
        0.0300038985  -0.0156205648  -0.0006149514  -0.0004841732  -0.0056061098
       -0.0001767059   0.0014887212  -0.0008136159  -0.0001171992   0.0000175614
        0.0019106988   0.0001738516  -0.0000176779  -0.0000117146  -0.0000039852
        0.0000413450   0.0000196344   0.0000190198  -0.0000136230  -0.0000237770
       -0.0000093358  -0.0007438671   0.0002170238  -0.0000305890  -0.0007502376
        0.0009253361   0.0000567133  -0.1125436649   0.1052249663   0.0026357716
        0.0000587692  -0.0003963514  -0.0000201784   0.0000183191   0.0001080251
        0.0000196413   0.0000289505  -0.0001456610  -0.0000046844  -0.0000022299
        0.0009248531  -0.0001044781
        0.0001217094   0.0000426788  -0.0014890627   0.0000369120   0.0002919733
        0.0000131663   0.0001676148  -0.0003040794   0.0077233119  -0.0004269712
       -0.0001909458  -0.0003888757   0.0046531547  -0.0013742497  -0.0321642808
        0.0005593451  -0.0010586516   0.0016120985  -0.0001830809  -0.0001922157
        0.0069334541   0.0000574900   0.0000486105  -0.0002831887  -0.0000642215
        0.0000430403  -0.0030990255  -0.0001868601   0.0001406664  -0.0000000154
       -0.0000576304  -0.0000187432   0.0000045808   0.0002790873  -0.0001651657
       -0.0000199335   0.0000293280  -0.0000141698   0.0003123597  -0.0000318285
        0.0000311375  -0.0027977233  -0.0048904885   0.0026357716   0.0236266498
       -0.0000263286  -0.0000135969  -0.0000038242  -0.0000103515  -0.0000224692
        0.0000033272  -0.0000587443   0.0000739694   0.0000126078   0.0000318643
        0.0000464392   0.0000043737
       -0.0005145769  -0.0013508118  -0.0013426236  -0.0003509188  -0.0009691796
       -0.0005030254  -0.0002123006  -0.0000111654   0.0000261336  -0.0000891338
       -0.0001901706   0.0000056003  -0.0000170042   0.0004236754  -0.0000573848
       -0.0005086287  -0.0000278914   0.0008964613  -0.0034153812   0.0071955146
        0.0020456456  -0.1807833273   0.0448581685   0.1118378228   0.0002094149
        0.0010648592  -0.0002787023  -0.0006147224  -0.0007657803  -0.0007487749
       -0.0000472946  -0.0002017392   0.0001947299  -0.0005675482  -0.0005665132
        0.0006905975   0.0000530294  -0.0000665744   0.0000038961  -0.0000024408
        0.0000383657  -0.0000070179   0.0000097598   0.0000587692  -0.0000263286
        0.2109181155  -0.0526898707  -0.1292893365  -0.0274941666   0.0045861442
        0.0169855277   0.0029568692  -0.0011822930  -0.0006848282   0.0004702552
       -0.0002035072   0.0002516073
       -0.0002132221  -0.0001574671  -0.0007912438   0.0013707223   0.0002682854
       -0.0003439327   0.0003377995   0.0001810020   0.0007087200   0.0000805616
        0.0001364119  -0.0000284422   0.0009550690  -0.0006696293   0.0011046512
       -0.0008168905  -0.0052921382  -0.0012806445   0.0238779504  -0.0143187364
       -0.0179945011   0.0462190978  -0.0552620216  -0.0382251998  -0.0003947977
        0.0001728711   0.0000375584  -0.0006306095   0.0000134282  -0.0005886763
        0.0000801336   0.0001045883   0.0002033540  -0.0011082500  -0.0003445677
        0.0007312343   0.0000170167   0.0000796522   0.0000059376  -0.0000207438
        0.0000090933  -0.0002031746   0.0000715779  -0.0003963514  -0.0000135969
       -0.0526898707   0.0684015397   0.0433279535  -0.0091752805   0.0033656265
        0.0064295050  -0.0078776238   0.0034725744   0.0070793909  -0.0000826401
        0.0002358388  -0.0001588933
       -0.0004337903   0.0005788172   0.0005928247   0.0009325796  -0.0003469629
        0.0006206981   0.0000861662   0.0001474388   0.0000252635  -0.0000918828
        0.0000212010   0.0000146392  -0.0000410485   0.0002215781   0.0002089872
       -0.0003620970  -0.0002303936  -0.0002951689   0.0019178864  -0.0025844346
       -0.0003159948   0.1114903658  -0.0377610003  -0.1316693719  -0.0001064215
        0.0004691587   0.0000905552  -0.0009320046  -0.0004891622  -0.0012030227
        0.0000553515   0.0003109850  -0.0001806812  -0.0001419888  -0.0001528552
        0.0003676352  -0.0000392641   0.0000096841  -0.0000011462  -0.0000230996
       -0.0000283454  -0.0000086319   0.0000099902  -0.0000201784  -0.0000038242
       -0.1292893365   0.0433279535   0.1501121799  -0.0075652169   0.0022174331
        0.0065503213   0.0244147947  -0.0053456277  -0.0246586858   0.0001190162
       -0.0003452890  -0.0002465767
       -0.0003585844  -0.0005301076  -0.0000550222  -0.0000164239   0.0002267870
       -0.0004632320  -0.0000488935   0.0001131374  -0.0000395943   0.0001524413
        0.0001253718   0.0000106757  -0.0002119308  -0.0001803530  -0.0003123139
       -0.0013472691   0.0002328124   0.0002860550   0.0009410183  -0.0049641629
        0.0006883754  -0.2095025266  -0.0794974643  -0.0722312334  -0.0006165984
        0.0046998695   0.0004516521   0.0001060146  -0.0001614159   0.0003282472
        0.0000620846  -0.0001335052   0.0000071024   0.0000134053   0.0000037759
       -0.0002859328  -0.0000026294  -0.0000489739   0.0000194220  -0.0000061684
       -0.0000670043   0.0000577296   0.0000742061   0.0000183191  -0.0000103515
       -0.0274941666  -0.0091752805  -0.0075652169   0.2472876663   0.0924522207
        0.0837211188  -0.0082103448  -0.0024248254  -0.0055066549  -0.0008213008
       -0.0006892007   0.0008991738
        0.0004907692   0.0000552264  -0.0000705098   0.0009134918  -0.0059372815
       -0.0009783281  -0.0010727160  -0.0008995039   0.0006572655  -0.0002083171
        0.0001895701  -0.0000033735  -0.0003833597   0.0004176700   0.0004347560
       -0.0021132659   0.0003077080  -0.0000719531  -0.0260846292  -0.0161473213
       -0.0104509427  -0.0819279008  -0.0805382233  -0.0358073980   0.0015854522
       -0.0003623119   0.0002869999   0.0000398687   0.0000115841  -0.0000650531
        0.0000661226   0.0000831844  -0.0000105675   0.0000310343  -0.0000549607
        0.0000453882  -0.0000643406  -0.0005145654   0.0000467302   0.0000272552
       -0.0000111423  -0.0001203644  -0.0000094975   0.0001080251  -0.0000224692
        0.0045861442   0.0033656265   0.0022174331   0.0924522207   0.0950495170
        0.0418818113   0.0086566387   0.0047238662   0.0038127530   0.0030150292
        0.0001533325  -0.0017821778
        0.0002938720   0.0000404502   0.0000998983  -0.0001031425  -0.0002154531
        0.0003967729   0.0000067284   0.0001723884   0.0002538557  -0.0000243689
        0.0000067944  -0.0000030625  -0.0000135699   0.0002384279   0.0000164669
       -0.0007956106  -0.0005018734   0.0004767550  -0.0012191107  -0.0007368200
       -0.0003414426  -0.0738375467  -0.0363066739  -0.0743577465   0.0010104799
       -0.0000321565  -0.0006524977   0.0002204156   0.0001000732  -0.0001403376
        0.0000096375   0.0000441694   0.0000469784  -0.0000095777  -0.0000455120
        0.0001169881  -0.0000031565  -0.0000197874  -0.0000157172   0.0000210411
       -0.0000124491  -0.0000133439   0.0000173305   0.0000196413   0.0000033272
        0.0169855277   0.0064295050   0.0065503213   0.0837211188   0.0418818113
        0.0814705432  -0.0283154556  -0.0099514364  -0.0146276846   0.0020353877
       -0.0011110993   0.0007199256
        0.0003944424  -0.0007833816   0.0001893578  -0.0007017586  -0.0007789595
       -0.0003310452  -0.0001575962   0.0000363201  -0.0000674662   0.0000692703
       -0.0000253351   0.0000130132  -0.0001585900   0.0000389100   0.0001403904
        0.0005391783   0.0011833210  -0.0000211365   0.0001883693   0.0041212479
       -0.0020626895  -0.0489683355   0.0140094648  -0.0390682881  -0.0001646414
       -0.0003925659   0.0006367135  -0.0005803921  -0.0001334363  -0.0002160490
       -0.0000092720   0.0000905048  -0.0000829981   0.0002318165   0.0003138609
       -0.0000175834  -0.0000138517  -0.0000208021   0.0000314403  -0.0000252151
       -0.0000006472   0.0000047474  -0.0000101486   0.0000289505  -0.0000587443
        0.0029568692  -0.0078776238   0.0244147947  -0.0082103448   0.0086566387
       -0.0283154556   0.0550581406  -0.0186396366   0.0457641472  -0.0004379404
        0.0001731694  -0.0009531488
        0.0001143418   0.0001481752   0.0006813123   0.0015297307  -0.0008585750
        0.0004193837   0.0003176387  -0.0003979008  -0.0015961858  -0.0002580575
       -0.0000201722   0.0000059751   0.0002073362  -0.0000504179  -0.0017056355
       -0.0022953587  -0.0031210052   0.0007160968   0.0062990341  -0.0208634745
        0.0264858664   0.0158270229  -0.0697898269   0.0818331950   0.0009283428
        0.0008220139   0.0002870018  -0.0005850716   0.0000339639  -0.0001553132
        0.0000843295   0.0000511316  -0.0000162829  -0.0001855013   0.0000918829
       -0.0000242911  -0.0000343454  -0.0000472298  -0.0000114430  -0.0000091382
       -0.0000319550   0.0003701170   0.0000462528  -0.0001456610   0.0000739694
       -0.0011822930   0.0034725744  -0.0053456277  -0.0024248254   0.0047238662
       -0.0099514364  -0.0186396366   0.0858067406  -0.0923041740   0.0002601982
        0.0001758698   0.0002374719
       -0.0000788186  -0.0003937368   0.0002288175  -0.0009517445  -0.0000759676
        0.0002099440  -0.0002079308   0.0000040848  -0.0000243453   0.0000747850
       -0.0001663114   0.0000069613   0.0002413212  -0.0000621555  -0.0000099681
        0.0009402078  -0.0000990555  -0.0004522365  -0.0004138009   0.0056558476
        0.0021981316  -0.0392324115   0.0766220531  -0.2355372770  -0.0003564551
       -0.0001680962   0.0003152992   0.0006731458   0.0002782805   0.0002180034
       -0.0000422101  -0.0002105934   0.0000885274  -0.0001503063  -0.0000555644
       -0.0003347521   0.0000454188   0.0000088554   0.0000003569   0.0000060649
        0.0000471601   0.0000244222  -0.0000263751  -0.0000046844   0.0000126078
       -0.0006848282   0.0070793909  -0.0246586858  -0.0055066549   0.0038127530
       -0.0146276846   0.0457641472  -0.0923041740   0.2726577319  -0.0000935547
        0.0000319138  -0.0003158538
        0.0002104106   0.0001478013  -0.0000217276   0.0001205541  -0.0000689885
       -0.0000215049   0.0003197734  -0.0002841952  -0.0000055429  -0.0004717353
       -0.0014675521  -0.0001912249  -0.0039280185  -0.0020843929   0.0003886848
        0.0045577524  -0.0328034895   0.0027425728   0.0000501724  -0.0010077291
        0.0000653864  -0.0005043665  -0.0006822717  -0.0012695173  -0.0497069540
        0.0835810971  -0.0087429928  -0.0000633196  -0.0000604771  -0.0000428800
        0.0000910718   0.0000720483   0.0000278033  -0.0000080745  -0.0000812034
       -0.0000084673   0.0001294658   0.0000417834   0.0000267636  -0.0002275978
       -0.0001231796  -0.0000318425   0.0000388361  -0.0000022299   0.0000318643
        0.0004702552  -0.0000826401   0.0001190162  -0.0008213008   0.0030150292
        0.0020353877  -0.0004379404   0.0002601982  -0.0000935547   0.0501810157
       -0.0483696084   0.0049917759
        0.0000930895  -0.0001123242   0.0000020087  -0.0011350497  -0.0010215019
       -0.0000468289  -0.0000159766   0.0006621919  -0.0000108838   0.0004813296
       -0.0013530399  -0.0000584280  -0.0031594083  -0.0019286890  -0.0001213182
       -0.0117569270  -0.0237060918   0.0009163321   0.0029357559  -0.0001470336
       -0.0001545849   0.0016967755   0.0005587433   0.0016284214   0.0609764390
       -0.3939247016   0.0382001574   0.0000351512   0.0000654703   0.0000546256
        0.0000757835   0.0000222860   0.0000032804   0.0000400062   0.0000514567
       -0.0000473156   0.0000267721   0.0002051572   0.0000021254  -0.0004000856
       -0.0000149517   0.0000471014  -0.0008045082   0.0009248531   0.0000464392
       -0.0002035072   0.0002358388  -0.0003452890  -0.0006892007   0.0001533325
       -0.0011110993   0.0001731694   0.0001758698   0.0000319138  -0.0483696084
        0.4191531340  -0.0390366578
       -0.0000335906  -0.0000399171   0.0000044820   0.0000737436   0.0002097236
        0.0000461436   0.0001966669  -0.0001562037  -0.0000569192  -0.0002980534
       -0.0001606721   0.0013146665   0.0000221254   0.0003764484   0.0011382799
       -0.0010943705  -0.0008301606  -0.0018518217  -0.0004246905  -0.0002517375
       -0.0002567266   0.0014880060   0.0007062460  -0.0009405784  -0.0051940115
        0.0410472749  -0.0067310201  -0.0000082715   0.0000078530   0.0000150185
       -0.0000323945  -0.0000234144   0.0000171377   0.0000318936   0.0000112172
       -0.0000052774   0.0000042317  -0.0000209089  -0.0001343743  -0.0000067697
       -0.0000310138  -0.0001573555   0.0000860768  -0.0001044781   0.0000043737
        0.0002516073  -0.0001588933  -0.0002465767   0.0008991738  -0.0017821778
        0.0007199256  -0.0009531488   0.0002374719  -0.0003158538   0.0049917759
       -0.0390366578   0.0074364762
