$hessian                                                                        
        0.4404931430   0.0005640557   0.0068755323  -0.1212721571  -0.0015134537
       -0.0676749869  -0.0360118217  -0.0000728596  -0.0115255209  -0.1697908360
        0.0024262563   0.0619327879  -0.0389264730   0.0041766086   0.0004786248
       -0.0390608825  -0.0059377806   0.0018882080  -0.0015383468   0.0016196476
       -0.0041855721  -0.0017851182  -0.0018531222  -0.0043276299  -0.0041014668
        0.0000467991   0.0010698248  -0.0280060408   0.0005438488   0.0154687320
        0.0005640557   0.5056586472  -0.0008667694  -0.0015133940  -0.0700581087
       -0.0012159602   0.0006839137   0.0018578651   0.0003478679   0.0029475823
       -0.0470594659  -0.0024068173   0.0054516085  -0.1967209767  -0.0921002168
       -0.0072111139  -0.1864303491   0.0966741616   0.0184213579  -0.0015678621
        0.0190741805  -0.0192467862  -0.0025623631  -0.0197419152   0.0000994955
        0.0006390090  -0.0000672314  -0.0001967195  -0.0037563957   0.0003027003
        0.0068755323  -0.0008667694   0.4763817286  -0.0676749811  -0.0012160514
       -0.1305651991   0.0169108696   0.0001717276   0.0123688017   0.0829711545
       -0.0025643350  -0.1249501449   0.0002764389  -0.0928028403  -0.1013178661
        0.0017510726   0.0973899566  -0.1115076600  -0.0158437978   0.0033510721
       -0.0160656674  -0.0148739502  -0.0038857514  -0.0148309962   0.0027313092
       -0.0000735296  -0.0016044128  -0.0131236479   0.0004965207   0.0120914163
       -0.1212721571  -0.0015133940  -0.0676749811   0.4404929723   0.0005617271
        0.0068754538  -0.1697908901   0.0024231601   0.0619328844  -0.0360118139
       -0.0000724590  -0.0115255132  -0.0017853416  -0.0018530762  -0.0043278038
       -0.0015381459   0.0016197026  -0.0041853878  -0.0390606307  -0.0059351850
        0.0018865045  -0.0389266579   0.0041793191   0.0004801846  -0.0280058591
        0.0005433255   0.0154688184  -0.0041014760   0.0000468798   0.0010698403
       -0.0015134537  -0.0700581087  -0.0012160514   0.0005617271   0.5056585543
       -0.0008667357   0.0029443792  -0.0470593420  -0.0024046975   0.0006845885
        0.0018578866   0.0003482312  -0.0192470005  -0.0025623611  -0.0197418694
        0.0184211710  -0.0015678667   0.0190741815  -0.0072085545  -0.1864335908
        0.0966730596   0.0054543116  -0.1967179510  -0.0921016675  -0.0001967818
       -0.0037562679   0.0003028246   0.0000996129   0.0006390473  -0.0000672755
       -0.0676749869  -0.0012159602  -0.1305651991   0.0068754538  -0.0008667357
        0.4763816683   0.0829712708  -0.0025617165  -0.1249503051   0.0169108528
        0.0001715984   0.0123688049  -0.0148738263  -0.0038856394  -0.0148306384
       -0.0158439242   0.0033511653  -0.0160660270   0.0017493474   0.0973889306
       -0.1115046628   0.0002780398  -0.0928041967  -0.1013207546  -0.0131235381
        0.0004961334   0.0120915025   0.0027313110  -0.0000735792  -0.0016043886
       -0.0360118217   0.0006839137   0.0169108696  -0.1697908901   0.0029443792
        0.0829712708   0.4957037270  -0.0010104683   0.0823673889  -0.0067364275
       -0.0001083737  -0.0059855645   0.0020423023  -0.0004533199   0.0006929486
        0.0020351724   0.0004825430   0.0006685670  -0.0167621921  -0.0083438982
        0.0168913823  -0.0163835216   0.0094457090   0.0162545161  -0.2522831789
       -0.0036665292  -0.2110907509  -0.0018131698   0.0000260443   0.0003193723
       -0.0000728596   0.0018578651   0.0001717276   0.0024231601  -0.0470593420
       -0.0025617165  -0.0010104683   0.0406261046   0.0077220659  -0.0001083012
        0.0013869875  -0.0000531505   0.0007640782   0.0003541841   0.0006997961
       -0.0007623977   0.0002881931  -0.0006951656  -0.0219720637   0.0030091443
        0.0153994626   0.0236425902   0.0014672389  -0.0166953988  -0.0028928702
       -0.0017578162  -0.0040073956  -0.0000108678  -0.0001725593   0.0000197749
       -0.0115255209   0.0003478679   0.0123688017   0.0619328844  -0.0024046975
       -0.1249503051   0.0823673889   0.0077220659   0.3636899415  -0.0059855706
       -0.0000531066  -0.0021213305   0.0003266280   0.0005195282   0.0003798694
        0.0003582937  -0.0005070335   0.0004449027   0.0278078711   0.0052070225
       -0.0190058877   0.0265136667  -0.0066501021  -0.0178317138  -0.1811708199
       -0.0042154613  -0.2138733088  -0.0006248216   0.0000339166   0.0008990307
       -0.1697908360   0.0029475823   0.0829711545  -0.0360118139   0.0006845885
        0.0169108528  -0.0067364275  -0.0001083012  -0.0059855706   0.4957036035
       -0.0010171020   0.0823676093  -0.0163830695   0.0094462884   0.0162541116
       -0.0167626344  -0.0083432812   0.0168917514   0.0020350648   0.0004825427
        0.0006684393   0.0020424018  -0.0004533064   0.0006930854  -0.0018131730
        0.0000260118   0.0003193651  -0.2522831158  -0.0036650229  -0.2110907987
        0.0024262563  -0.0470594659  -0.0025643350  -0.0000724590   0.0018578866
        0.0001715984  -0.0001083737   0.0013869875  -0.0000531066  -0.0010171020
        0.0406263704   0.0077251072   0.0236433029   0.0014663048  -0.0166959735
       -0.0219712768   0.0030099691   0.0153988137  -0.0007624527   0.0002882081
       -0.0006951336   0.0007639920   0.0003541511   0.0006998395  -0.0000108934
       -0.0001725703   0.0000197647  -0.0028909936  -0.0017578414  -0.0040065748
        0.0619327879  -0.0024068173  -0.1249501449  -0.0115255132   0.0003482312
        0.0123688049  -0.0059855645  -0.0000531505  -0.0021213305   0.0823676093
        0.0077251072   0.3636897788   0.0265132303  -0.0066508762  -0.0178313900
        0.0278082603   0.0052061871  -0.0190061263   0.0003583367  -0.0005069980
        0.0004448211   0.0003266021   0.0005195609   0.0003799516  -0.0006248446
        0.0000338734   0.0008990106  -0.1811709042  -0.0042151178  -0.2138733755
       -0.0389264730   0.0054516085   0.0002764389  -0.0017853416  -0.0192470005
       -0.0148738263   0.0020423023   0.0007640782   0.0003266280  -0.0163830695
        0.0236433029   0.0265132303   0.0558806483  -0.0111623359  -0.0092908824
        0.0022395233   0.0001721752  -0.0009332405   0.0008844066  -0.0005415198
        0.0006708949  -0.0040512762  -0.0003331633  -0.0036352746   0.0001932750
       -0.0001191662   0.0000698181  -0.0000939952   0.0013720209   0.0008762136
        0.0041766086  -0.1967209767  -0.0928028403  -0.0018530762  -0.0025623611
       -0.0038856394  -0.0004533199   0.0003541841   0.0005195282   0.0094462884
        0.0014663048  -0.0066508762  -0.0111623359   0.2247042195   0.1141875450
       -0.0006066934  -0.0303643003  -0.0118280188   0.0005781003   0.0007641669
        0.0006907621  -0.0003331440   0.0012505261  -0.0005696260   0.0003955118
       -0.0000663382   0.0003668746  -0.0001879398   0.0011745749  -0.0000277092
        0.0004786248  -0.0921002168  -0.1013178661  -0.0043278038  -0.0197418694
       -0.0148306384   0.0006929486   0.0006997961   0.0003798694   0.0162541116
       -0.0166959735  -0.0178313900  -0.0092908824   0.1141875450   0.1272357053
       -0.0007572985   0.0138995366   0.0080935411   0.0006290053  -0.0007297616
        0.0001374677  -0.0036352839  -0.0005697020  -0.0034688949   0.0004361241
       -0.0000109615   0.0003812394  -0.0004795458   0.0010616068   0.0012209666
       -0.0390608825  -0.0072111139   0.0017510726  -0.0015381459   0.0184211710
       -0.0158439242   0.0020351724  -0.0007623977   0.0003582937  -0.0167626344
       -0.0219712768   0.0278082603   0.0022395233  -0.0006066934  -0.0007572985
        0.0562063801   0.0125338836  -0.0112865486  -0.0040335553   0.0002040305
       -0.0036404585   0.0008843673   0.0005781027   0.0006289873   0.0001871529
        0.0001208141   0.0000477724  -0.0001573779  -0.0013065202   0.0009338435
       -0.0059377806  -0.1864303491   0.0973899566   0.0016197026  -0.0015678667
        0.0033511653   0.0004825430   0.0002881931  -0.0005070335  -0.0083432812
        0.0030099691   0.0052061871   0.0001721752  -0.0303643003   0.0138995366
        0.0125338836   0.2119455774  -0.1186491100   0.0002040420   0.0012878992
        0.0003543589  -0.0005415097   0.0007640888  -0.0007297145  -0.0003971836
       -0.0000764320  -0.0003498190   0.0002074087   0.0011432206   0.0000344724
        0.0018882080   0.0966741616  -0.1115076600  -0.0041853878   0.0190741815
       -0.0160660270   0.0006685670  -0.0006951656   0.0004449027   0.0168917514
        0.0153988137  -0.0190061263  -0.0009332405  -0.0118280188   0.0080935411
       -0.0112865486  -0.1186491100   0.1397563302  -0.0036404610   0.0003542952
       -0.0035241923   0.0006709014   0.0006907303   0.0001374628   0.0004448747
        0.0000337582   0.0003936274  -0.0005186646  -0.0010536461   0.0012781414
       -0.0015383468   0.0184213579  -0.0158437978  -0.0390606307  -0.0072085545
        0.0017493474  -0.0167621921  -0.0219720637   0.0278078711   0.0020350648
       -0.0007624527   0.0003583367   0.0008844066   0.0005781003   0.0006290053
       -0.0040335553   0.0002040420  -0.0036404610   0.0562059061   0.0125313911
       -0.0112843930   0.0022395484  -0.0006061304  -0.0007575516  -0.0001573325
       -0.0013065073   0.0009338673   0.0001871314   0.0001208174   0.0000477757
        0.0016196476  -0.0015678621   0.0033510721  -0.0059351850  -0.1864335908
        0.0973889306  -0.0083438982   0.0030091443   0.0052070225   0.0004825427
        0.0002882081  -0.0005069980  -0.0005415198   0.0007641669  -0.0007297616
        0.0002040305   0.0012878992   0.0003542952   0.0125313911   0.2119496287
       -0.1186481884   0.0001727232  -0.0303643499   0.0138989619   0.0002074510
        0.0011432012   0.0000344751  -0.0003971830  -0.0000764455  -0.0003498093
       -0.0041855721   0.0190741805  -0.0160656674   0.0018865045   0.0966730596
       -0.1115046628   0.0168913823   0.0153994626  -0.0190058877   0.0006684393
       -0.0006951336   0.0004448211   0.0006708949   0.0006907621   0.0001374677
       -0.0036404585   0.0003543589  -0.0035241923  -0.0112843930  -0.1186481884
        0.1397527756  -0.0009330416  -0.0118286064   0.0080935706  -0.0005185766
       -0.0010536309   0.0012781346   0.0004448208   0.0000337357   0.0003936407
       -0.0017851182  -0.0192467862  -0.0148739502  -0.0389266579   0.0054543116
        0.0002780398  -0.0163835216   0.0236425902   0.0265136667   0.0020424018
        0.0007639920   0.0003266021  -0.0040512762  -0.0003331440  -0.0036352839
        0.0008843673  -0.0005415097   0.0006709014   0.0022395484   0.0001727232
       -0.0009330416   0.0558811127  -0.0111649173  -0.0092929516  -0.0000941224
        0.0013719489   0.0008762223   0.0001932660  -0.0001192087   0.0000697951
       -0.0018531222  -0.0025623631  -0.0038857514   0.0041793191  -0.1967179510
       -0.0928041967   0.0094457090   0.0014672389  -0.0066501021  -0.0004533064
        0.0003541511   0.0005195609  -0.0003331633   0.0012505261  -0.0005697020
        0.0005781027   0.0007640888   0.0006907303  -0.0006061304  -0.0303643499
       -0.0118286064  -0.0111649173   0.2247004194   0.1141888826  -0.0001880076
        0.0011745796  -0.0000276942   0.0003955163  -0.0000663398   0.0003668789
       -0.0043276299  -0.0197419152  -0.0148309962   0.0004801846  -0.0921016675
       -0.1013207546   0.0162545161  -0.0166953988  -0.0178317138   0.0006930854
        0.0006998395   0.0003799516  -0.0036352746  -0.0005696260  -0.0034688949
        0.0006289873  -0.0007297145   0.0001374628  -0.0007575516   0.0138989619
        0.0080935706  -0.0092929516   0.1141888826   0.1272391163  -0.0004795547
        0.0010616154   0.0012210063   0.0004361890  -0.0000109773   0.0003812519
       -0.0041014668   0.0000994955   0.0027313092  -0.0280058591  -0.0001967818
       -0.0131235381  -0.2522831789  -0.0028928702  -0.1811708199  -0.0018131730
       -0.0000108934  -0.0006248446   0.0001932750   0.0003955118   0.0004361241
        0.0001871529  -0.0003971836   0.0004448747  -0.0001573325   0.0002074510
       -0.0005185766  -0.0000941224  -0.0001880076  -0.0004795547   0.2863216643
        0.0029860629   0.1920593867  -0.0002469595  -0.0000027847   0.0002456391
        0.0000467991   0.0006390090  -0.0000735296   0.0005433255  -0.0037562679
        0.0004961334  -0.0036665292  -0.0017578162  -0.0042154613   0.0000260118
       -0.0001725703   0.0000338734  -0.0001191662  -0.0000663382  -0.0000109615
        0.0001208141  -0.0000764320   0.0000337582  -0.0013065073   0.0011432012
       -0.0010536309   0.0013719489   0.0011745796   0.0010616154   0.0029860629
        0.0027767706   0.0037372568  -0.0000027596   0.0000958643  -0.0000090540
        0.0010698248  -0.0000672314  -0.0016044128   0.0154688184   0.0003028246
        0.0120915025  -0.2110907509  -0.0040073956  -0.2138733088   0.0003193651
        0.0000197647   0.0008990106   0.0000698181   0.0003668746   0.0003812394
        0.0000477724  -0.0003498190   0.0003936274   0.0009338673   0.0000344751
        0.0012781346   0.0008762223  -0.0000276942   0.0012210063   0.1920593867
        0.0037372568   0.1993334238   0.0002456759  -0.0000090556  -0.0001202230
       -0.0280060408  -0.0001967195  -0.0131236479  -0.0041014760   0.0000996129
        0.0027313110  -0.0018131698  -0.0000108678  -0.0006248216  -0.2522831158
       -0.0028909936  -0.1811709042  -0.0000939952  -0.0001879398  -0.0004795458
       -0.0001573779   0.0002074087  -0.0005186646   0.0001871314  -0.0003971830
        0.0004448208   0.0001932660   0.0003955163   0.0004361890  -0.0002469595
       -0.0000027596   0.0002456759   0.2863217377   0.0029839254   0.1920595873
        0.0005438488  -0.0037563957   0.0004965207   0.0000468798   0.0006390473
       -0.0000735792   0.0000260443  -0.0001725593   0.0000339166  -0.0036650229
       -0.0017578414  -0.0042151178   0.0013720209   0.0011745749   0.0010616068
       -0.0013065202   0.0011432206  -0.0010536461   0.0001208174  -0.0000764455
        0.0000337357  -0.0001192087  -0.0000663398  -0.0000109773  -0.0000027847
        0.0000958643  -0.0000090556   0.0029839254   0.0027768746   0.0037365962
        0.0154687320   0.0003027003   0.0120914163   0.0010698403  -0.0000672755
       -0.0016043886   0.0003193723   0.0000197749   0.0008990307  -0.2110907987
       -0.0040065748  -0.2138733755   0.0008762136  -0.0000277092   0.0012209666
        0.0009338435   0.0000344724   0.0012781414   0.0000477757  -0.0003498093
        0.0003936407   0.0000697951   0.0003668789   0.0003812519   0.0002456391
       -0.0000090540  -0.0001202230   0.1920595873   0.0037365962   0.1993335395
