   -0.13264310
    0.09397000
   -0.25088513
    0.37448836
   -0.46644875
   -0.25006750
    0.07438034
   -0.12798442
   -0.16254562
    0.03494075
   -0.12613845
    0.37536830
   -0.46699131
   -0.25850110
    0.06966118
   -0.12757401
   -0.26687657
    0.08459831
   -0.12674470
    0.07494955
    0.08457354
    0.07564717
    0.04821524
    0.05789478
    0.09604604
    0.06486329
    0.08637873
    0.05462137
    0.07016632
    0.10745473
    0.11184708
    0.09784091
    0.07153657
    0.06675582
    0.08489964
    0.05652894
    0.05728768
    0.07816665
    0.08153220
    0.07279197
    0.05599517
