           1           2   1.01716068191891     
           2           3  0.886701035352535     
           3           4   1.31591753511860     
           4           5   1.54449151932616     
           4           6   1.32407612362251     
           6           7  0.884052661415903     
           7           8   1.02167463998100     
           4           9  0.957064774058522     
           5           9  0.110274681054787     
           9          10  0.984221346582416     
          10          11  0.985315012449843     
          11          12  0.989697971189351     
          11          13  0.136534908303119     
          12          13   1.50902403395945     
          12          14   1.33010259031356     
          14          15  0.881460802607763     
          15          16   1.02242525841760     
          12          17   1.30792257435998     
          17          18  0.885380968166543     
          18          19   1.02166079933128     
           1          20  0.981232859130836     
           1          21  0.975474414809863     
           1          22  0.982498634404659     
           2          23  0.966807256862009     
           2          24  0.968495632024290     
           7          25  0.963367337259135     
           7          26  0.966250649727526     
           8          27  0.975880144701602     
           8          28  0.977300988944141     
           8          29  0.982351031014685     
          10          30  0.954627358894792     
          10          31  0.953422734545921     
          15          32  0.962772497661176     
          15          33  0.967650886732959     
          16          34  0.982459949222366     
          16          35  0.975796398754865     
          16          36  0.976722805013165     
          18          37  0.965185708774922     
          18          38  0.966935332450045     
          19          39  0.976157921110887     
          19          40  0.982683219466862     
          19          41  0.978883764795196     
