$hessian                                                                        
        0.6798652173  -0.0000001461  -0.0000087738  -0.1536627337   0.1410693299
       -0.0000003847  -0.0355297701   0.0253474460   0.0000002242   0.0021527882
       -0.0000003820  -0.0000001343  -0.0355309210  -0.0253467717   0.0000008894
       -0.1536648761  -0.1410705879   0.0000034834   0.0003080790   0.0000000068
       -0.0000000362  -0.3055866100   0.0000013684   0.0000044957   0.0066337052
       -0.0123135382   0.0000000811  -0.0058092996  -0.0000309101   0.0000001851
       -0.0058092955   0.0000309849   0.0000002160   0.0066337164   0.0123132000
       -0.0000002460
       -0.0000001461   0.6486069680  -0.0000072846   0.0622284836  -0.2728848474
        0.0000022750   0.0836919046   0.0284818307  -0.0000015810  -0.0000003809
       -0.0701890679   0.0000008363  -0.0836912314   0.0284829822   0.0000008678
       -0.0622297435  -0.2728827075   0.0000038642   0.0000000062   0.0014114792
       -0.0000000145   0.0000013712  -0.0431120674   0.0000001224   0.0112567159
       -0.0252629572   0.0000001960  -0.0003794003   0.0013056799   0.0000000898
        0.0003794746   0.0013056746   0.0000000987  -0.0112570540  -0.0252629672
        0.0000005299
       -0.0000087738  -0.0000072846   0.1173837565   0.0000007716   0.0000009961
       -0.0487053473  -0.0000006290  -0.0000007152   0.0015772231  -0.0000001420
        0.0000008339  -0.0064435523   0.0000017064  -0.0000000026   0.0015772016
        0.0000024621   0.0000051797  -0.0487053468  -0.0000000230  -0.0000000153
       -0.0002498419   0.0000044432   0.0000001261  -0.0342051841  -0.0000002502
        0.0000005561   0.0008955600   0.0000002078   0.0000000854   0.0079899800
        0.0000001815   0.0000000951   0.0079899848   0.0000000454   0.0000001453
        0.0008955664
       -0.1536627337   0.0622284836   0.0000007716   0.6565852570   0.0139186378
       -0.0000080519  -0.3347858331   0.0403962430   0.0000035154  -0.0371901743
       -0.0877848360   0.0000017134  -0.0482335421   0.0308823243   0.0000001860
        0.0602905833   0.0299158680  -0.0000013134  -0.0001579114  -0.0010120071
        0.0000001102  -0.0177353496   0.0255909740  -0.0000000926  -0.1082691299
       -0.1135239475   0.0000027782  -0.0162171287   0.0020846867   0.0000002001
       -0.0001745233   0.0005626322   0.0000000075  -0.0004495141  -0.0032590590
        0.0000001755
        0.1410693299  -0.2728848474   0.0000009961   0.0139186378   0.6715326176
       -0.0000080265  -0.0384144400  -0.0947635355   0.0000012631  -0.0233890856
        0.0309504976  -0.0000001025   0.0306243904  -0.0143984393  -0.0000003229
       -0.0299172215  -0.0679925222   0.0000014199  -0.0053528163  -0.0057120284
        0.0000002379   0.0018283326  -0.0012783898   0.0000000181  -0.1131973324
       -0.2408243175   0.0000046749   0.0251262411  -0.0007742783  -0.0000003406
        0.0005044276   0.0005098056  -0.0000000135  -0.0028004637  -0.0043645623
        0.0000001960
       -0.0000003847   0.0000022750  -0.0487053473  -0.0000080519  -0.0000080265
        0.1174957718   0.0000046615   0.0000000868  -0.0455323653   0.0000008310
        0.0000008164  -0.0021655798   0.0000002034  -0.0000003320  -0.0041951653
       -0.0000004353   0.0000005208   0.0019945222   0.0000001679   0.0000002136
        0.0076208602   0.0000002500  -0.0000003811   0.0003666468   0.0000027215
        0.0000046628  -0.0344911678  -0.0000001115  -0.0000000132   0.0002956506
       -0.0000000070  -0.0000000202  -0.0003391487   0.0000001551   0.0000001976
        0.0076553224
       -0.0355297701   0.0836919046  -0.0000006290  -0.3347858331  -0.0384144400
        0.0000046615   0.6674315214  -0.0183855756  -0.0000077075  -0.1292618014
       -0.0518838662   0.0000018374   0.0540826651  -0.0281353249  -0.0000003893
       -0.0482341909  -0.0306240336   0.0000010655  -0.0406241344  -0.0356789465
        0.0000011326  -0.0008390739   0.0030241153   0.0000000993  -0.0181106963
       -0.0024106593   0.0000002460  -0.1131359602   0.1163686088  -0.0000003790
       -0.0007779247   0.0031768115   0.0000000485  -0.0002148015  -0.0007285941
        0.0000000140
        0.0253474460   0.0284818307  -0.0000007152   0.0403962430  -0.0947635355
        0.0000000868  -0.0183855756   0.6766666522  -0.0000073092  -0.1328313876
       -0.2851421024   0.0000050626   0.0281340815  -0.0637242319   0.0000004421
       -0.0308819679  -0.0143977903   0.0000005821  -0.0082247969  -0.0002942842
        0.0000001797   0.0030747381  -0.0039485678   0.0000001205  -0.0261778653
       -0.0016023487   0.0000004052   0.1173827135  -0.2378499157   0.0000010342
        0.0027566187  -0.0040257134   0.0000001004  -0.0005902477   0.0006000071
        0.0000000109
        0.0000002242  -0.0000015810   0.0015772231   0.0000035154   0.0000012631
       -0.0455323653  -0.0000077075  -0.0000073092   0.1111655445   0.0000028750
        0.0000038158  -0.0482723460  -0.0000012245   0.0000013384   0.0005305684
        0.0000010634   0.0000005850  -0.0041951871   0.0000008311   0.0000005671
        0.0026657262   0.0000000921   0.0000001125   0.0075223082   0.0000006425
        0.0000000595   0.0005256585  -0.0000004005   0.0000010499  -0.0330516688
        0.0000000740   0.0000001002   0.0071824785   0.0000000147  -0.0000000013
       -0.0001179403
        0.0021527882  -0.0000003809  -0.0000001420  -0.0371901743  -0.0233890856
        0.0000008310  -0.1292618014  -0.1328313876   0.0000028750   0.5537747219
        0.0000006707  -0.0000063156  -0.1292598565   0.1328297487  -0.0000007329
       -0.0371890017   0.0233898031   0.0000002178  -0.2298516195   0.0000009441
        0.0000030737   0.0012822292  -0.0000000123  -0.0000000070  -0.0040413551
        0.0002409222   0.0000001985   0.0068127375   0.0144063323  -0.0000002796
        0.0068127008  -0.0144066880   0.0000001269  -0.0040413690  -0.0002408668
        0.0000001542
       -0.0000003820  -0.0701890679   0.0000008339  -0.0877848360   0.0309504976
        0.0000008164  -0.0518838662  -0.2851421024   0.0000038158   0.0000006707
        0.6780913446  -0.0000076750   0.0518822240  -0.2851440484   0.0000026891
        0.0877855531   0.0309493246  -0.0000016893   0.0000009478  -0.0473738865
        0.0000002135  -0.0000000116  -0.0009116496   0.0000000357   0.0007730628
        0.0013739873   0.0000001128  -0.0109536882  -0.0269892168   0.0000005245
        0.0109533313  -0.0269891811   0.0000002448  -0.0007730058   0.0013739986
        0.0000000777
       -0.0000001343   0.0000008363  -0.0064435523   0.0000017134  -0.0000001025
       -0.0021655798   0.0000018374   0.0000050626  -0.0482723460  -0.0000063156
       -0.0000076750   0.1167941572   0.0000003750   0.0000014335  -0.0482723262
       -0.0000007072  -0.0000007759  -0.0021655439   0.0000029927   0.0000002184
       -0.0311397370  -0.0000000014   0.0000000322   0.0009280750   0.0000001686
        0.0000001066   0.0084965264   0.0000000732   0.0000001812   0.0018719154
       -0.0000002099   0.0000005942   0.0018719116   0.0000002082   0.0000000884
        0.0084964995
       -0.0355309210  -0.0836912314   0.0000017064  -0.0482335421   0.0306243904
        0.0000002034   0.0540826651   0.0281340815  -0.0000012245  -0.1292598565
        0.0518822240   0.0000003750   0.6674319224   0.0183856777  -0.0000079654
       -0.3347858588   0.0384169773   0.0000035295  -0.0406236798   0.0356793732
        0.0000001773  -0.0008391376  -0.0030241489   0.0000001604  -0.0002147863
        0.0007286027   0.0000000298  -0.0007779861  -0.0031768442   0.0000001601
       -0.1131384244  -0.1163699367   0.0000026590  -0.0181103949   0.0024108344
        0.0000001890
       -0.0253467717   0.0284829822  -0.0000000026   0.0308823243  -0.0143984393
       -0.0000003320  -0.0281353249  -0.0637242319   0.0000013384   0.1328297487
       -0.2851440484   0.0000014335   0.0183856777   0.6766662396  -0.0000080001
       -0.0403937047  -0.0947635134   0.0000012437   0.0082252187  -0.0002947427
       -0.0000000947  -0.0030747708  -0.0039485018   0.0000001859   0.0005902549
        0.0005999938  -0.0000000166  -0.0027566543  -0.0040256518   0.0000001941
       -0.1173840404  -0.2378474338   0.0000044021   0.0261780426  -0.0016026522
       -0.0000003517
        0.0000008894   0.0000008678   0.0015772016   0.0000001860  -0.0000003229
       -0.0041951653  -0.0000003893   0.0000004421   0.0005305684  -0.0000007329
        0.0000026891  -0.0482723262  -0.0000079654  -0.0000080001   0.1111655370
        0.0000045539   0.0000000589  -0.0455323624   0.0000005316  -0.0000004943
        0.0026657015   0.0000001771   0.0000001997   0.0075223077  -0.0000000037
       -0.0000000185  -0.0001179429   0.0000001462   0.0000001919   0.0071824782
        0.0000026652   0.0000043863  -0.0330516504  -0.0000000580  -0.0000000000
        0.0005256528
       -0.1536648761  -0.0622297435   0.0000024621   0.0602905833  -0.0299172215
       -0.0000004353  -0.0482341909  -0.0308819679   0.0000010634  -0.0371890017
        0.0877855531  -0.0000007072  -0.3347858588  -0.0403937047   0.0000045539
        0.6565849635  -0.0139184843  -0.0000078332  -0.0001578422   0.0010119493
        0.0000000836  -0.0177356381  -0.0255907982   0.0000006228  -0.0004494505
        0.0032590184   0.0000000618  -0.0001745355  -0.0005626243  -0.0000000019
       -0.0162174168  -0.0020845227   0.0000002028  -0.1082667363   0.1135225463
       -0.0000000728
       -0.1410705879  -0.2728827075   0.0000051797   0.0299158680  -0.0679925222
        0.0000005208  -0.0306240336  -0.0143977903   0.0000005850   0.0233898031
        0.0309493246  -0.0000007759   0.0384169773  -0.0947635134   0.0000000589
       -0.0139184843   0.6715329153  -0.0000067612   0.0053527596  -0.0057120960
        0.0000001206  -0.0018281577  -0.0012780993   0.0000000317   0.0028004223
       -0.0043646260   0.0000001293  -0.0005044208   0.0005098172   0.0000000144
       -0.0251260769  -0.0007739895   0.0000003382   0.1131959310  -0.2408267129
        0.0000005585
        0.0000034834   0.0000038642  -0.0487053468  -0.0000013134   0.0000014199
        0.0019945222   0.0000010655   0.0000005821  -0.0041951871   0.0000002178
       -0.0000016893  -0.0021655439   0.0000035295   0.0000012437  -0.0455323624
       -0.0000078332  -0.0000067612   0.1174957488   0.0000000417   0.0000001467
        0.0076208472   0.0000002996   0.0000004250   0.0003666593   0.0000000824
        0.0000001111   0.0076553214   0.0000000105  -0.0000000032  -0.0003391438
        0.0000005687   0.0000000426   0.0002956552  -0.0000001525   0.0000006184
       -0.0344911700
        0.0003080790   0.0000000062  -0.0000000230  -0.0001579114  -0.0053528163
        0.0000001679  -0.0406241344  -0.0082247969   0.0000008311  -0.2298516195
        0.0000009478   0.0000029927  -0.0406236798   0.0082252187   0.0000005316
       -0.0001578422   0.0053527596   0.0000000417   0.3138630701  -0.0000013567
       -0.0000044572  -0.0001693894   0.0000000034  -0.0000000345  -0.0025709836
       -0.0002501486   0.0000000098   0.0012776950   0.0007879373  -0.0000000574
        0.0012776750  -0.0007879313  -0.0000000373  -0.0025709588   0.0002501768
        0.0000000345
        0.0000000068   0.0014114792  -0.0000000153  -0.0010120071  -0.0057120284
        0.0000002136  -0.0356789465  -0.0002942842   0.0000005671   0.0000009441
       -0.0473738865   0.0000002184   0.0356793732  -0.0002947427  -0.0000004943
        0.0010119493  -0.0057120960   0.0000001467  -0.0000013567   0.0536835385
       -0.0000004714   0.0000000004   0.0000828130  -0.0000000315  -0.0015940605
       -0.0001582459   0.0000000091   0.0005350042   0.0022628532  -0.0000000737
       -0.0005349928   0.0022628645  -0.0000000677   0.0015940857  -0.0001582645
       -0.0000000010
       -0.0000000362  -0.0000000145  -0.0002498419   0.0000001102   0.0000002379
        0.0076208602   0.0000011326   0.0000001797   0.0026657262   0.0000030737
        0.0000002135  -0.0311397370   0.0000001773  -0.0000000947   0.0026657015
        0.0000000836   0.0000001206   0.0076208472  -0.0000044572  -0.0000004714
        0.0190209706  -0.0000000184  -0.0000000320  -0.0018363281   0.0000000577
        0.0000000038  -0.0000765566  -0.0000000751  -0.0000000806  -0.0031075532
       -0.0000000593  -0.0000000568  -0.0031075519   0.0000000111  -0.0000000054
       -0.0000765371
       -0.3055866100   0.0000013712   0.0000044432  -0.0177353496   0.0018283326
        0.0000002500  -0.0008390739   0.0030747381   0.0000000921   0.0012822292
       -0.0000000116  -0.0000000014  -0.0008391376  -0.0030747708   0.0000001771
       -0.0177356381  -0.0018281577   0.0000002996  -0.0001693894   0.0000000004
       -0.0000000184   0.3418819358  -0.0000015066  -0.0000051660   0.0007521296
       -0.0006038431  -0.0000000445  -0.0008816037  -0.0000752404   0.0000000155
       -0.0008816159   0.0000752480   0.0000000116   0.0007521236   0.0006038398
       -0.0000000588
        0.0000013684  -0.0431120674   0.0000001261   0.0255909740  -0.0012783898
       -0.0000003811   0.0030241153  -0.0039485678   0.0000001125  -0.0000000123
       -0.0009116496   0.0000000322  -0.0030241489  -0.0039485018   0.0000001997
       -0.0255907982  -0.0012780993   0.0000004250   0.0000000034   0.0000828130
       -0.0000000320  -0.0000015066   0.0534104077  -0.0000004091   0.0009003586
        0.0006017782  -0.0000000587   0.0013198671  -0.0001097595  -0.0000000171
       -0.0013198599  -0.0001097478   0.0000000221  -0.0009003608   0.0006017841
       -0.0000000195
        0.0000044957   0.0000001224  -0.0342051841  -0.0000000926   0.0000000181
        0.0003666468   0.0000000993   0.0000001205   0.0075223082  -0.0000000070
        0.0000000357   0.0009280750   0.0000001604   0.0000001859   0.0075223077
        0.0000006228   0.0000000317   0.0003666593  -0.0000000345  -0.0000000315
       -0.0018363281  -0.0000051660  -0.0000004091   0.0241669236  -0.0000000613
       -0.0000000307  -0.0024315158  -0.0000000093   0.0000000026   0.0000158145
        0.0000000337  -0.0000000028   0.0000158098  -0.0000000413  -0.0000000428
       -0.0024315170
        0.0066337052   0.0112567159  -0.0000002502  -0.1082691299  -0.1131973324
        0.0000027215  -0.0181106963  -0.0261778653   0.0000006425  -0.0040413551
        0.0007730628   0.0000001686  -0.0002147863   0.0005902549  -0.0000000037
       -0.0004494505   0.0028004223   0.0000000824  -0.0025709836  -0.0015940605
        0.0000000577   0.0007521296   0.0009003586  -0.0000000613   0.1253228639
        0.1247199589  -0.0000032815   0.0006797529  -0.0007431577  -0.0000000376
        0.0000266647   0.0000380759  -0.0000000224   0.0002412856   0.0006335666
       -0.0000000160
       -0.0123135382  -0.0252629572   0.0000005561  -0.1135239475  -0.2408243175
        0.0000046628  -0.0024106593  -0.0016023487   0.0000000595   0.0002409222
        0.0013739873   0.0000001066   0.0007286027   0.0005999938  -0.0000000185
        0.0032590184  -0.0043646260   0.0000001111  -0.0002501486  -0.0001582459
        0.0000000038  -0.0006038431   0.0006017782  -0.0000000307   0.1247199589
        0.2700369941  -0.0000053917   0.0007422725   0.0009078440  -0.0000000618
        0.0000449451   0.0000892324  -0.0000000275  -0.0006335832  -0.0013973345
        0.0000000305
        0.0000000811   0.0000001960   0.0008955600   0.0000027782   0.0000046749
       -0.0344911678   0.0000002460   0.0000004052   0.0005256585   0.0000001985
        0.0000001128   0.0084965264   0.0000000298  -0.0000000166  -0.0001179429
        0.0000000618   0.0000001293   0.0076553214   0.0000000098   0.0000000091
       -0.0000765566  -0.0000000445  -0.0000000587  -0.0024315158  -0.0000032815
       -0.0000053917   0.0241035375  -0.0000000540  -0.0000000325  -0.0026637461
       -0.0000000260  -0.0000000289  -0.0017145899   0.0000000008   0.0000000011
       -0.0001810850
       -0.0058092996  -0.0003794003   0.0000002078  -0.0162171287   0.0251262411
       -0.0000001115  -0.1131359602   0.1173827135  -0.0000004005   0.0068127375
       -0.0109536882   0.0000000732  -0.0007779861  -0.0027566543   0.0000001462
       -0.0001745355  -0.0005044208   0.0000000105   0.0012776950   0.0005350042
       -0.0000000751  -0.0008816037   0.0013198671  -0.0000000093   0.0006797529
        0.0007422725  -0.0000000540   0.1279837800  -0.1297438453   0.0000002263
        0.0002158856  -0.0007231453   0.0000000118   0.0000266629  -0.0000449442
       -0.0000000254
       -0.0000309101   0.0013056799   0.0000000854   0.0020846867  -0.0007742783
       -0.0000000132   0.1163686088  -0.2378499157   0.0000010499   0.0144063323
       -0.0269892168   0.0000001812  -0.0031768442  -0.0040256518   0.0000001919
       -0.0005626243   0.0005098172  -0.0000000032   0.0007879373   0.0022628532
       -0.0000000806  -0.0000752404  -0.0001097595   0.0000000026  -0.0007431577
        0.0009078440  -0.0000000325  -0.1297438453   0.2659685918  -0.0000013621
        0.0007231310  -0.0012951982   0.0000000078  -0.0000380742   0.0000892343
       -0.0000000272
        0.0000001851   0.0000000898   0.0079899800   0.0000002001  -0.0000003406
        0.0002956506  -0.0000003790   0.0000010342  -0.0330516688  -0.0000002796
        0.0000005245   0.0018719154   0.0000001601   0.0000001941   0.0071824782
       -0.0000000019   0.0000000144  -0.0003391438  -0.0000000574  -0.0000000737
       -0.0031075532   0.0000000155  -0.0000000171   0.0000158145  -0.0000000376
       -0.0000000618  -0.0026637461   0.0000002263  -0.0000013621   0.0234928796
       -0.0000000104   0.0000000272   0.0000279832  -0.0000000212  -0.0000000288
       -0.0017145896
       -0.0058092955   0.0003794746   0.0000001815  -0.0001745233   0.0005044276
       -0.0000000070  -0.0007779247   0.0027566187   0.0000000740   0.0068127008
        0.0109533313  -0.0000002099  -0.1131384244  -0.1173840404   0.0000026652
       -0.0162174168  -0.0251260769   0.0000005687   0.0012776750  -0.0005349928
       -0.0000000593  -0.0008816159  -0.0013198599   0.0000000337   0.0000266647
        0.0000449451  -0.0000000260   0.0002158856   0.0007231310  -0.0000000104
        0.1279865221   0.1297453089  -0.0000031730   0.0006797523  -0.0007422673
       -0.0000000375
        0.0000309849   0.0013056746   0.0000000951   0.0005626322   0.0005098056
       -0.0000000202   0.0031768115  -0.0040257134   0.0000001002  -0.0144066880
       -0.0269891811   0.0000005942  -0.1163699367  -0.2378474338   0.0000043863
       -0.0020845227  -0.0007739895   0.0000000426  -0.0007879313   0.0022628645
       -0.0000000568   0.0000752480  -0.0001097478  -0.0000000028   0.0000380759
        0.0000892324  -0.0000000289  -0.0007231453  -0.0012951982   0.0000000272
        0.1297453089   0.2659658433  -0.0000050814   0.0007431625   0.0009078435
       -0.0000000556
        0.0000002160   0.0000000987   0.0079899848   0.0000000075  -0.0000000135
       -0.0003391487   0.0000000485   0.0000001004   0.0071824785   0.0000001269
        0.0000002448   0.0018719116   0.0000026590   0.0000044021  -0.0330516504
        0.0000002028   0.0000003382   0.0002956552  -0.0000000373  -0.0000000677
       -0.0031075519   0.0000000116   0.0000000221   0.0000158098  -0.0000000224
       -0.0000000275  -0.0017145899   0.0000000118   0.0000000078   0.0000279832
       -0.0000031730  -0.0000050814   0.0234928649  -0.0000000513  -0.0000000239
       -0.0026637470
        0.0066337164  -0.0112570540   0.0000000454  -0.0004495141  -0.0028004637
        0.0000001551  -0.0002148015  -0.0005902477   0.0000000147  -0.0040413690
       -0.0007730058   0.0000002082  -0.0181103949   0.0261780426  -0.0000000580
       -0.1082667363   0.1131959310  -0.0000001525  -0.0025709588   0.0015940857
        0.0000000111   0.0007521236  -0.0009003608  -0.0000000413   0.0002412856
       -0.0006335832   0.0000000008   0.0000266629  -0.0000380742  -0.0000000212
        0.0006797523   0.0007431625  -0.0000000513   0.1253202339  -0.1247184325
       -0.0000001109
        0.0123132000  -0.0252629672   0.0000001453  -0.0032590590  -0.0043645623
        0.0000001976  -0.0007285941   0.0006000071  -0.0000000013  -0.0002408668
        0.0013739986   0.0000000884   0.0024108344  -0.0016026522  -0.0000000000
        0.1135225463  -0.2408267129   0.0000006184   0.0002501768  -0.0001582645
       -0.0000000054   0.0006038398   0.0006017841  -0.0000000428   0.0006335666
       -0.0013973345   0.0000000011  -0.0000449442   0.0000892343  -0.0000000288
       -0.0007422673   0.0009078435  -0.0000000239  -0.1247184325   0.2700396259
       -0.0000009485
       -0.0000002460   0.0000005299   0.0008955664   0.0000001755   0.0000001960
        0.0076553224   0.0000000140   0.0000000109  -0.0001179403   0.0000001542
        0.0000000777   0.0084964995   0.0000001890  -0.0000003517   0.0005256528
       -0.0000000728   0.0000005585  -0.0344911700   0.0000000345  -0.0000000010
       -0.0000765371  -0.0000000588  -0.0000000195  -0.0024315170  -0.0000000160
        0.0000000305  -0.0001810850  -0.0000000254  -0.0000000272  -0.0017145896
       -0.0000000375  -0.0000000556  -0.0026637470  -0.0000001109  -0.0000009485
        0.0241035449
