           1           2   1.01392679695879     
           2           3  0.903230770927809     
           3           4   1.21393144526560     
           3           5  0.172197795349261     
           4           5   1.65982931476819     
           4           6  0.972575669922215     
           6           7  0.966386175118572     
           7           8  0.939367106332568     
           7           9  0.946941729640595     
           9          10   1.68404810903715     
           9          11   1.21797980545009     
          10          11  0.176185803599224     
          11          12  0.896410777132033     
          12          13   1.01399110901479     
           7          14  0.967820436452765     
          14          15  0.982850545321748     
          14          16  0.129745130914099     
          15          16   1.46877207603005     
          15          17   1.26691839785936     
          17          18  0.914235485394909     
          15          19   1.29269111148754     
          19          20  0.916450730222695     
           1          21  0.978108540405027     
           1          22  0.983641046602926     
           1          23  0.985445432430316     
           2          24  0.969903214995429     
           2          25  0.966134417902979     
           6          26  0.959652874125507     
           6          27  0.937440573835032     
          12          28  0.970438134478041     
          12          29  0.965202823413511     
          13          30  0.985281980073722     
          13          31  0.977357187025634     
          13          32  0.983012491832861     
          18          33  0.974443784769781     
          18          34  0.975100906631145     
          18          35  0.979327505111250     
          20          36  0.978407472063320     
          20          37  0.974126500366005     
          20          38  0.974057917564667     
