           1           2   1.44625550647902     
           2           3   1.40354992710153     
           1           4  0.113640368791728     
           3           4   1.42447917910009     
           2           5  0.106144979946425     
           4           5   1.40921032442285     
           1           6   1.43349780458887     
           3           6  0.104928395524788     
           5           6   1.41728368701985     
           5           7  0.949428330352282     
           7           8  0.937048214317000     
           7           9  0.950388109545534     
           7          10  0.931126463736983     
           3          11  0.949609006595059     
          11          12  0.936764302893919     
          11          13  0.947427030147802     
          11          14  0.934394866272149     
           1          15  0.958745823417898     
           2          16  0.961517820915877     
           4          17  0.962005915305831     
           6          18  0.959941867352984     
