           1           2   1.02310464659310     
           2           3  0.884513758772146     
           3           4   1.32079874239858     
           4           5   1.48820956460616     
           4           6   1.31625777672445     
           6           7  0.881315090173508     
           7           8   1.02238308584857     
           4           9   1.01466418612967     
           5           9  0.135017460254915     
           9          10  0.987957118853235     
          10          11  0.984110442708802     
          11          12  0.956304634566167     
          11          13  0.141613767381489     
          12          13   1.53441248511156     
          12          14   1.33809859951403     
          14          15  0.861164080135755     
          15          16   1.02343694178765     
          12          17   1.31533962586990     
          17          18  0.888730798136161     
          18          19   1.02207984249059     
           1          20  0.975965113738956     
           1          21  0.973695417251317     
           1          22  0.982256361155872     
           2          23  0.962982571302660     
           2          24  0.968277278653506     
           7          25  0.966076948052875     
           7          26  0.963789334657413     
           8          27  0.975214179363699     
           8          28  0.975998942220456     
           8          29  0.981982717560771     
          10          30  0.958077804671560     
          10          31  0.944054680142415     
          15          32  0.965288877486061     
          15          33  0.970210526402247     
          16          34  0.980000675390712     
          16          35  0.972998361624754     
          16          36  0.972121504324991     
          18          37  0.964117326744747     
          18          38  0.968803834636294     
          19          39  0.981168573969715     
          19          40  0.976100464790230     
          19          41  0.975611471000521     
