   -0.13023592
    0.08010220
   -0.26519946
    0.37953702
   -0.45727123
   -0.25982044
    0.07811413
   -0.12982853
   -0.15530005
    0.03792258
   -0.13025259
    0.37337159
   -0.46413259
   -0.25174474
    0.07339792
   -0.13068821
   -0.26355292
    0.07859425
   -0.12874277
    0.06248411
    0.07315977
    0.08234473
    0.08372189
    0.05369837
    0.09156226
    0.06071150
    0.07130536
    0.08740116
    0.06118823
    0.09656587
    0.10203780
    0.06063836
    0.09358533
    0.08414997
    0.07426226
    0.05508123
    0.08920631
    0.06367623
    0.08411267
    0.06523103
    0.06960530
