           1           2   1.02422236464887     
           2           3  0.869998760701999     
           3           4   1.31036569165752     
           4           5   1.53352245911040     
           4           6   1.31005267961084     
           6           7  0.891283595532273     
           7           8   1.02243552675687     
           4           9  0.993202861372102     
           5           9  0.106038685167265     
           9          10  0.981083109628724     
          10          11  0.989275300771038     
          11          12  0.994521265283044     
          11          13  0.134023085385200     
          12          13   1.50757994749448     
          12          14   1.32725659177227     
          14          15  0.878547589402217     
          15          16   1.02276886299773     
          12          17   1.32549527466093     
          17          18  0.883743515657162     
          18          19   1.01810031718478     
           1          20  0.982796196361382     
           1          21  0.974636104863176     
           1          22  0.974788012314981     
           2          23  0.970142676706084     
           2          24  0.964364739006742     
           7          25  0.963059579006926     
           7          26  0.964992506894592     
           8          27  0.979807120352035     
           8          28  0.976748424361869     
           8          29  0.976860711129587     
          10          30  0.955578880520017     
          10          31  0.951106821542659     
          15          32  0.965803568339643     
          15          33  0.967331832095277     
          16          34  0.975710822079072     
          16          35  0.976727162985368     
          16          36  0.981730746962074     
          18          37  0.967303943949346     
          18          38  0.971206359257754     
          19          39  0.983454789121938     
          19          40  0.975532682919320     
          19          41  0.981905359354835     
