   -0.13376298
    0.06967576
   -0.25942178
    0.37582680
   -0.45519774
   -0.24743769
    0.07651886
   -0.13022868
   -0.15868995
    0.04254195
   -0.15144394
    0.37795882
   -0.44798168
   -0.26484323
    0.07343703
   -0.13285509
   -0.25903728
    0.07376539
   -0.12713522
    0.07482793
    0.06615026
    0.08800047
    0.07180984
    0.09590250
    0.05683341
    0.09028920
    0.05707371
    0.08200104
    0.07017735
    0.08667326
    0.09184570
    0.08902266
    0.07069824
    0.06254203
    0.07116631
    0.08696321
    0.09425091
    0.06299175
    0.08570963
    0.05244290
    0.07093834
