   -0.12581553
    0.07316286
   -0.25699256
    0.38423956
   -0.47276653
   -0.26032587
    0.07726644
   -0.12836658
   -0.15340297
    0.03693312
   -0.13412963
    0.35961373
   -0.45275348
   -0.26410302
    0.08517622
   -0.11811884
   -0.26384369
    0.06893107
   -0.12775697
    0.06654563
    0.04987670
    0.08335063
    0.06415007
    0.09520844
    0.06659371
    0.08973769
    0.07315940
    0.05450889
    0.08523467
    0.11224774
    0.10310584
    0.07689963
    0.06256961
    0.04804383
    0.07126826
    0.08622321
    0.07724664
    0.09730388
    0.05802614
    0.08739981
    0.06435222
