           1           2   1.02191274666472     
           2           3  0.893169594698837     
           3           4   1.29762250743824     
           4           5   1.54017909519432     
           4           6   1.31905510248773     
           6           7  0.874228423027346     
           7           8   1.02377761079554     
           4           9  0.977839294064598     
           9          10  0.982702644777121     
          10          11  0.985265768508063     
          11          12  0.968194529301991     
          11          13  0.137505658144033     
          12          13   1.54082943014404     
          12          14   1.33968619883403     
          14          15  0.870725215250097     
          15          16   1.02107245611261     
          12          17   1.33036398004448     
          17          18  0.880383100777071     
          18          19   1.02360839896718     
           1          20  0.982698234580035     
           1          21  0.975332747047634     
           1          22  0.976750720938365     
           2          23  0.966921952416293     
           2          24  0.963342773277809     
           7          25  0.967081851938439     
           7          26  0.964909980899435     
           8          27  0.981599830208553     
           8          28  0.976252869917664     
           8          29  0.975179810265413     
          10          30  0.954498494070410     
          10          31  0.955767961626218     
          15          32  0.970070498155714     
          15          33  0.963798406102187     
          16          34  0.979022336152442     
          16          35  0.982252014030817     
          16          36  0.974470025102074     
          18          37  0.967095410436709     
          18          38  0.963076100028161     
          19          39  0.973873482140717     
          19          40  0.975373129655330     
          19          41  0.982213827223153     
