           1           2  0.978142555758270     
           2           3  0.958203847991967     
           2           4  0.964155958238447     
           4           5  0.956317952275368     
           4           6  0.964103135860122     
           6           7  0.960113534634940     
           6           8  0.946243706678815     
           8           9  0.948457808276995     
           1          10  0.974771919896645     
           8          10  0.948174954629368     
           8          11   1.02979095057353     
           6          12   1.00611938266478     
           4          13   1.00232090719122     
           2          14  0.995552058993241     
           1          15  0.962669256634642     
           1          16  0.963584717830022     
          11          17  0.830435576101188     
          12          18  0.837998483977049     
          13          19  0.862205907361136     
          14          20  0.842131825451949     
