   -0.12258375
    0.09135398
   -0.26879786
    0.36529180
   -0.46633780
   -0.26475880
    0.07396782
   -0.12584670
   -0.13283570
    0.03251870
   -0.15022202
    0.37141043
   -0.46064384
   -0.27348583
    0.07253623
   -0.13180042
   -0.25587852
    0.07677815
   -0.13447433
    0.06797784
    0.08239884
    0.05589379
    0.07400134
    0.05784778
    0.06949408
    0.09372957
    0.05806204
    0.08707726
    0.06664770
    0.11444208
    0.12381530
    0.06823173
    0.09231913
    0.08543396
    0.06847935
    0.06811704
    0.08297479
    0.05985081
    0.06331793
    0.07723224
    0.08646386
