   -0.12378106
    0.06574144
   -0.26619647
    0.37627246
   -0.46520109
   -0.09745614
    0.01360223
    0.09975070
    0.37001473
   -0.45491813
   -0.24207409
    0.07443284
   -0.12748529
   -0.12734763
    0.37698936
   -0.47550186
   -0.26311468
    0.01191765
   -0.24998632
    0.00822517
    0.05393319
    0.07599828
    0.05948716
    0.06718047
    0.08646471
    0.09655843
    0.12088902
    0.06624906
    0.08490949
    0.08195961
    0.07282752
    0.05803246
    0.07557842
    0.11004425
    0.08838123
    0.08984744
    0.09421850
    0.11355695
