   -0.12950026
    0.07596828
   -0.25844319
    0.35534740
   -0.47538963
   -0.24586556
    0.08368826
   -0.12706015
   -0.13283098
    0.03604461
   -0.12407905
    0.36554493
   -0.47212076
   -0.25875958
    0.06917851
   -0.12575114
   -0.25868947
    0.07700291
   -0.13058744
    0.05181453
    0.08802799
    0.07416945
    0.06167711
    0.09190634
    0.08449191
    0.05407905
    0.05876582
    0.07562827
    0.08217879
    0.12131419
    0.07759108
    0.09674264
    0.07821836
    0.05572700
    0.06427814
    0.08695571
    0.08248817
    0.07257198
    0.06616704
    0.06491468
    0.08659406
