           1           2   1.02200399503352     
           2           3  0.885236003511081     
           3           4   1.32446568625843     
           4           5   1.51712721565256     
           4           6   1.31424397047221     
           6           7  0.883385356919635     
           7           8   1.02177757350920     
           4           9   1.01278236709373     
           5           9  0.131195893336729     
           9          10  0.973182691171074     
          10          11  0.996418720785721     
          11          12  0.969312387088380     
          11          13  0.134922513768182     
          12          13   1.52279548486129     
          12          14   1.34950950803430     
          14          15  0.863608180064941     
          15          16   1.02101938806823     
          12          17   1.33253356796935     
          17          18  0.879775991335659     
          18          19   1.02378003662996     
           1          20  0.978029845422138     
           1          21  0.975848377577589     
           1          22  0.982035708536142     
           2          23  0.967760267546148     
           2          24  0.964040576124138     
           7          25  0.967700488707260     
           7          26  0.967016686141037     
           8          27  0.976466957958313     
           8          28  0.976455943855457     
           8          29  0.981851608945975     
          10          30  0.960092239754273     
          10          31  0.947510246947127     
          15          32  0.970267634517642     
          15          33  0.963788512521340     
          16          34  0.973533481715583     
          16          35  0.982492758084004     
          16          36  0.983117888101497     
          18          37  0.966432313461312     
          18          38  0.961821044507620     
          19          39  0.976473069152668     
          19          40  0.975256222041664     
          19          41  0.982602745277647     
