   -0.12797468
    0.06160638
   -0.24896082
    0.37478254
   -0.46684287
   -0.09273040
    0.00065782
    0.14007562
    0.37384188
   -0.42535355
   -0.21650162
    0.06330418
   -0.13877457
   -0.11144127
    0.34353883
   -0.49218371
   -0.25621725
    0.02534949
   -0.29537480
    0.03199728
    0.04766467
    0.06954737
    0.07802831
    0.09593765
    0.06601692
    0.12288208
    0.07740426
    0.07291848
    0.09195279
    0.07023990
    0.08511803
    0.08190945
    0.09987972
    0.08789410
    0.07507674
    0.06523862
    0.09673016
    0.07276228
