   -0.12937438
    0.06309670
   -0.24986208
    0.37057769
   -0.47686590
   -0.10018645
    0.01613513
    0.07851610
    0.37637684
   -0.47621673
   -0.26211258
    0.07833035
   -0.12729143
   -0.11985043
    0.37709574
   -0.44724419
   -0.25957059
    0.00914281
   -0.27211243
    0.01554292
    0.07842201
    0.05133693
    0.07165539
    0.09559131
    0.06553406
    0.12036766
    0.12186185
    0.07449705
    0.06435000
    0.07994399
    0.06270951
    0.06919453
    0.09215707
    0.08115301
    0.11518375
    0.09405151
    0.11091676
    0.08694651
