$coord
          8.511004057128         -0.492116389506         -0.235769808211     c 
          5.805528044232         -0.701784339146         -0.569121988915     n 
          4.996825602068         -2.664586249417         -2.285828968728     c 
          4.252465492376          0.869960870768          0.640902190128     c 
          4.983899725963          2.593968151239          2.030032893137     o 
          1.459062318551          0.479848100238          0.307153108582     c 
          0.044547684645          2.310412107845         -0.949672251978     c 
         -2.548914331088          2.084441758325         -1.105787134164     c 
         -3.727595398563          0.023854868594          0.032705284237     c 
         -2.335806508579         -1.802839504857          1.321535525355     c 
          0.257426474259         -1.567096557588          1.453212732157     c 
         -6.405592315513         -0.210551698877         -0.107204056539     n 
         -7.407023582608         -2.014992909937          0.924057706297     o 
         -7.593762323612          1.403996885278         -1.249285985947     o 
          9.412632804176         -0.016761036368         -2.026304573443     h 
          9.268463790186         -2.278814394254          0.454003014982     h 
          8.886987615643          0.993518140972          1.134879600835     h 
          2.993599622176         -2.492445242828         -2.695612222264     h 
          5.370563086365         -4.520048967713         -1.467120089968     h 
          6.057799352149         -2.497833986479         -4.044334905283     h 
          0.990800514935          3.905731242873         -1.793279012594     h 
         -3.682416900530          3.470829405254         -2.079282973913     h 
         -3.309814458580         -3.367972090675          2.191401561738     h 
          1.357257304481         -2.960818387585          2.452719750278     h 
$end
