   -0.12018823
    0.08317688
   -0.26981381
    0.37985477
   -0.47211121
   -0.26079768
    0.08104609
   -0.12612746
   -0.12328158
    0.04037146
   -0.13282407
    0.37335095
   -0.45724596
   -0.26902725
    0.07642993
   -0.13203369
   -0.25866355
    0.07389309
   -0.12845862
    0.08196616
    0.05515420
    0.06645465
    0.08408901
    0.06277544
    0.08564412
    0.06273376
    0.06979326
    0.08654712
    0.05322876
    0.07569510
    0.11023450
    0.07720540
    0.07070976
    0.06401204
    0.07217098
    0.08813684
    0.09595265
    0.06425938
    0.08767871
    0.05366233
    0.07434576
