   -0.12748604
    0.07599471
   -0.27287113
    0.36476643
   -0.47980434
   -0.26352101
    0.09489236
   -0.12862414
   -0.12175381
    0.02877075
   -0.11656588
    0.36544201
   -0.46220491
   -0.26577692
    0.07653980
   -0.13251164
   -0.26580623
    0.08308991
   -0.12395853
    0.08840644
    0.07406232
    0.05172271
    0.06154190
    0.09038770
    0.06271875
    0.04969185
    0.06568862
    0.07898430
    0.08405967
    0.08655805
    0.13511172
    0.06130937
    0.09239918
    0.05868891
    0.08795264
    0.07519572
    0.07196130
    0.07701395
    0.08984572
    0.06306064
    0.06502719
