           1           2   1.02116991247097     
           2           3  0.885440880260440     
           3           4   1.32533169571500     
           4           5   1.51451360765990     
           4           6   1.32629515103848     
           6           7  0.889220995551478     
           7           8   1.01633133952701     
           4           9  0.971530285499751     
           5           9  0.147104375963935     
           9          10  0.973069160075781     
          10          11  0.997083758500402     
          11          12  0.960878150505931     
          11          13  0.132360779653180     
          12          13   1.52785703698503     
          12          14   1.34902966285398     
          14          15  0.860148755470202     
          15          16   1.02490810596088     
          12          17   1.32781506452415     
          17          18  0.888381767905518     
          18          19   1.02192276453670     
           1          20  0.981116432484331     
           1          21  0.973717901944202     
           1          22  0.975861790936641     
           2          23  0.968286373224692     
           2          24  0.964112709853791     
           7          25  0.969581834942234     
           7          26  0.968701306334763     
           8          27  0.983218421079434     
           8          28  0.976288280165660     
           8          29  0.981932004081060     
          10          30  0.959679683732677     
          10          31  0.946421083555420     
          15          32  0.965671038061147     
          15          33  0.964124596774627     
          16          34  0.973554094850530     
          16          35  0.981353823559777     
          16          36  0.973869673277472     
          18          37  0.964047879826483     
          18          38  0.968990151671124     
          19          39  0.980440274514943     
          19          40  0.976180519744836     
          19          41  0.976089838110462     
