   -0.13519413
    0.08022543
   -0.24997919
    0.37726336
   -0.48623632
   -0.26344422
    0.07426247
   -0.13311780
   -0.11397365
    0.03647361
   -0.12714424
    0.37043743
   -0.46359656
   -0.25973459
    0.09428995
   -0.12744206
   -0.27220561
    0.07644041
   -0.12408139
    0.07081275
    0.08020547
    0.08559410
    0.07085161
    0.05802423
    0.07970702
    0.09010741
    0.07023978
    0.08973312
    0.06769981
    0.11938869
    0.07165366
    0.06416702
    0.05300068
    0.06055679
    0.07420213
    0.08170292
    0.09304254
    0.06584237
    0.08345174
    0.05019971
    0.06657354
