           1           2   1.02202034303213     
           2           3  0.874221268655125     
           3           4   1.27455981707265     
           4           5   1.53850973515848     
           4           6   1.31387456995538     
           6           7  0.885004576927690     
           7           8   1.02096800866514     
           4           9   1.04234692458653     
           9          10  0.952157787010466     
          10          11   1.00167191815172     
          11          12  0.966941090731299     
          11          13  0.103772680736824     
          12          13   1.53445082318787     
          12          14   1.31070760918629     
          14          15  0.880963917938032     
          15          16   1.02223153491082     
          12          17   1.28704201768311     
          17          18  0.893099697526330     
          18          19   1.01988916989289     
           1          20  0.975226945880179     
           1          21  0.982287955074019     
           1          22  0.979924866426086     
           2          23  0.967294793269831     
           2          24  0.965336839431230     
           7          25  0.964070816273957     
           7          26  0.964475826887876     
           8          27  0.981938721422700     
           8          28  0.976091828859117     
           8          29  0.976771439399292     
          10          30  0.952922289057174     
          10          31  0.952831359292387     
          15          32  0.966763090984966     
          15          33  0.964310463896582     
          16          34  0.975654281302417     
          16          35  0.976338031311174     
          16          36  0.982177162657675     
          18          37  0.966850846077004     
          18          38  0.965935851217052     
          19          39  0.983344832660901     
          19          40  0.980541842037121     
          19          41  0.977061251275090     
