           1           2   1.01831525964483     
           2           3  0.883407775010096     
           3           4   1.32984559996152     
           4           5   1.54281169680018     
           4           6   1.36815791593950     
           6           7  0.859693700421618     
           7           8   1.02146632131219     
           4           9  0.949986194240877     
           5           9  0.134293499368376     
           9          10  0.989203837406231     
          10          11  0.989813427212905     
          11          12  0.938619630778301     
          11          13  0.137692647547829     
          12          13   1.53712220520955     
          12          14   1.34927382754314     
          14          15  0.865602255205267     
          15          16   1.02462906247326     
          12          17   1.31852346060901     
          17          18  0.888723315946453     
          18          19   1.02125642758755     
           1          20  0.975510551699859     
           1          21  0.983123633340814     
           1          22  0.981869237109289     
           2          23  0.970260679114781     
           2          24  0.967912501337157     
           7          25  0.966899954581791     
           7          26  0.963149701140966     
           8          27  0.973788155265888     
           8          28  0.980056821225733     
           8          29  0.983172306297171     
          10          30  0.940867662197811     
          10          31  0.955013969880254     
          15          32  0.969041208151275     
          15          33  0.963615333220805     
          16          34  0.974067518588135     
          16          35  0.980994458589929     
          16          36  0.971950550863837     
          18          37  0.963131650464615     
          18          38  0.967435417860075     
          19          39  0.976092246458531     
          19          40  0.973825354280066     
          19          41  0.981506542254772     
