$hessian                                                                        
        0.4268752622   0.0478934222   0.0234325335  -0.0787667217   0.0350307648
       -0.0186394390  -0.0153288718   0.0208668175  -0.0052247242   0.0082663498
       -0.0082911499   0.0051387239  -0.0010913935  -0.0044912478  -0.0003224257
        0.0004290163   0.0014986254   0.0008374993   0.0001909532   0.0002034282
       -0.0001055113  -0.0346640497  -0.0140494473   0.0010541679   0.0021919470
        0.0010325732   0.0005180448  -0.1803617220   0.0108329976   0.0527989344
       -0.0029183435  -0.0033262769   0.0000639889   0.0004383427   0.0004859926
       -0.0005631249   0.0000370107   0.0003389902  -0.0002735052  -0.0017698120
        0.0068157818  -0.0102259613  -0.0391589846  -0.0026216814  -0.0128738236
       -0.0831755077  -0.0906148860  -0.0361838553  -0.0004206686  -0.0000579899
       -0.0001359348  -0.0007017945  -0.0001275480   0.0002240891  -0.0001955613
       -0.0002962818   0.0000035320   0.0001245490  -0.0011228845   0.0004767916
        0.0478934222   0.4942693656   0.0467981744   0.0331324864  -0.1338020100
        0.0295418479   0.0031295117  -0.0032509754   0.0011452428   0.0057277152
       -0.0330284771   0.0074727390  -0.0026068124  -0.0043367373  -0.0004803817
        0.0026183147   0.0017874951   0.0002400926   0.0001356654   0.0003159366
       -0.0001355286  -0.0233730643   0.0036439949   0.0095488460  -0.0011429169
        0.0003057471   0.0007498229   0.0305255347  -0.0723017301  -0.0249351213
       -0.0085142627  -0.0037549107   0.0005428321  -0.0002677831   0.0002615440
        0.0000475650   0.0003192553   0.0002156629   0.0007363758   0.0017397799
        0.0027213285   0.0059659266  -0.0029626363  -0.0446781268  -0.0124396237
       -0.0864995245  -0.2085981291  -0.0650969240   0.0000465821  -0.0003723551
       -0.0001738334   0.0000188265  -0.0002194771   0.0001759931   0.0001036622
        0.0000483336  -0.0001342700  -0.0000237560   0.0007735204   0.0004302243
        0.0234325335   0.0467981744   0.4882190102  -0.0120523503   0.0274122200
       -0.0677305535   0.0059715428  -0.0079860343   0.0032071579   0.0016766501
       -0.0004038638   0.0030384785  -0.0007884623  -0.0010872211   0.0000238879
        0.0002018783   0.0003491714   0.0001182689  -0.0002552218  -0.0002954580
        0.0000944428  -0.0016821889   0.0062410476   0.0002662773  -0.0035429016
       -0.0015239070   0.0020862947   0.0576570404  -0.0169166703  -0.0766784813
       -0.0045338054  -0.0012606258   0.0010502171  -0.0003136916  -0.0006845286
        0.0006991007  -0.0003478335  -0.0003231849  -0.0003599617  -0.0228231281
        0.0260554159  -0.0359388049  -0.0105005873  -0.0152695613  -0.2511456030
       -0.0324135363  -0.0627286884  -0.0666899962   0.0000392986  -0.0000278454
        0.0002498212   0.0005519558   0.0002195425  -0.0002207500   0.0001547211
        0.0006481839   0.0001000056  -0.0004319134   0.0007838331  -0.0003888125
       -0.0787667217   0.0331324864  -0.0120523503   0.5221630004  -0.0059871282
       -0.0432274002  -0.2212359495   0.0174621279   0.0872042931  -0.0950231007
       -0.0466343353  -0.0033915284   0.0057117572   0.0078265656   0.0006955756
       -0.0242678956  -0.0225461670  -0.0018618702  -0.0054181401   0.0001564536
        0.0015436625   0.0017773016   0.0005745411  -0.0004660529  -0.0001604241
       -0.0001223214  -0.0002474371  -0.0354534580   0.0288170445  -0.0040277190
        0.0011127815  -0.0007022546  -0.0001977325   0.0010419828  -0.0002170150
       -0.0013154910   0.0019785006   0.0011974398  -0.0013143758  -0.0888659784
       -0.0073095403  -0.0527042332  -0.0001242437   0.0018091872  -0.0021137155
        0.0059071230  -0.0093689678   0.0038174964   0.0001242342   0.0000203096
        0.0000152607   0.0000123941   0.0001476414  -0.0000143762   0.0001825356
       -0.0007869445   0.0008406715   0.0093043007   0.0025308769   0.0288173226
        0.0350307648  -0.1338020100   0.0274122200  -0.0059871282   0.4217833863
        0.0066306092   0.0175621247  -0.0437939704  -0.0084725381  -0.0417549132
       -0.1346645839  -0.0055282193  -0.0127874420  -0.0266122078  -0.0014028340
       -0.0079697310   0.0022341446   0.0019314568   0.0019313552   0.0011027527
       -0.0001168607   0.0000369026   0.0003867477  -0.0007088203   0.0000492312
       -0.0000678341  -0.0001140741   0.0137497915  -0.0026149487  -0.0011780421
       -0.0000616542  -0.0001427594   0.0000317951   0.0000047167  -0.0005293235
       -0.0003974325  -0.0040158326  -0.0062554901  -0.0084668567  -0.0064682208
       -0.0482381230  -0.0197464452   0.0000724298   0.0001894732   0.0004371836
        0.0098088867  -0.0260868925   0.0097339216  -0.0000819556  -0.0000200263
        0.0001159218   0.0002184959   0.0000632750   0.0001443713  -0.0008180539
       -0.0001951685  -0.0007893784   0.0014802323  -0.0027364414   0.0004840219
       -0.0186394390   0.0295418479  -0.0677305535  -0.0432274002   0.0066306092
        0.4688932436   0.0892655677  -0.0082649128  -0.0799679279  -0.0029280261
       -0.0041279842  -0.0558576739   0.0060233426   0.0126530678   0.0023341504
        0.0037161920   0.0055922723   0.0030854956   0.0028623770  -0.0001988184
       -0.0000058404  -0.0019690381   0.0006485262   0.0006975035   0.0000010671
        0.0001283825  -0.0003542267   0.0122995180  -0.0089715434   0.0035683340
        0.0005098777  -0.0002972844  -0.0004317179  -0.0020262133  -0.0020348827
       -0.0001011706  -0.0150731053  -0.0289110910  -0.0154450735  -0.0234083289
       -0.0133783904  -0.2142489077  -0.0114205018   0.0210412307  -0.0154621477
        0.0027592521  -0.0064069597   0.0034837571  -0.0000551492   0.0001655807
       -0.0000066578  -0.0004036581   0.0002660371  -0.0001021584  -0.0014211939
       -0.0016863983  -0.0042843391   0.0031348598  -0.0023892890  -0.0280640892
       -0.0153288718   0.0031295117   0.0059715428  -0.2212359495   0.0175621247
        0.0892655677   0.2539123226  -0.0202833468  -0.1046329718  -0.0198498349
       -0.0024991560   0.0073419205   0.0003165026   0.0004640614   0.0002433518
       -0.0015646061  -0.0037358506  -0.0007308262  -0.0011004084   0.0001981032
        0.0001162470   0.0005575720   0.0000538451   0.0003560558  -0.0000356273
        0.0000142283  -0.0000009125  -0.0037526193   0.0040009954  -0.0011319636
        0.0001327615  -0.0001168639  -0.0001533127   0.0002410060  -0.0000284335
       -0.0001414276   0.0012622577   0.0006712465   0.0002238948   0.0051068457
       -0.0002698644   0.0036923703  -0.0002411070  -0.0001919442  -0.0000108022
        0.0001101428  -0.0001448492   0.0001856867   0.0001338781  -0.0000182846
        0.0000366259   0.0001444022   0.0000635111  -0.0001080361  -0.0000281989
        0.0005895728   0.0000938191   0.0012195322   0.0005413931  -0.0006168297
        0.0208668175  -0.0032509754  -0.0079860343   0.0174621279  -0.0437939704
       -0.0082649128  -0.0202833468   0.0523523973   0.0098605377  -0.0241511654
       -0.0004757049   0.0090634508  -0.0002071190   0.0003608076   0.0002215604
       -0.0024941560  -0.0036661101  -0.0014952164  -0.0014838163  -0.0000581857
        0.0002638880  -0.0000622046  -0.0002700556   0.0000009052  -0.0000209165
       -0.0000566755   0.0000091226   0.0058141562  -0.0050990538   0.0010714618
        0.0000956553  -0.0000597280   0.0000841831   0.0005041575   0.0000517490
       -0.0001200258   0.0012111046   0.0009856031   0.0011656871   0.0025222778
        0.0011689932  -0.0029135901   0.0002129685   0.0005250232  -0.0003146857
        0.0002524380   0.0000453327  -0.0002258256  -0.0000226876   0.0000946221
       -0.0000600428  -0.0000771204  -0.0000037844  -0.0000003769  -0.0002031741
        0.0000575529   0.0001250771   0.0000640034   0.0010921627  -0.0004851634
       -0.0052247242   0.0011452428   0.0032071579   0.0872042931  -0.0084725381
       -0.0799679279  -0.1046329718   0.0098605377   0.1113173500  -0.0011339880
        0.0002997029   0.0019293184   0.0001741572   0.0002662020  -0.0001864988
       -0.0005299260  -0.0005136671   0.0002347499  -0.0000451802   0.0000783138
        0.0000726926   0.0000465381   0.0000215717   0.0000386485   0.0000190135
        0.0000222279   0.0000206907  -0.0019673258   0.0016419649   0.0002282455
        0.0000630436  -0.0000252229   0.0000041541   0.0003131018   0.0002775673
       -0.0003079681  -0.0002602931  -0.0000305515   0.0004621689   0.0279849909
       -0.0023218683  -0.0315495666  -0.0010314091   0.0004348263   0.0002521794
        0.0001003030  -0.0002218720  -0.0000665447  -0.0000083138   0.0000012061
        0.0000167592   0.0000215376   0.0000090685   0.0000176703  -0.0001546509
       -0.0001798501  -0.0000737378  -0.0009381961  -0.0022928618  -0.0056495416
        0.0082663498   0.0057277152   0.0016766501  -0.0950231007  -0.0417549132
       -0.0029280261  -0.0198498349  -0.0241511654  -0.0011339880   0.4358840465
       -0.0198106092   0.0198963491  -0.0764568176   0.0645651770  -0.0430001951
       -0.1592930269   0.0112790328   0.0211058213  -0.0221117341  -0.0008698092
        0.0038607511  -0.0171144475   0.0123765793   0.0014220635   0.0002150296
       -0.0003289153  -0.0000270662  -0.0015162183  -0.0035941111   0.0002191015
        0.0008391884   0.0016654607  -0.0013622204   0.0009132495   0.0011579309
        0.0044482827  -0.0484921431  -0.0031455881   0.0154401982  -0.0026829987
       -0.0074505232  -0.0096610681   0.0003263261   0.0001139292   0.0002020908
       -0.0007215438   0.0030681429  -0.0008888175  -0.0007132074   0.0002189067
        0.0003638864  -0.0008656646  -0.0001741737  -0.0004534331  -0.0028891571
       -0.0005689182  -0.0097778872   0.0012857048   0.0016758520   0.0005975071
       -0.0082911499  -0.0330284771  -0.0004038638  -0.0466343353  -0.1346645839
       -0.0041279842  -0.0024991560  -0.0004757049   0.0002997029  -0.0198106092
        0.4912810256  -0.0312239382   0.0645397987  -0.1681165798   0.0818019483
        0.0146043257  -0.0680699351  -0.0017662519  -0.0233280721   0.0017925755
        0.0042775286   0.0223228042  -0.0050535987  -0.0049942842  -0.0000855056
        0.0005278417  -0.0001768525  -0.0033535469   0.0048982041  -0.0004857186
        0.0028461208  -0.0050030418   0.0014354757   0.0025209913   0.0013031551
       -0.0005299250  -0.0068916524  -0.0749115300  -0.0044013289  -0.0032135428
       -0.0034716459  -0.0071806652  -0.0004029164   0.0003725592  -0.0002759419
        0.0022079471  -0.0041593765   0.0018548601   0.0013191848  -0.0005238256
       -0.0002923301   0.0012661429   0.0002797559  -0.0008605755   0.0033188578
       -0.0045277716  -0.0324312629  -0.0004356864   0.0015509536  -0.0005185928
        0.0051387239   0.0074727390   0.0030384785  -0.0033915284  -0.0055282193
       -0.0558576739   0.0073419205   0.0090634508   0.0019293184   0.0198963491
       -0.0312239382   0.4790098731  -0.0425087962   0.0827480655  -0.0902138264
        0.0151858588   0.0016245602  -0.0583065194  -0.0064490877   0.0000385097
        0.0023918593  -0.0064320972  -0.0036020148   0.0061503712  -0.0009390304
        0.0006588803  -0.0009052915   0.0004276540  -0.0000442094  -0.0000942665
       -0.0029063662   0.0041011208  -0.0012759838   0.0295898850  -0.0065415297
       -0.0194463801   0.0098222786  -0.0277772957  -0.2238898082  -0.0219048758
       -0.0276703630  -0.0243413843   0.0000263362   0.0006772764  -0.0004868565
       -0.0014726443   0.0023367717  -0.0007811993  -0.0007535872   0.0002526739
        0.0001658059   0.0016261504  -0.0000472206  -0.0043800387  -0.0022345529
       -0.0056876119  -0.0126438168  -0.0000625901  -0.0008516457  -0.0000626610
       -0.0010913935  -0.0026068124  -0.0007884623   0.0057117572  -0.0127874420
        0.0060233426   0.0003165026  -0.0002071190   0.0001741572  -0.0764568176
        0.0645397987  -0.0425087962   0.0900388719  -0.0740013239   0.0506978500
       -0.0190896046   0.0262608297  -0.0126146579   0.0005194917   0.0001650762
       -0.0004295183  -0.0047073495  -0.0011440662   0.0023834608   0.0000667210
       -0.0001184316   0.0001178229   0.0000798412  -0.0000737431   0.0001202825
       -0.0015078203   0.0019267807  -0.0003152834   0.0012729757  -0.0010535148
       -0.0006878667   0.0028993338  -0.0017445432  -0.0029474860   0.0003897060
        0.0008786455   0.0010227114  -0.0001389535   0.0000441581  -0.0000617863
        0.0002828460  -0.0007199875   0.0002867910  -0.0003686166   0.0001762708
        0.0000020749   0.0005515511  -0.0000550928  -0.0001639033   0.0011412636
        0.0002983142  -0.0003865542   0.0000896938   0.0002222026   0.0000758213
       -0.0044912478  -0.0043367373  -0.0010872211   0.0078265656  -0.0266122078
        0.0126530678   0.0004640614   0.0003608076   0.0002662020   0.0645651770
       -0.1681165798   0.0827480655  -0.0740013239   0.1942040639  -0.0958116318
        0.0064331700  -0.0059619057   0.0036937157  -0.0004325628   0.0002601426
        0.0001245183   0.0013673049   0.0018024785  -0.0004057845  -0.0001579109
       -0.0000489801  -0.0001192512  -0.0002903948   0.0004572108  -0.0002557989
        0.0005526375  -0.0006951819  -0.0000770812  -0.0003748248  -0.0001348684
       -0.0004811591  -0.0010092883   0.0054412727   0.0000870631   0.0009326315
        0.0025988972   0.0004842859  -0.0000262415   0.0001439826  -0.0002482081
        0.0007188188  -0.0013668736   0.0005592340   0.0000032876   0.0000571530
       -0.0000035830  -0.0006118366   0.0001884111   0.0000764841  -0.0016817785
        0.0025138417  -0.0018837822   0.0002137558  -0.0007549272  -0.0003191353
       -0.0003224257  -0.0004803817   0.0000238879   0.0006955756  -0.0014028340
        0.0023341504   0.0002433518   0.0002215604  -0.0001864988  -0.0430001951
        0.0818019483  -0.0902138264   0.0506978500  -0.0958116318   0.1238915722
        0.0021371182  -0.0033368535   0.0040708484  -0.0002703190  -0.0001638445
       -0.0000822630   0.0008787453   0.0000913038  -0.0004184530   0.0001180098
       -0.0001049965  -0.0000544972  -0.0000748340   0.0000770168   0.0000715475
        0.0002079134  -0.0003744611   0.0001590386  -0.0004005652   0.0002690506
        0.0007550727  -0.0114667598   0.0198347687  -0.0412256214   0.0002852263
       -0.0001091674   0.0005960949   0.0000154310  -0.0001346644  -0.0000480583
        0.0001088143  -0.0001945297   0.0000577120   0.0001369171  -0.0001113416
       -0.0000072941   0.0000395009  -0.0000235906   0.0000110748  -0.0000756890
        0.0005303953   0.0002101118   0.0000463341  -0.0005777471   0.0000554010
        0.0004290163   0.0026183147   0.0002018783  -0.0242678956  -0.0079697310
        0.0037161920  -0.0015646061  -0.0024941560  -0.0005299260  -0.1592930269
        0.0146043257   0.0151858588  -0.0190896046   0.0064331700   0.0021371182
        0.4803652138   0.0238829944   0.0053407116  -0.1105777095  -0.0889112484
       -0.0309689123  -0.0683975381   0.0266310169  -0.0108209030   0.0012512254
        0.0018738972  -0.0020712930   0.0036625475  -0.0209833102   0.0034031331
       -0.0272452838   0.0350635173  -0.0067974686  -0.0737501360   0.0052922477
       -0.0204438124  -0.0003174156   0.0010051309   0.0092900528   0.0006250424
        0.0005617729   0.0012496014  -0.0001222455  -0.0001237001  -0.0000398862
       -0.0001592344   0.0003754346  -0.0001047943  -0.0051642606   0.0014629127
        0.0003063050   0.0019790996   0.0004344361   0.0321178977   0.0012510401
        0.0002657804  -0.0000497400   0.0003857715  -0.0000228058  -0.0011220130
        0.0014986254   0.0017874951   0.0003491714  -0.0225461670   0.0022341446
        0.0055922723  -0.0037358506  -0.0036661101  -0.0005136671   0.0112790328
       -0.0680699351   0.0016245602   0.0262608297  -0.0059619057  -0.0033368535
        0.0238829944   0.4725267068   0.0213552624  -0.0911071712  -0.1633489272
       -0.0427771474   0.0320901772  -0.1276445140   0.0284381717   0.0002868662
        0.0007566682   0.0013501663  -0.0037037946  -0.0444950406   0.0054442039
        0.0119447607  -0.0100375157   0.0013505219   0.0062915741  -0.0523728998
        0.0007983226   0.0052667147   0.0009159485  -0.0085284520   0.0006968968
       -0.0000667783   0.0002696724  -0.0002412701  -0.0001398219  -0.0000182799
        0.0002062699   0.0004661385  -0.0000777280   0.0016652583  -0.0008584262
        0.0013311079  -0.0005440245  -0.0024711117  -0.0115148784   0.0010283645
        0.0001830979  -0.0003682309  -0.0005200866   0.0002627867  -0.0007681959
        0.0008374993   0.0002400926   0.0001182689  -0.0018618702   0.0019314568
        0.0030854956  -0.0007308262  -0.0014952164   0.0002347499   0.0211058213
       -0.0017662519  -0.0583065194  -0.0126146579   0.0036937157   0.0040708484
        0.0053407116   0.0213552624   0.4538528056  -0.0301966170  -0.0390250410
       -0.0490229925  -0.0169249100   0.0409497851  -0.0702248113  -0.0089512754
        0.0210941459  -0.0173716277  -0.0004600237  -0.0095751378   0.0040088408
        0.0041479504  -0.0084646786   0.0029869898   0.0001204260  -0.0163376263
       -0.2240038519   0.0305466949  -0.0076933908  -0.0286026334   0.0012750309
        0.0006191020  -0.0003129023  -0.0003525036   0.0000001146  -0.0004181562
       -0.0001536148  -0.0001342487   0.0000808289   0.0021634283  -0.0000371907
       -0.0001287966   0.0079388546  -0.0030345414  -0.0179677695   0.0009226486
       -0.0005464866  -0.0005011907  -0.0021527668  -0.0017738649  -0.0015775763
        0.0001909532   0.0001356654  -0.0002552218  -0.0054181401   0.0019313552
        0.0028623770  -0.0011004084  -0.0014838163  -0.0000451802  -0.0221117341
       -0.0233280721  -0.0064490877   0.0005194917  -0.0004325628  -0.0002703190
       -0.1105777095  -0.0911071712  -0.0301966170   0.1278997418   0.1057362247
        0.0409148108   0.0041630596   0.0054008575   0.0012556652   0.0000733584
       -0.0001845417   0.0003862396  -0.0000010674   0.0025287422  -0.0000019098
        0.0004855114  -0.0004577824   0.0000340274   0.0030656468  -0.0008756766
       -0.0083567098   0.0021042555   0.0001787417  -0.0006649166   0.0001438144
        0.0000442450  -0.0005634757  -0.0000581954   0.0000162113  -0.0000046899
       -0.0000120417   0.0001472369   0.0000092955   0.0000128608   0.0001518046
       -0.0000727545   0.0009194969   0.0011815657   0.0007110741  -0.0003808517
        0.0003786840   0.0005464386   0.0000819577   0.0000382890   0.0001609540
        0.0002034282   0.0003159366  -0.0002954580   0.0001564536   0.0011027527
       -0.0001988184   0.0001981032  -0.0000581857   0.0000783138  -0.0008698092
        0.0017925755   0.0000385097   0.0001650762   0.0002601426  -0.0001638445
       -0.0889112484  -0.1633489272  -0.0390250410   0.1057362247   0.1915342726
        0.0560746216  -0.0156413097  -0.0241258256  -0.0054523195  -0.0001938786
        0.0000462469   0.0001194589   0.0009520940  -0.0101020766   0.0023062833
       -0.0000417869   0.0010625077   0.0001839003  -0.0018151207  -0.0001529035
       -0.0138806047   0.0008486792   0.0000585482   0.0009699571  -0.0002577109
       -0.0000975988  -0.0002288083   0.0000742607  -0.0000406137   0.0000075003
        0.0000614998   0.0001420628   0.0000244178  -0.0002463653   0.0006586853
       -0.0002121328  -0.0004321686   0.0005372808  -0.0003104913  -0.0003125792
        0.0003182156  -0.0001536501   0.0003261579   0.0000969037   0.0001182058
       -0.0001055113  -0.0001355286   0.0000944428   0.0015436625  -0.0001168607
       -0.0000058404   0.0001162470   0.0002638880   0.0000726926   0.0038607511
        0.0042775286   0.0023918593  -0.0004295183   0.0001245183  -0.0000822630
       -0.0309689123  -0.0427771474  -0.0490229925   0.0409148108   0.0560746216
        0.0799738869   0.0039279125   0.0068226877   0.0037167568   0.0003157621
        0.0003555179   0.0000666055  -0.0003937084   0.0030269072  -0.0001279643
        0.0005871240  -0.0003802808  -0.0002737779  -0.0189663659  -0.0269785654
       -0.0371000884  -0.0002838493   0.0004790068   0.0009164012  -0.0003624465
       -0.0001105109  -0.0003555684   0.0000056635   0.0000181127   0.0000504311
        0.0000047547  -0.0000163827  -0.0000279323   0.0000156977   0.0001759327
       -0.0000781329  -0.0005518661  -0.0009264293  -0.0000775046   0.0003599018
       -0.0003632628  -0.0000871631   0.0004098904   0.0001862470  -0.0000438486
       -0.0346640497  -0.0233730643  -0.0016821889   0.0017773016   0.0000369026
       -0.0019690381   0.0005575720  -0.0000622046   0.0000465381  -0.0171144475
        0.0223228042  -0.0064320972  -0.0047073495   0.0013673049   0.0008787453
       -0.0683975381   0.0320901772  -0.0169249100   0.0041630596  -0.0156413097
        0.0039279125   0.4370541838  -0.0315927717  -0.0268810151  -0.0356551285
        0.0038876021  -0.0075973623  -0.0718306486  -0.0295858831  -0.0109324823
       -0.1917519711   0.0324526747   0.0690402590   0.0007468128   0.0018542479
       -0.0040400321   0.0007330457  -0.0001586992  -0.0012966701   0.0006443124
       -0.0006369959   0.0014464944   0.0010855652  -0.0000911170  -0.0011429055
       -0.0042387341  -0.0001776073   0.0010217493  -0.0177970026   0.0079645888
        0.0013440247  -0.0000228221  -0.0008651314   0.0017456791  -0.0003017764
       -0.0002771839   0.0003497945  -0.0002803849   0.0004856657  -0.0009024953
       -0.0140494473   0.0036439949   0.0062410476   0.0005745411   0.0003867477
        0.0006485262   0.0000538451  -0.0002700556   0.0000215717   0.0123765793
       -0.0050535987  -0.0036020148  -0.0011440662   0.0018024785   0.0000913038
        0.0266310169  -0.1276445140   0.0409497851   0.0054008575  -0.0241258256
        0.0068226877  -0.0315927717   0.4391194086   0.0059760638   0.0041756494
       -0.0426360981  -0.0044574401  -0.0514161102  -0.1666797660  -0.0481212934
        0.0144170237  -0.0766027030   0.0037697392   0.0009668536  -0.0010253201
        0.0050719049  -0.0010779351   0.0007812515   0.0026162423   0.0004136519
       -0.0011347798   0.0002909189   0.0021306088   0.0012240444  -0.0008752234
        0.0007353314   0.0009547015  -0.0004143405   0.0311827154  -0.0040592175
       -0.0149856415   0.0002461301   0.0016453942   0.0002135462   0.0002286129
       -0.0009735537  -0.0003119770  -0.0002530866   0.0006474108   0.0000545931
        0.0010541679   0.0095488460   0.0002662773  -0.0004660529  -0.0007088203
        0.0006975035   0.0003560558   0.0000009052   0.0000386485   0.0014220635
       -0.0049942842   0.0061503712   0.0023834608  -0.0004057845  -0.0004184530
       -0.0108209030   0.0284381717  -0.0702248113   0.0012556652  -0.0054523195
        0.0037167568  -0.0268810151   0.0059760638   0.4816431209  -0.0072682300
       -0.0079842768  -0.2161660158  -0.0187729291  -0.0482581017  -0.0747672317
        0.0694224028  -0.0053180733  -0.0872451985  -0.0126714011   0.0274811564
       -0.0425916770  -0.0013971002   0.0001829925  -0.0023350861   0.0008887223
       -0.0002047091   0.0002314261   0.0042673188   0.0026733715   0.0014918258
        0.0024583332   0.0001298407   0.0001979630  -0.0046711256  -0.0036867914
        0.0017182345  -0.0002447979   0.0020023150  -0.0016313600   0.0003924147
        0.0001438644   0.0002644518  -0.0007070501   0.0004356336  -0.0010367458
        0.0021919470  -0.0011429169  -0.0035429016  -0.0001604241   0.0000492312
        0.0000010671  -0.0000356273  -0.0000209165   0.0000190135   0.0002150296
       -0.0000855056  -0.0009390304   0.0000667210  -0.0001579109   0.0001180098
        0.0012512254   0.0002868662  -0.0089512754   0.0000733584  -0.0001938786
        0.0003157621  -0.0356551285   0.0041756494  -0.0072682300   0.0582735288
        0.0020754065   0.0018354124  -0.0079253945  -0.0132344003  -0.0199848921
       -0.0182812115   0.0048178327   0.0379876296  -0.0008040060   0.0025184931
       -0.0032889035   0.0000041671   0.0003008709   0.0002776213   0.0001501782
       -0.0000035163   0.0003621919   0.0002198740   0.0002104876   0.0011571941
        0.0001015727   0.0002111702   0.0002851114   0.0005822525   0.0000758114
        0.0014193588  -0.0001564695   0.0000315240   0.0001253013  -0.0001289995
        0.0000909364   0.0000355277   0.0000174062  -0.0000052345   0.0000360319
        0.0010325732   0.0003057471  -0.0015239070  -0.0001223214  -0.0000678341
        0.0001283825   0.0000142283  -0.0000566755   0.0000222279  -0.0003289153
        0.0005278417   0.0006588803  -0.0001184316  -0.0000489801  -0.0001049965
        0.0018738972   0.0007566682   0.0210941459  -0.0001845417   0.0000462469
        0.0003555179   0.0038876021  -0.0426360981  -0.0079842768   0.0020754065
        0.0591733388   0.0218959141  -0.0142281054  -0.0161566481  -0.0334213322
        0.0024607505   0.0027788445  -0.0070599084   0.0026142973  -0.0047375578
        0.0064293726  -0.0003818465  -0.0002832912  -0.0004696514   0.0000121033
        0.0000075219   0.0000040422   0.0000655374   0.0003067599   0.0010332741
        0.0002805320   0.0001177878   0.0002170267   0.0005098376   0.0003152182
       -0.0011438850   0.0001519391   0.0001497791  -0.0003561231   0.0004514236
       -0.0003375234   0.0001688239  -0.0000659661  -0.0001611460   0.0000564723
        0.0005180448   0.0007498229   0.0020862947  -0.0002474371  -0.0001140741
       -0.0003542267  -0.0000009125   0.0000091226   0.0000206907  -0.0000270662
       -0.0001768525  -0.0009052915   0.0001178229  -0.0001192512  -0.0000544972
       -0.0020712930   0.0013501663  -0.0173716277   0.0003862396   0.0001194589
        0.0000666055  -0.0075973623  -0.0044574401  -0.2161660158   0.0018354124
        0.0218959141   0.2729265571  -0.0116541971  -0.0196101769  -0.0184774553
        0.0205964955  -0.0036390632  -0.0196085191  -0.0014059530   0.0045036505
       -0.0047778934   0.0009939367  -0.0003956594   0.0006349515  -0.0000960963
        0.0002082184  -0.0001359082  -0.0014030760  -0.0002112664   0.0001559562
        0.0003140404   0.0002822233   0.0001973422  -0.0002503432   0.0003415988
        0.0008251474  -0.0000161281  -0.0005679564   0.0005559181  -0.0001037871
       -0.0000559143   0.0001934115   0.0001116595  -0.0001125213   0.0001885598
       -0.1803617220   0.0305255347   0.0576570404  -0.0354534580   0.0137497915
        0.0122995180  -0.0037526193   0.0058141562  -0.0019673258  -0.0015162183
       -0.0033535469   0.0004276540   0.0000798412  -0.0002903948  -0.0000748340
        0.0036625475  -0.0037037946  -0.0004600237  -0.0000010674   0.0009520940
       -0.0003937084  -0.0718306486  -0.0514161102  -0.0187729291  -0.0079253945
       -0.0142281054  -0.0116541971   0.3924317978   0.0557619660  -0.0672970108
       -0.0564779775  -0.0311065921   0.0022408596   0.0002287754   0.0006831567
        0.0025518422   0.0007625450  -0.0005373435   0.0001271174   0.0005560040
       -0.0011067565  -0.0031763459  -0.0176026482   0.0023203585   0.0210335126
       -0.0266547704  -0.0050484329   0.0068442767   0.0025698230   0.0008396073
        0.0005472514   0.0001640302   0.0000847445  -0.0000245418   0.0000108506
        0.0005769280  -0.0002175429   0.0011103096  -0.0005172603   0.0003093872
        0.0108329976  -0.0723017301  -0.0169166703   0.0288170445  -0.0026149487
       -0.0089715434   0.0040009954  -0.0050990538   0.0016419649  -0.0035941111
        0.0048982041  -0.0000442094  -0.0000737431   0.0004572108   0.0000770168
       -0.0209833102  -0.0444950406  -0.0095751378   0.0025287422  -0.0101020766
        0.0030269072  -0.0295858831  -0.1666797660  -0.0482581017  -0.0132344003
       -0.0161566481  -0.0196101769   0.0557619660   0.2984264045   0.0924159693
       -0.0089246347   0.0049606557   0.0017552880  -0.0002113425   0.0038865999
       -0.0006894438   0.0004567286  -0.0005477043  -0.0010186957  -0.0010922890
        0.0011604121  -0.0013085447   0.0021849508   0.0014454384  -0.0037398495
       -0.0276584121  -0.0003876368   0.0093571903   0.0010261343   0.0021172288
        0.0020482544   0.0002591173   0.0001480709  -0.0000828929  -0.0000059591
        0.0004735621   0.0002508690  -0.0005045914   0.0004108175  -0.0003581937
        0.0527989344  -0.0249351213  -0.0766784813  -0.0040277190  -0.0011780421
        0.0035683340  -0.0011319636   0.0010714618   0.0002282455   0.0002191015
       -0.0004857186  -0.0000942665   0.0001202825  -0.0002557989   0.0000715475
        0.0034031331   0.0054442039   0.0040088408  -0.0000019098   0.0023062833
       -0.0001279643  -0.0109324823  -0.0481212934  -0.0747672317  -0.0199848921
       -0.0334213322  -0.0184774553  -0.0672970108   0.0924159693   0.1643008528
        0.0145411366   0.0108050802   0.0065607888   0.0012477963   0.0012156384
        0.0032466299   0.0004977685  -0.0004073293   0.0003977734  -0.0002904121
        0.0005776006   0.0029187756   0.0378452513  -0.0042579149  -0.0193371187
       -0.0070489863   0.0007461122   0.0032302075   0.0000976679   0.0003993785
       -0.0002281482  -0.0007757390  -0.0006653866   0.0002005552  -0.0001163621
       -0.0000078503  -0.0000681584   0.0008364052  -0.0012459406   0.0010462735
       -0.0029183435  -0.0085142627  -0.0045338054   0.0011127815  -0.0000616542
        0.0005098777   0.0001327615   0.0000956553   0.0000630436   0.0008391884
        0.0028461208  -0.0029063662  -0.0015078203   0.0005526375   0.0002079134
       -0.0272452838   0.0119447607   0.0041479504   0.0004855114  -0.0000417869
        0.0005871240  -0.1917519711   0.0144170237   0.0694224028  -0.0182812115
        0.0024607505   0.0205964955  -0.0564779775  -0.0089246347   0.0145411366
        0.3495334743  -0.1180739424  -0.0954832930  -0.0006852042   0.0008682851
        0.0019242157  -0.0005525706   0.0000445076   0.0007864997  -0.0002456884
        0.0001841320  -0.0003106395   0.0006875143   0.0000752860  -0.0003017135
       -0.0025523855  -0.0000862056   0.0007981331  -0.0521595055   0.1037843187
       -0.0099599968   0.0012446344  -0.0016961168  -0.0000944507   0.0001046137
        0.0002631676  -0.0002141915   0.0002374824  -0.0001380421   0.0002196642
       -0.0033262769  -0.0037549107  -0.0012606258  -0.0007022546  -0.0001427594
       -0.0002972844  -0.0001168639  -0.0000597280  -0.0000252229   0.0016654607
       -0.0050030418   0.0041011208   0.0019267807  -0.0006951819  -0.0003744611
        0.0350635173  -0.0100375157  -0.0084646786  -0.0004577824   0.0010625077
       -0.0003802808   0.0324526747  -0.0766027030  -0.0053180733   0.0048178327
        0.0027788445  -0.0036390632  -0.0311065921   0.0049606557   0.0108050802
       -0.1180739424   0.4607661880  -0.0824440685   0.0016773596   0.0008655499
       -0.0024073423  -0.0001440938  -0.0000433623  -0.0003911509  -0.0001185831
        0.0003510736   0.0001787364  -0.0001404124  -0.0003020847  -0.0000251353
       -0.0011902875  -0.0000849777   0.0003604419   0.0795879456  -0.3743080099
        0.0896610091  -0.0019425893   0.0002391314  -0.0001454989  -0.0000126637
        0.0002687706   0.0000594574   0.0001407709  -0.0002584464   0.0000070402
        0.0000639889   0.0005428321   0.0010502171  -0.0001977325   0.0000317951
       -0.0004317179  -0.0001533127   0.0000841831   0.0000041541  -0.0013622204
        0.0014354757  -0.0012759838  -0.0003152834  -0.0000770812   0.0001590386
       -0.0067974686   0.0013505219   0.0029869898   0.0000340274   0.0001839003
       -0.0002737779   0.0690402590   0.0037697392  -0.0872451985   0.0379876296
       -0.0070599084  -0.0196085191   0.0022408596   0.0017552880   0.0065607888
       -0.0954832930  -0.0824440685   0.1229816362  -0.0031157143   0.0027876081
        0.0026913754   0.0009663762  -0.0001110519   0.0007582865  -0.0001025411
        0.0000469119   0.0003698710  -0.0006542570  -0.0001585565   0.0005234818
        0.0001579732   0.0001433873   0.0002027301  -0.0032252948   0.0799580348
       -0.0305061478   0.0009179655  -0.0022184178   0.0009343791  -0.0002952499
        0.0000184260   0.0000385890   0.0002932885  -0.0000390195   0.0000798075
        0.0004383427  -0.0002677831  -0.0003136916   0.0010419828   0.0000047167
       -0.0020262133   0.0002410060   0.0005041575   0.0003131018   0.0009132495
        0.0025209913   0.0295898850   0.0012729757  -0.0003748248  -0.0004005652
       -0.0737501360   0.0062915741   0.0001204260   0.0030656468  -0.0018151207
       -0.0189663659   0.0007468128   0.0009668536  -0.0126714011  -0.0008040060
        0.0026142973  -0.0014059530   0.0002287754  -0.0002113425   0.0012477963
       -0.0006852042   0.0016773596  -0.0031157143   0.4288703504  -0.1341970085
       -0.0666218759  -0.0073998108   0.0017368199   0.0077540728  -0.0091741374
       -0.0040538538   0.0031287831  -0.0001505036   0.0001122008   0.0000536575
       -0.0001272970   0.0001702493  -0.0000459837   0.0003418946  -0.0002611775
       -0.0006066399  -0.3475888275   0.1232100918   0.0647357848  -0.0002898297
       -0.0000356194   0.0000435976   0.0028087154   0.0014074184  -0.0008127008
        0.0004859926   0.0002615440  -0.0006845286  -0.0002170150  -0.0005293235
       -0.0020348827  -0.0000284335   0.0000517490   0.0002775673   0.0011579309
        0.0013031551  -0.0065415297  -0.0010535148  -0.0001348684   0.0002690506
        0.0052922477  -0.0523728998  -0.0163376263  -0.0008756766  -0.0001529035
       -0.0269785654   0.0018542479  -0.0010253201   0.0274811564   0.0025184931
       -0.0047375578   0.0045036505   0.0006831567   0.0038865999   0.0012156384
        0.0008682851   0.0008655499   0.0027876081  -0.1341970085   0.1028396859
        0.0426297094   0.0024358599   0.0002298182  -0.0021879721  -0.0043069979
        0.0001358719   0.0014858055   0.0002458881  -0.0000199215   0.0003602636
        0.0000508769   0.0001137568  -0.0000803557  -0.0007565095   0.0003840720
       -0.0002418573   0.1236260025  -0.0502765397  -0.0268239485  -0.0001134178
        0.0004138594   0.0002702223   0.0023295920  -0.0012363279   0.0006305943
       -0.0005631249   0.0000475650   0.0006991007  -0.0013154910  -0.0003974325
       -0.0001011706  -0.0001414276  -0.0001200258  -0.0003079681   0.0044482827
       -0.0005299250  -0.0194463801  -0.0006878667  -0.0004811591   0.0007550727
       -0.0204438124   0.0007983226  -0.2240038519  -0.0083567098  -0.0138806047
       -0.0371000884  -0.0040400321   0.0050719049  -0.0425916770  -0.0032889035
        0.0064293726  -0.0047778934   0.0025518422  -0.0006894438   0.0032466299
        0.0019242157  -0.0024073423   0.0026913754  -0.0666218759   0.0426297094
        0.3821731309   0.0057201981  -0.0016460956  -0.0048120277  -0.0002932262
       -0.0006017008   0.0009274981  -0.0002140032  -0.0002388993  -0.0000165683
       -0.0000174349   0.0000998889   0.0000491632   0.0008021975  -0.0006656744
        0.0002115693   0.0898360141  -0.0352290391  -0.0575377104  -0.0002816241
        0.0006586920   0.0003496970   0.0009827819   0.0011518869  -0.0004079013
        0.0000370107   0.0003192553  -0.0003478335   0.0019785006  -0.0040158326
       -0.0150731053   0.0012622577   0.0012111046  -0.0002602931  -0.0484921431
       -0.0068916524   0.0098222786   0.0028993338  -0.0010092883  -0.0114667598
       -0.0003174156   0.0052667147   0.0305466949   0.0021042555   0.0008486792
       -0.0002838493   0.0007330457  -0.0010779351  -0.0013971002   0.0000041671
       -0.0003818465   0.0009939367   0.0007625450   0.0004567286   0.0004977685
       -0.0005525706  -0.0001440938   0.0009663762  -0.0073998108   0.0024358599
        0.0057201981   0.0757647389   0.1085946381  -0.0125235576  -0.0019579663
       -0.0043447381  -0.0030152941  -0.0003614246  -0.0001931241   0.0001120499
       -0.0001137405   0.0001860790   0.0001920452   0.0003364765  -0.0001066175
       -0.0002487657   0.0000029510  -0.0000950345   0.0013748356  -0.0264115510
       -0.1010459098  -0.0056485262  -0.0002786601  -0.0000129866   0.0000389011
        0.0003389902   0.0002156629  -0.0003231849   0.0011974398  -0.0062554901
       -0.0289110910   0.0006712465   0.0009856031  -0.0000305515  -0.0031455881
       -0.0749115300  -0.0277772957  -0.0017445432   0.0054412727   0.0198347687
        0.0010051309   0.0009159485  -0.0076933908   0.0001787417   0.0000585482
        0.0004790068  -0.0001586992   0.0007812515   0.0001829925   0.0003008709
       -0.0002832912  -0.0003956594  -0.0005373435  -0.0005477043  -0.0004073293
        0.0000445076  -0.0000433623  -0.0001110519   0.0017368199   0.0002298182
       -0.0016460956   0.1085946381   0.4731614873   0.0895736833  -0.0051508884
       -0.0063044096  -0.0068395158  -0.0000379794  -0.0004212319  -0.0000088372
       -0.0003384162   0.0003774719   0.0000842056  -0.0001491085   0.0002216080
        0.0000684567  -0.0001775943   0.0001587874  -0.0002489120  -0.1024878131
       -0.3936032221  -0.0362836395  -0.0001404118  -0.0001772183   0.0004534410
       -0.0002735052   0.0007363758  -0.0003599617  -0.0013143758  -0.0084668567
       -0.0154450735   0.0002238948   0.0011656871   0.0004621689   0.0154401982
       -0.0044013289  -0.2238898082  -0.0029474860   0.0000870631  -0.0412256214
        0.0092900528  -0.0085284520  -0.0286026334  -0.0006649166   0.0009699571
        0.0009164012  -0.0012966701   0.0026162423  -0.0023350861   0.0002776213
       -0.0004696514   0.0006349515   0.0001271174  -0.0010186957   0.0003977734
        0.0007864997  -0.0003911509   0.0007582865   0.0077540728  -0.0021879721
       -0.0048120277  -0.0125235576   0.0895736833   0.3606075076  -0.0026115003
       -0.0050361326  -0.0038732195   0.0002235913  -0.0002581288   0.0005374497
       -0.0000103267   0.0000295246   0.0000082535  -0.0000808640  -0.0000666657
        0.0000240928   0.0001921539   0.0001893537  -0.0016114953  -0.0120547008
       -0.0651782942  -0.0430344280  -0.0005372991   0.0006354418   0.0008424698
       -0.0017698120   0.0017397799  -0.0228231281  -0.0888659784  -0.0064682208
       -0.0234083289   0.0051068457   0.0025222778   0.0279849909  -0.0026829987
       -0.0032135428  -0.0219048758   0.0003897060   0.0009326315   0.0002852263
        0.0006250424   0.0006968968   0.0012750309   0.0001438144  -0.0002577109
       -0.0003624465   0.0006443124   0.0004136519   0.0008887223   0.0001501782
        0.0000121033  -0.0000960963   0.0005560040  -0.0010922890  -0.0002904121
       -0.0002456884  -0.0001185831  -0.0001025411  -0.0091741374  -0.0043069979
       -0.0002932262  -0.0019579663  -0.0051508884  -0.0026115003   0.4184190065
        0.0443336942  -0.0902658615  -0.0015680738   0.0033228788  -0.0029150521
        0.0000978742  -0.0012481532   0.0007936593   0.0001395680   0.0001055715
       -0.0000434809  -0.0000715437  -0.0007429129  -0.0004859728  -0.0003177009
       -0.0000809044  -0.0010068838  -0.3196184521  -0.0313992822   0.1353821769
        0.0068157818   0.0027213285   0.0260554159  -0.0073095403  -0.0482381230
       -0.0133783904  -0.0002698644   0.0011689932  -0.0023218683  -0.0074505232
       -0.0034716459  -0.0276703630   0.0008786455   0.0025988972  -0.0001091674
        0.0005617729  -0.0000667783   0.0006191020   0.0000442450  -0.0000975988
       -0.0001105109  -0.0006369959  -0.0011347798  -0.0002047091  -0.0000035163
        0.0000075219   0.0002082184  -0.0011067565   0.0011604121   0.0005776006
        0.0001841320   0.0003510736   0.0000469119  -0.0040538538   0.0001358719
       -0.0006017008  -0.0043447381  -0.0063044096  -0.0050361326   0.0443336942
        0.0612289941   0.0092080450   0.0030779355  -0.0038757939   0.0038479080
       -0.0006469159   0.0027184677  -0.0006294775  -0.0001719535   0.0000432640
       -0.0001437560  -0.0004046923  -0.0005517376  -0.0001342162  -0.0002882263
       -0.0000025287  -0.0010632468  -0.0292086304  -0.0083914287   0.0108403371
       -0.0102259613   0.0059659266  -0.0359388049  -0.0527042332  -0.0197464452
       -0.2142489077   0.0036923703  -0.0029135901  -0.0315495666  -0.0096610681
       -0.0071806652  -0.0243413843   0.0010227114   0.0004842859   0.0005960949
        0.0012496014   0.0002696724  -0.0003129023  -0.0005634757  -0.0002288083
       -0.0003555684   0.0014464944   0.0002909189   0.0002314261   0.0003621919
        0.0000040422  -0.0001359082  -0.0031763459  -0.0013085447   0.0029187756
       -0.0003106395   0.0001787364   0.0003698710   0.0031287831   0.0014858055
        0.0009274981  -0.0030152941  -0.0068395158  -0.0038732195  -0.0902658615
        0.0092080450   0.4285091892  -0.0032622047   0.0060561726  -0.0037920862
        0.0007805402  -0.0012892974   0.0008192498   0.0001288848  -0.0001090807
       -0.0000176420   0.0000732770   0.0002967662   0.0001741669  -0.0008585053
       -0.0002581847  -0.0012311239   0.1621587350   0.0156337604  -0.1187491575
       -0.0391589846  -0.0029626363  -0.0105005873  -0.0001242437   0.0000724298
       -0.0114205018  -0.0002411070   0.0002129685  -0.0010314091   0.0003263261
       -0.0004029164   0.0000263362  -0.0001389535  -0.0000262415   0.0000154310
       -0.0001222455  -0.0002412701  -0.0003525036  -0.0000581954   0.0000742607
        0.0000056635   0.0010855652   0.0021306088   0.0042673188   0.0002198740
        0.0000655374  -0.0014030760  -0.0176026482   0.0021849508   0.0378452513
        0.0006875143  -0.0001404124  -0.0006542570  -0.0001505036   0.0002458881
       -0.0002140032  -0.0003614246  -0.0000379794   0.0002235913  -0.0015680738
        0.0030779355  -0.0032622047   0.0568269143  -0.0022864265  -0.0002190715
        0.0001683413  -0.0018003188  -0.0134267769   0.0001075877  -0.0000318892
        0.0000537494   0.0000734174  -0.0000508325  -0.0000020718   0.0000954715
       -0.0001109439  -0.0000073602  -0.0000646318   0.0000272874   0.0000564819
       -0.0026216814  -0.0446781268  -0.0152695613   0.0018091872   0.0001894732
        0.0210412307  -0.0001919442   0.0005250232   0.0004348263   0.0001139292
        0.0003725592   0.0006772764   0.0000441581   0.0001439826  -0.0001346644
       -0.0001237001  -0.0001398219   0.0000001146   0.0000162113  -0.0000406137
        0.0000181127  -0.0000911170   0.0012240444   0.0026733715   0.0002104876
        0.0003067599  -0.0002112664   0.0023203585   0.0014454384  -0.0042579149
        0.0000752860  -0.0003020847  -0.0001585565   0.0001122008  -0.0000199215
       -0.0002388993  -0.0001931241  -0.0004212319  -0.0002581288   0.0033228788
       -0.0038757939   0.0060561726  -0.0022864265   0.0480147452   0.0159772917
       -0.0027820605  -0.0028008097  -0.0260773343   0.0000281460   0.0000684104
       -0.0000906388  -0.0000864356   0.0000099895   0.0000011466   0.0001302008
        0.0000964243  -0.0001146168   0.0001934451  -0.0001184464  -0.0000679618
       -0.0128738236  -0.0124396237  -0.2511456030  -0.0021137155   0.0004371836
       -0.0154621477  -0.0000108022  -0.0003146857   0.0002521794   0.0002020908
       -0.0002759419  -0.0004868565  -0.0000617863  -0.0002482081  -0.0000480583
       -0.0000398862  -0.0000182799  -0.0004181562  -0.0000046899   0.0000075003
        0.0000504311  -0.0011429055  -0.0008752234   0.0014918258   0.0011571941
        0.0010332741   0.0001559562   0.0210335126  -0.0037398495  -0.0193371187
       -0.0003017135  -0.0000251353   0.0005234818   0.0000536575   0.0003602636
       -0.0000165683   0.0001120499  -0.0000088372   0.0005374497  -0.0029150521
        0.0038479080  -0.0037920862  -0.0002190715   0.0159772917   0.2995960437
       -0.0021389581  -0.0029077430  -0.0124584539  -0.0002548851   0.0000671399
       -0.0001114509  -0.0001575863  -0.0001784782   0.0001371526  -0.0000938046
       -0.0005352369   0.0000751767  -0.0002298245  -0.0001633184   0.0004568029
       -0.0831755077  -0.0864995245  -0.0324135363   0.0059071230   0.0098088867
        0.0027592521   0.0001101428   0.0002524380   0.0001003030  -0.0007215438
        0.0022079471  -0.0014726443   0.0002828460   0.0007188188   0.0001088143
       -0.0001592344   0.0002062699  -0.0001536148  -0.0000120417   0.0000614998
        0.0000047547  -0.0042387341   0.0007353314   0.0024583332   0.0001015727
        0.0002805320   0.0003140404  -0.0266547704  -0.0276584121  -0.0070489863
       -0.0025523855  -0.0011902875   0.0001579732  -0.0001272970   0.0000508769
       -0.0000174349  -0.0001137405  -0.0003384162  -0.0000103267   0.0000978742
       -0.0006469159   0.0007805402   0.0001683413  -0.0027820605  -0.0021389581
        0.1109030286   0.1050168705   0.0365017663   0.0000611127  -0.0001410585
        0.0000182998   0.0000933070  -0.0000102744  -0.0000364813   0.0000284340
        0.0000799085   0.0000078325   0.0000014726  -0.0001524298   0.0000800731
       -0.0906148860  -0.2085981291  -0.0627286884  -0.0093689678  -0.0260868925
       -0.0064069597  -0.0001448492   0.0000453327  -0.0002218720   0.0030681429
       -0.0041593765   0.0023367717  -0.0007199875  -0.0013668736  -0.0001945297
        0.0003754346   0.0004661385  -0.0001342487   0.0001472369   0.0001420628
       -0.0000163827  -0.0001776073   0.0009547015   0.0001298407   0.0002111702
        0.0001177878   0.0002822233  -0.0050484329  -0.0003876368   0.0007461122
       -0.0000862056  -0.0000849777   0.0001433873   0.0001702493   0.0001137568
        0.0000998889   0.0001860790   0.0003774719   0.0000295246  -0.0012481532
        0.0027184677  -0.0012892974  -0.0018003188  -0.0028008097  -0.0029077430
        0.1050168705   0.2388369663   0.0701554447   0.0000794437  -0.0000019886
       -0.0000682307  -0.0000648712  -0.0000040483  -0.0000871661  -0.0000998336
        0.0001150292   0.0000751497   0.0001194857  -0.0003969824   0.0000567754
       -0.0361838553  -0.0650969240  -0.0666899962   0.0038174964   0.0097339216
        0.0034837571   0.0001856867  -0.0002258256  -0.0000665447  -0.0008888175
        0.0018548601  -0.0007811993   0.0002867910   0.0005592340   0.0000577120
       -0.0001047943  -0.0000777280   0.0000808289   0.0000092955   0.0000244178
       -0.0000279323   0.0010217493  -0.0004143405   0.0001979630   0.0002851114
        0.0002170267   0.0001973422   0.0068442767   0.0093571903   0.0032302075
        0.0007981331   0.0003604419   0.0002027301  -0.0000459837  -0.0000803557
        0.0000491632   0.0001920452   0.0000842056   0.0000082535   0.0007936593
       -0.0006294775   0.0008192498  -0.0134267769  -0.0260773343  -0.0124584539
        0.0365017663   0.0701554447   0.0717195410  -0.0000096984  -0.0000208199
       -0.0000326374   0.0000297605   0.0000083314  -0.0000170100  -0.0000517788
       -0.0001549069   0.0001260228  -0.0000540662   0.0004226383  -0.0000989974
       -0.0004206686   0.0000465821   0.0000392986   0.0001242342  -0.0000819556
       -0.0000551492   0.0001338781  -0.0000226876  -0.0000083138  -0.0007132074
        0.0013191848  -0.0007535872  -0.0003686166   0.0000032876   0.0001369171
       -0.0051642606   0.0016652583   0.0021634283   0.0000128608  -0.0002463653
        0.0000156977  -0.0177970026   0.0311827154  -0.0046711256   0.0005822525
        0.0005098376  -0.0002503432   0.0025698230   0.0010261343   0.0000976679
       -0.0521595055   0.0795879456  -0.0032252948   0.0003418946  -0.0007565095
        0.0008021975   0.0003364765  -0.0001491085  -0.0000808640   0.0001395680
       -0.0001719535   0.0001288848   0.0001075877   0.0000281460  -0.0002548851
        0.0000611127   0.0000794437  -0.0000096984   0.0721405573  -0.1142969098
        0.0062821399   0.0002443382   0.0002275482  -0.0003043208  -0.0000539091
       -0.0000731184   0.0000161968  -0.0001174134   0.0001225246  -0.0000688465
       -0.0000579899  -0.0003723551  -0.0000278454   0.0000203096  -0.0000200263
        0.0001655807  -0.0000182846   0.0000946221   0.0000012061   0.0002189067
       -0.0005238256   0.0002526739   0.0001762708   0.0000571530  -0.0001113416
        0.0014629127  -0.0008584262  -0.0000371907   0.0001518046   0.0006586853
        0.0001759327   0.0079645888  -0.0040592175  -0.0036867914   0.0000758114
        0.0003152182   0.0003415988   0.0008396073   0.0021172288   0.0003993785
        0.1037843187  -0.3743080099   0.0799580348  -0.0002611775   0.0003840720
       -0.0006656744  -0.0001066175   0.0002216080  -0.0000666657   0.0001055715
        0.0000432640  -0.0001090807  -0.0000318892   0.0000684104   0.0000671399
       -0.0001410585  -0.0000019886  -0.0000208199  -0.1142969098   0.3767344269
       -0.0762555758   0.0002792362  -0.0004402381  -0.0004333996  -0.0000448774
       -0.0000257613   0.0000916553  -0.0001205337  -0.0000848403  -0.0000388157
       -0.0001359348  -0.0001738334   0.0002498212   0.0000152607   0.0001159218
       -0.0000066578   0.0000366259  -0.0000600428   0.0000167592   0.0003638864
       -0.0002923301   0.0001658059   0.0000020749  -0.0000035830  -0.0000072941
        0.0003063050   0.0013311079  -0.0001287966  -0.0000727545  -0.0002121328
       -0.0000781329   0.0013440247  -0.0149856415   0.0017182345   0.0014193588
       -0.0011438850   0.0008251474   0.0005472514   0.0020482544  -0.0002281482
       -0.0099599968   0.0896610091  -0.0305061478  -0.0006066399  -0.0002418573
        0.0002115693  -0.0002487657   0.0000684567   0.0000240928  -0.0000434809
       -0.0001437560  -0.0000176420   0.0000537494  -0.0000906388  -0.0001114509
        0.0000182998  -0.0000682307  -0.0000326374   0.0062821399  -0.0762555758
        0.0275822840   0.0005565576   0.0003618530   0.0003929220   0.0000705307
       -0.0000622886  -0.0000201499   0.0000515074   0.0001471927  -0.0000495788
       -0.0007017945   0.0000188265   0.0005519558   0.0000123941   0.0002184959
       -0.0004036581   0.0001444022  -0.0000771204   0.0000215376  -0.0008656646
        0.0012661429   0.0016261504   0.0005515511  -0.0006118366   0.0000395009
        0.0019790996  -0.0005440245   0.0079388546   0.0009194969  -0.0004321686
       -0.0005518661  -0.0000228221   0.0002461301  -0.0002447979  -0.0001564695
        0.0001519391  -0.0000161281   0.0001640302   0.0002591173  -0.0007757390
        0.0012446344  -0.0019425893   0.0009179655  -0.3475888275   0.1236260025
        0.0898360141   0.0000029510  -0.0001775943   0.0001921539  -0.0000715437
       -0.0004046923   0.0000732770   0.0000734174  -0.0000864356  -0.0001575863
        0.0000933070  -0.0000648712   0.0000297605   0.0002443382   0.0002792362
        0.0005565576   0.3451082842  -0.1221670639  -0.1000396706  -0.0000605909
       -0.0000328529  -0.0001280905  -0.0010701934   0.0004753590   0.0005338087
       -0.0001275480  -0.0002194771   0.0002195425   0.0001476414   0.0000632750
        0.0002660371   0.0000635111  -0.0000037844   0.0000090685  -0.0001741737
        0.0002797559  -0.0000472206  -0.0000550928   0.0001884111  -0.0000235906
        0.0004344361  -0.0024711117  -0.0030345414   0.0011815657   0.0005372808
       -0.0009264293  -0.0008651314   0.0016453942   0.0020023150   0.0000315240
        0.0001497791  -0.0005679564   0.0000847445   0.0001480709  -0.0006653866
       -0.0016961168   0.0002391314  -0.0022184178   0.1232100918  -0.0502765397
       -0.0352290391  -0.0000950345   0.0001587874   0.0001893537  -0.0007429129
       -0.0005517376   0.0002967662  -0.0000508325   0.0000099895  -0.0001784782
       -0.0000102744  -0.0000040483   0.0000083314   0.0002275482  -0.0004402381
        0.0003618530  -0.1221670639   0.0497191867   0.0399016609   0.0000255051
       -0.0001126368  -0.0000096371   0.0005776131   0.0009405116  -0.0003542312
        0.0002240891   0.0001759931  -0.0002207500  -0.0000143762   0.0001443713
       -0.0001021584  -0.0001080361  -0.0000003769   0.0000176703  -0.0004534331
       -0.0008605755  -0.0043800387  -0.0001639033   0.0000764841   0.0000110748
        0.0321178977  -0.0115148784  -0.0179677695   0.0007110741  -0.0003104913
       -0.0000775046   0.0017456791   0.0002135462  -0.0016313600   0.0001253013
       -0.0003561231   0.0005559181  -0.0000245418  -0.0000828929   0.0002005552
       -0.0000944507  -0.0001454989   0.0009343791   0.0647357848  -0.0268239485
       -0.0575377104   0.0013748356  -0.0002489120  -0.0016114953  -0.0004859728
       -0.0001342162   0.0001741669  -0.0000020718   0.0000011466   0.0001371526
       -0.0000364813  -0.0000871661  -0.0000170100  -0.0003043208  -0.0004333996
        0.0003929220  -0.1000396706   0.0399016609   0.0805670172   0.0001568750
       -0.0000016452  -0.0000441991   0.0005357219   0.0004869224   0.0005991395
       -0.0001955613   0.0001036622   0.0001547211   0.0001825356  -0.0008180539
       -0.0014211939  -0.0000281989  -0.0002031741  -0.0001546509  -0.0028891571
        0.0033188578  -0.0022345529   0.0011412636  -0.0016817785  -0.0000756890
        0.0012510401   0.0010283645   0.0009226486  -0.0003808517  -0.0003125792
        0.0003599018  -0.0003017764   0.0002286129   0.0003924147  -0.0001289995
        0.0004514236  -0.0001037871   0.0000108506  -0.0000059591  -0.0001163621
        0.0001046137  -0.0000126637  -0.0002952499  -0.0002898297  -0.0001134178
       -0.0002816241  -0.0264115510  -0.1024878131  -0.0120547008  -0.0003177009
       -0.0002882263  -0.0008585053   0.0000954715   0.0001302008  -0.0000938046
        0.0000284340  -0.0000998336  -0.0000517788  -0.0000539091  -0.0000448774
        0.0000705307  -0.0000605909   0.0000255051   0.0001568750   0.0283174057
        0.1008524771   0.0155459549  -0.0000734884  -0.0000707272   0.0001388527
       -0.0002962818   0.0000483336   0.0006481839  -0.0007869445  -0.0001951685
       -0.0016863983   0.0005895728   0.0000575529  -0.0001798501  -0.0005689182
       -0.0045277716  -0.0056876119   0.0002983142   0.0025138417   0.0005303953
        0.0002657804   0.0001830979  -0.0005464866   0.0003786840   0.0003182156
       -0.0003632628  -0.0002771839  -0.0009735537   0.0001438644   0.0000909364
       -0.0003375234  -0.0000559143   0.0005769280   0.0004735621  -0.0000078503
        0.0002631676   0.0002687706   0.0000184260  -0.0000356194   0.0004138594
        0.0006586920  -0.1010459098  -0.3936032221  -0.0651782942  -0.0000809044
       -0.0000025287  -0.0002581847  -0.0001109439   0.0000964243  -0.0005352369
        0.0000799085   0.0001150292  -0.0001549069  -0.0000731184  -0.0000257613
       -0.0000622886  -0.0000328529  -0.0001126368  -0.0000016452   0.1008524771
        0.3954352939   0.0726347812  -0.0000870917  -0.0001458150   0.0000835881
        0.0000035320  -0.0001342700   0.0001000056   0.0008406715  -0.0007893784
       -0.0042843391   0.0000938191   0.0001250771  -0.0000737378  -0.0097778872
       -0.0324312629  -0.0126438168  -0.0003865542  -0.0018837822   0.0002101118
       -0.0000497400  -0.0003682309  -0.0005011907   0.0005464386  -0.0001536501
       -0.0000871631   0.0003497945  -0.0003119770   0.0002644518   0.0000355277
        0.0001688239   0.0001934115  -0.0002175429   0.0002508690  -0.0000681584
       -0.0002141915   0.0000594574   0.0000385890   0.0000435976   0.0002702223
        0.0003496970  -0.0056485262  -0.0362836395  -0.0430344280  -0.0010068838
       -0.0010632468  -0.0012311239  -0.0000073602  -0.0001146168   0.0000751767
        0.0000078325   0.0000751497   0.0001260228   0.0000161968   0.0000916553
       -0.0000201499  -0.0001280905  -0.0000096371  -0.0000441991   0.0155459549
        0.0726347812   0.0606530571  -0.0000465886  -0.0001323441  -0.0000222165
        0.0001245490  -0.0000237560  -0.0004319134   0.0093043007   0.0014802323
        0.0031348598   0.0012195322   0.0000640034  -0.0009381961   0.0012857048
       -0.0004356864  -0.0000625901   0.0000896938   0.0002137558   0.0000463341
        0.0003857715  -0.0005200866  -0.0021527668   0.0000819577   0.0003261579
        0.0004098904  -0.0002803849  -0.0002530866  -0.0007070501   0.0000174062
       -0.0000659661   0.0001116595   0.0011103096  -0.0005045914   0.0008364052
        0.0002374824   0.0001407709   0.0002932885   0.0028087154   0.0023295920
        0.0009827819  -0.0002786601  -0.0001404118  -0.0005372991  -0.3196184521
       -0.0292086304   0.1621587350  -0.0000646318   0.0001934451  -0.0002298245
        0.0000014726   0.0001194857  -0.0000540662  -0.0001174134  -0.0001205337
        0.0000515074  -0.0010701934   0.0005776131   0.0005357219  -0.0000734884
       -0.0000870917  -0.0000465886   0.3048363282   0.0259147843  -0.1634008890
       -0.0011228845   0.0007735204   0.0007838331   0.0025308769  -0.0027364414
       -0.0023892890   0.0005413931   0.0010921627  -0.0022928618   0.0016758520
        0.0015509536  -0.0008516457   0.0002222026  -0.0007549272  -0.0005777471
       -0.0000228058   0.0002627867  -0.0017738649   0.0000382890   0.0000969037
        0.0001862470   0.0004856657   0.0006474108   0.0004356336  -0.0000052345
       -0.0001611460  -0.0001125213  -0.0005172603   0.0004108175  -0.0012459406
       -0.0001380421  -0.0002584464  -0.0000390195   0.0014074184  -0.0012363279
        0.0011518869  -0.0000129866  -0.0001772183   0.0006354418  -0.0313992822
       -0.0083914287   0.0156337604   0.0000272874  -0.0001184464  -0.0001633184
       -0.0001524298  -0.0003969824   0.0004226383   0.0001225246  -0.0000848403
        0.0001471927   0.0004753590   0.0009405116   0.0004869224  -0.0000707272
       -0.0001458150  -0.0001323441   0.0259147843   0.0086869527  -0.0103050039
        0.0004767916   0.0004302243  -0.0003888125   0.0288173226   0.0004840219
       -0.0280640892  -0.0006168297  -0.0004851634  -0.0056495416   0.0005975071
       -0.0005185928  -0.0000626610   0.0000758213  -0.0003191353   0.0000554010
       -0.0011220130  -0.0007681959  -0.0015775763   0.0001609540   0.0001182058
       -0.0000438486  -0.0009024953   0.0000545931  -0.0010367458   0.0000360319
        0.0000564723   0.0001885598   0.0003093872  -0.0003581937   0.0010462735
        0.0002196642   0.0000070402   0.0000798075  -0.0008127008   0.0006305943
       -0.0004079013   0.0000389011   0.0004534410   0.0008424698   0.1353821769
        0.0108403371  -0.1187491575   0.0000564819  -0.0000679618   0.0004568029
        0.0000800731   0.0000567754  -0.0000989974  -0.0000688465  -0.0000388157
       -0.0000495788   0.0005338087  -0.0003542312   0.0005991395   0.0001388527
        0.0000835881  -0.0000222165  -0.1634008890  -0.0103050039   0.1528826724
