           1           2  0.976165735424659     
           2           3  0.959067895365325     
           2           4  0.965890551761964     
           4           5  0.960216124132260     
           4           6  0.965010031165201     
           6           7  0.956492266317759     
           6           8  0.956721362706512     
           8           9  0.943889574516231     
           1          10  0.970041682556307     
           8          10  0.961979397393437     
           8          11   1.01425515674037     
           6          12   1.00157100391848     
           4          13  0.999803703966534     
           2          14   1.00728065842588     
           1          15  0.965635641732556     
           1          16  0.966299103723746     
          11          17  0.826772714285018     
          12          18  0.841063351083853     
          13          19  0.843231879894651     
          14          20  0.843367582545654     
