   -0.12379457
    0.07568121
   -0.26595465
    0.37756615
   -0.45889889
   -0.26173172
    0.07819181
   -0.12935243
   -0.14533595
    0.03759765
   -0.15500264
    0.36294620
   -0.44797888
   -0.25449385
    0.08460479
   -0.12318975
   -0.25888964
    0.08200192
   -0.13428932
    0.08715001
    0.06752217
    0.04619889
    0.06674290
    0.09215063
    0.08817098
    0.06351378
    0.08778714
    0.05929302
    0.06922958
    0.10755577
    0.10357086
    0.07392180
    0.06569835
    0.07352235
    0.08745520
    0.05794060
    0.06133463
    0.06864791
    0.08615795
    0.07655175
    0.07020625
