           1           2   1.02016020513299     
           2           3  0.881457558881094     
           3           4   1.32940239946848     
           4           5   1.51507007703627     
           4           6   1.32564700695032     
           6           7  0.877094450072103     
           7           8   1.02281475370762     
           4           9  0.993379078151081     
           5           9  0.136083597509235     
           9          10  0.988701023297861     
          10          11  0.982436357852002     
          11          12  0.974467795325955     
          11          13  0.128581829183607     
          12          13   1.55063263563866     
          12          14   1.29333451850554     
          14          15  0.879936211484238     
          15          16   1.02266745893086     
          12          17   1.33039207128174     
          17          18  0.867697602784894     
          18          19   1.01910149261192     
           1          20  0.983371846993541     
           1          21  0.976118615274857     
           1          22  0.979852326222692     
           2          23  0.966410596050298     
           2          24  0.968874467212539     
           7          25  0.967001401187076     
           7          26  0.966983036643623     
           8          27  0.982580435980549     
           8          28  0.974414969008799     
           8          29  0.975660642562072     
          10          30  0.955637700364887     
          10          31  0.948588471087958     
          15          32  0.964486470865272     
          15          33  0.965685174809019     
          16          34  0.976014629930456     
          16          35  0.976326933215927     
          16          36  0.982530340814552     
          18          37  0.970894371547869     
          18          38  0.967264397140712     
          19          39  0.983011853226987     
          19          40  0.982545099840755     
          19          41  0.974108556348585     
