   -0.13081038
    0.07514210
   -0.27678103
    0.36815013
   -0.45510781
   -0.26597567
    0.07725463
   -0.13571888
   -0.15014421
    0.03250690
   -0.14539134
    0.37518364
   -0.45970920
   -0.26994472
    0.07782021
   -0.12653530
   -0.25945456
    0.07315574
   -0.13097823
    0.05914909
    0.06837646
    0.08737853
    0.08681947
    0.06981179
    0.08139259
    0.06366199
    0.06755577
    0.07564712
    0.08850554
    0.12349514
    0.11129147
    0.08551521
    0.07279748
    0.06502672
    0.06700629
    0.08501160
    0.06689149
    0.09333221
    0.05974024
    0.08360962
    0.06532214
