           1           2   1.01828582901117     
           2           3  0.881404227936251     
           3           4   1.32654980528150     
           4           5   1.51071060195806     
           4           6   1.31954233835859     
           6           7  0.874460068831886     
           7           8   1.01902268033855     
           4           9   1.03145543019794     
           5           9  0.133686137093847     
           9          10  0.969291581157754     
          10          11  0.999561539588772     
          11          12  0.962596408166386     
          11          13  0.133029337529676     
          12          13   1.53707936319399     
          12          14   1.34376050041372     
          14          15  0.861008156984001     
          15          16   1.02260904666152     
          12          17   1.31888678597434     
          17          18  0.884662730452684     
          18          19   1.02242866843565     
           1          20  0.975180789738639     
           1          21  0.984214091774987     
           1          22  0.982094148489218     
           2          23  0.971269988906649     
           2          24  0.966442062353180     
           7          25  0.971979869303562     
           7          26  0.968818013188126     
           8          27  0.982259847467042     
           8          28  0.974849699027703     
           8          29  0.982139615136385     
          10          30  0.958274363719318     
          10          31  0.948016036098835     
          15          32  0.966674421378015     
          15          33  0.967857138245835     
          16          34  0.983086153812487     
          16          35  0.973789513115242     
          16          36  0.980961764858858     
          18          37  0.963407496106841     
          18          38  0.969863565337066     
          19          39  0.981437810474179     
          19          40  0.975516239014885     
          19          41  0.977995822907607     
