           1           2   1.02320757692974     
           2           3  0.876937448598593     
           3           4   1.33293939218333     
           4           5   1.50279324327065     
           4           6   1.32780916667860     
           6           7  0.883276976958580     
           7           8   1.01810571015197     
           4           9   1.00384517655461     
           5           9  0.135394816453179     
           9          10  0.989201572961086     
          10          11  0.980477752490497     
          11          12  0.962841225227289     
          11          13  0.138130047857501     
          12          13   1.52462621071687     
          12          14   1.35081266778122     
          14          15  0.881028747217508     
          15          16   1.02025429731080     
          12          17   1.34900809473342     
          17          18  0.864324112428157     
          18          19   1.02162780870352     
           1          20  0.975751066115001     
           1          21  0.974310419702875     
           1          22  0.981477940164702     
           2          23  0.965366656734775     
           2          24  0.966372338787180     
           7          25  0.965349542132198     
           7          26  0.972107657545244     
           8          27  0.975555773044905     
           8          28  0.982227201100216     
           8          29  0.983630400741760     
          10          30  0.958571414702678     
          10          31  0.947538056649371     
          15          32  0.966965999983627     
          15          33  0.966144995171790     
          16          34  0.975721871972081     
          16          35  0.981905686531768     
          16          36  0.978968946379780     
          18          37  0.966967504785578     
          18          38  0.963425794306694     
          19          39  0.980871156621033     
          19          40  0.983351445068662     
          19          41  0.974415752166065     
