           1           2   1.02484050929128     
           2           3   1.38547837999546     
           3           4   1.46155771806027     
           4           5   1.42052880032425     
           5           6   1.39666029249673     
           2           7   1.41649854902810     
           4           7  0.101625936525721     
           6           7   1.32545931494008     
           7           8   1.02688595798340     
           6           9   1.06573078816492     
           1          10  0.972060173133960     
           1          11  0.976574965097441     
           1          12  0.972069510794132     
           3          13  0.969927997962070     
           4          14  0.970935048701989     
           5          15  0.966085853347782     
           8          16  0.970752129095444     
           8          17  0.976878185556594     
           8          18  0.970229805313521     
           9          19  0.848273325055729     
