           1           2   1.01333831095185     
           2           3  0.905538013562090     
           3           4   1.17385512836789     
           3           5  0.173698286641706     
           4           5   1.70418205274401     
           4           6  0.976447149078348     
           6           7  0.999343586239325     
           7           8  0.927657924839026     
           7           9  0.956269770564373     
           9          10   1.69896858868882     
           9          11   1.18564714245777     
          10          11  0.172619559160321     
          11          12  0.898188650385144     
          12          13   1.01511994420681     
           7          14  0.956043169685567     
          14          15  0.969346119029167     
          14          16  0.134995424946489     
          15          16   1.52890050601813     
          15          17   1.28701917267006     
          17          18  0.914531903157643     
          15          19   1.32767667135183     
          19          20  0.890496902818072     
           1          21  0.978298496850172     
           1          22  0.983818350895663     
           1          23  0.985057579098916     
           2          24  0.969751408087592     
           2          25  0.969382421860873     
           6          26  0.943833287037201     
           6          27  0.934884242190243     
          12          28  0.966904930229647     
          12          29  0.968702229998939     
          13          30  0.977677926734585     
          13          31  0.985724719639858     
          13          32  0.982860331043827     
          18          33  0.976418790982770     
          18          34  0.972146584577441     
          18          35  0.975942213127469     
          20          36  0.977322046241150     
          20          37  0.971257927148419     
          20          38  0.973891286291519     
