           1           2  0.997557948336707     
           2           3  0.922032610565284     
           3           4   1.00334047439351     
           3           5  0.158023729634094     
           4           5   1.45915975869860     
           3           6  0.147538416815715     
           4           6   1.46482702418600     
           5           6  0.296092819414903     
           1           7  0.997565364027183     
           7           8  0.922030450374515     
           8           9   1.00331919824941     
           8          10  0.158020587153798     
           9          10   1.45915844790309     
           8          11  0.147541482509488     
           9          11   1.46484448592489     
          10          11  0.296098579752898     
           1          12  0.966230847240687     
           1          13  0.966227761483370     
           2          14  0.958748798494984     
           2          15  0.958751505457271     
           7          16  0.958751581098137     
           7          17  0.958749291123345     
