   -0.12511822
    0.07657515
   -0.26981996
    0.38405763
   -0.46611764
   -0.25557721
    0.08737870
   -0.12554907
   -0.14016833
    0.03689443
   -0.13971574
    0.37515309
   -0.46888282
   -0.25710249
    0.08244061
   -0.13508862
   -0.24989532
    0.08631417
   -0.12443892
    0.05124405
    0.07354386
    0.08498756
    0.09254529
    0.06333586
    0.06566042
    0.05930989
    0.07433978
    0.08389339
    0.06184439
    0.10391333
    0.10145652
    0.06486363
    0.06029062
    0.07164121
    0.07829178
    0.08536090
    0.07067924
    0.05939731
    0.06050622
    0.07650390
    0.08505136
