   -0.12978874
    0.07642037
   -0.26174039
    0.37066088
   -0.46258273
   -0.26902585
    0.08738289
   -0.12452382
   -0.13205070
    0.02871264
   -0.14624772
    0.37802673
   -0.45793609
   -0.26923172
    0.07635707
   -0.12647500
   -0.27027453
    0.07516827
   -0.13354424
    0.06910887
    0.05754968
    0.08695198
    0.06544370
    0.09158079
    0.06099387
    0.07696714
    0.08369564
    0.06890026
    0.05522982
    0.12229979
    0.11495712
    0.09232042
    0.06218487
    0.07069390
    0.08320121
    0.05265853
    0.06955005
    0.08588174
    0.08746766
    0.07124455
    0.06181105
