           1           2   1.02214713591242     
           2           3  0.882167517422260     
           3           4   1.32931881197135     
           4           5   1.52075081285738     
           4           6   1.31918733791422     
           6           7  0.879903741239505     
           7           8   1.02202396430369     
           4           9  0.992367686694979     
           5           9  0.132267957164080     
           9          10  0.987877387090679     
          10          11  0.980821162797435     
          11          12  0.980919623769353     
          11          13  0.122885028301311     
          12          13   1.55471242010213     
          12          14   1.29149764294153     
          14          15  0.879650941949937     
          15          16   1.02269578358137     
          12          17   1.33095950275494     
          17          18  0.867032196819794     
          18          19   1.02196294623912     
           1          20  0.982514100445896     
           1          21  0.978033442325166     
           1          22  0.975508710000793     
           2          23  0.967632167196131     
           2          24  0.964497390178212     
           7          25  0.966097737824635     
           7          26  0.967530674133841     
           8          27  0.975808243210061     
           8          28  0.982964304078736     
           8          29  0.978599518866833     
          10          30  0.955209659172254     
          10          31  0.948745777545241     
          15          32  0.964464087766459     
          15          33  0.966332299654722     
          16          34  0.982839548665125     
          16          35  0.975628776194712     
          16          36  0.977832339761976     
          18          37  0.966636291660656     
          18          38  0.967393499068321     
          19          39  0.974105248865784     
          19          40  0.982808056082132     
          19          41  0.981547613933487     
