           1           2   1.01909947372364     
           2           3  0.885156704252435     
           3           4   1.31939630046994     
           4           5   1.52792130292562     
           4           6   1.36364665536972     
           6           7  0.860197430104267     
           7           8   1.02214752430637     
           4           9  0.947708515905463     
           5           9  0.133690735955160     
           9          10  0.998436680759086     
          10          11  0.968890423186436     
          11          12   1.00350997173074     
          11          13  0.124529448671927     
          12          13   1.55740742740042     
          12          14   1.32212559729149     
          14          15  0.866899342457235     
          15          16   1.02099754526108     
          12          17   1.27314753504904     
          17          18  0.887557605960169     
          18          19   1.02141531081415     
           1          20  0.975919020944466     
           1          21  0.981630518034399     
           1          22  0.977758988843438     
           2          23  0.965678447138368     
           2          24  0.966560204823158     
           7          25  0.966265459991435     
           7          26  0.961670739510987     
           8          27  0.982762639003381     
           8          28  0.973806713698820     
           8          29  0.979774993690693     
          10          30  0.947718107253702     
          10          31  0.960975571292601     
          15          32  0.967104396044317     
          15          33  0.966708450722293     
          16          34  0.973900963780161     
          16          35  0.978230429988089     
          16          36  0.982699481850562     
          18          37  0.967369965779909     
          18          38  0.965523912261816     
          19          39  0.976968803448717     
          19          40  0.982111359401429     
          19          41  0.975092646522337     
