           1           2   1.02364094056293     
           2           3  0.881428626765669     
           3           4   1.33107114000321     
           4           5   1.53928861973846     
           4           6   1.35197051685993     
           6           7  0.866413144057022     
           7           8   1.02044633968077     
           4           9  0.948969583510525     
           5           9  0.138075606135446     
           9          10  0.988240343933870     
          10          11  0.987608019319640     
          11          12  0.983444696626642     
          11          13  0.133253762804786     
          12          13   1.51027036413238     
          12          14   1.32199492339695     
          14          15  0.889030808655811     
          15          16   1.02268768047910     
          12          17   1.32132996353857     
          17          18  0.876199583860198     
          18          19   1.02340029583817     
           1          20  0.981959348168089     
           1          21  0.975447840008510     
           1          22  0.974123320625780     
           2          23  0.962653282768888     
           2          24  0.967474978997006     
           7          25  0.964518498874039     
           7          26  0.970179340838024     
           8          27  0.982147608942199     
           8          28  0.981484230527089     
           8          29  0.974287971581195     
          10          30  0.952981534463831     
          10          31  0.952187181165156     
          15          32  0.967716112955860     
          15          33  0.964339642160670     
          16          34  0.975323616607169     
          16          35  0.976171216228118     
          16          36  0.982077368165114     
          18          37  0.967172820737922     
          18          38  0.964823701648333     
          19          39  0.975510745122597     
          19          40  0.975406543378969     
          19          41  0.981656806325944     
