           1           2   1.02123000598874     
           2           3  0.861319183675895     
           3           4   1.35787838482736     
           4           5   1.53295209236579     
           4           6   1.33012439834573     
           6           7  0.883412825310082     
           7           8   1.02371703027185     
           4           9  0.957045043340680     
           5           9  0.136570618573832     
           9          10  0.996937587634244     
          10          11  0.974663397674733     
          11          12  0.963044556964276     
          11          13  0.141266911938491     
          12          13   1.54865758789662     
          12          14   1.35204676563393     
          14          15  0.862802829898023     
          15          16   1.02127693627032     
          12          17   1.32028008378178     
          17          18  0.889956533192078     
          18          19   1.02143160426090     
           1          20  0.982473596137249     
           1          21  0.973230230910330     
           1          22  0.980390422606025     
           2          23  0.969185585850154     
           2          24  0.963119924025433     
           7          25  0.966733348272096     
           7          26  0.962533186199076     
           8          27  0.975835005107799     
           8          28  0.982351572391694     
           8          29  0.974233608585124     
          10          30  0.946957270660128     
          10          31  0.963177734181536     
          15          32  0.966962228825868     
          15          33  0.967291352116439     
          16          34  0.982549958838368     
          16          35  0.973938803517170     
          16          36  0.981205929628766     
          18          37  0.965742361663583     
          18          38  0.964525878482998     
          19          39  0.977480663976911     
          19          40  0.983323077946058     
          19          41  0.980019119380570     
