   -0.13090777
    0.07820302
   -0.26131147
    0.36486780
   -0.45956179
   -0.25805554
    0.07528878
   -0.13034250
   -0.12415543
    0.03744200
   -0.15617576
    0.36014169
   -0.45549714
   -0.24062851
    0.07721815
   -0.11957853
   -0.26133234
    0.07281413
   -0.13233691
    0.06612955
    0.06741598
    0.08582419
    0.07065466
    0.08098272
    0.09214417
    0.06373190
    0.08696935
    0.05606631
    0.07374624
    0.11827734
    0.07069546
    0.09386303
    0.06409427
    0.04741143
    0.06778892
    0.07885717
    0.09080280
    0.06866421
    0.06909705
    0.08645016
    0.06424119
