   -0.13363391
    0.07597436
   -0.26403295
    0.36608251
   -0.45742439
   -0.26844740
    0.08403898
   -0.12271646
   -0.11458029
    0.02795673
   -0.11968008
    0.35966542
   -0.46536961
   -0.27902705
    0.07798912
   -0.12348416
   -0.26501871
    0.09334970
   -0.12916281
    0.07530278
    0.06016072
    0.08892055
    0.06267196
    0.09288938
    0.07194366
    0.07536828
    0.06110125
    0.08954645
    0.06358532
    0.13771112
    0.08980900
    0.08762892
    0.06108022
    0.06794778
    0.08267409
    0.04804865
    0.06422095
    0.05221967
    0.07814469
    0.08299914
    0.06354643
