   -0.13350354
    0.07799910
   -0.24212832
    0.36887724
   -0.48896732
   -0.10816320
   -0.00241620
    0.14857233
    0.38023527
   -0.42553023
   -0.21154134
    0.07464839
   -0.13908784
   -0.10349836
    0.31905742
   -0.46948596
   -0.27303291
    0.02506112
   -0.31116274
    0.03458095
    0.06950991
    0.07909024
    0.07707350
    0.06417269
    0.05657540
    0.12694215
    0.13308749
    0.06904085
    0.07094763
    0.07948908
    0.08154914
    0.08408910
    0.08148553
    0.10343036
    0.08115184
    0.06004657
    0.06378935
    0.09801531
