   -0.11688228
    0.07900463
   -0.25942407
    0.36181131
   -0.46596377
   -0.27044103
    0.07648356
   -0.12802887
   -0.12539946
    0.02970147
   -0.11278733
    0.37691080
   -0.48561616
   -0.26508396
    0.07647017
   -0.11654314
   -0.25904794
    0.07523036
   -0.12950780
    0.08271495
    0.05981126
    0.05286642
    0.06746533
    0.09019913
    0.08930598
    0.06394647
    0.07177456
    0.08632609
    0.05061239
    0.08474620
    0.13197667
    0.07201903
    0.09249766
    0.05227261
    0.08233967
    0.05837883
    0.09277924
    0.06392253
    0.08668030
    0.05338804
    0.07309015
