           1           2   1.01340636543084     
           2           3  0.908260957855924     
           3           4   1.20750591557176     
           3           5  0.175386865385398     
           4           5   1.67150611917678     
           4           6  0.970660628734523     
           6           7  0.985336085728794     
           7           8  0.926732811027811     
           7           9  0.954404171653418     
           9          10   1.60532229780525     
           9          11   1.23517303968856     
          10          11  0.151821763551787     
          11          12  0.894510145849048     
          12          13   1.01387906962065     
           7          14  0.970251687020792     
          10          15  0.222445870891688     
          14          15  0.994871064480867     
          14          16  0.134459214388179     
          15          16   1.47567213565036     
          15          17   1.29781715796702     
          17          18  0.912103973217330     
          15          19   1.25097723013890     
          19          20  0.922373555543882     
           1          21  0.982067783293611     
           1          22  0.983432143408083     
           1          23  0.978623050077764     
           2          24  0.965660529315028     
           2          25  0.971007099521651     
           6          26  0.956407319694128     
           6          27  0.928665098083092     
          12          28  0.970498269344471     
          12          29  0.965202699657805     
          13          30  0.982602635530256     
          13          31  0.985028815183472     
          13          32  0.977091720700289     
          18          33  0.978961088846741     
          18          34  0.972594799090498     
          18          35  0.973617560273278     
          20          36  0.974311410250068     
          20          37  0.977640170618510     
          20          38  0.973607253105056     
