$coord
          5.143957186671         -1.927561135375          0.289451257788     c 
          2.665601909651         -0.800476243820         -0.652554811407     c 
          2.191907472555          1.815073776980          0.465833113653     c 
         -0.276819926087          3.013825005632         -0.433845779012     c 
         -2.620759435506          1.663497353042          0.589400604629     c 
         -3.160156551323         -0.799002879489         -0.661902691737     c 
         -4.019241036548         -2.652673012253          0.365622168836     o 
          6.725351214071         -0.723357573226         -0.233332202899     h 
          5.445819160483         -3.789432735639         -0.524719702241     h 
          5.118304228719         -2.112889303860          2.336242323791     h 
          1.112036493405         -2.064039348743         -0.143133926806     h 
          2.715596575144         -0.667705428801         -2.712157862377     h 
          3.756777788600          3.052650317967         -0.061765375935     h 
          2.173058316036          1.677865950438          2.525118829936     h 
         -0.331167623114          3.016843494560         -2.496015854309     h 
         -0.326542431358          4.972178878586          0.206132658081     h 
         -2.504588760862          1.395230945487          2.630629023628     h 
         -4.280762059201          2.834774236331          0.199065080196     h 
         -2.799342638419         -0.821321582488         -2.720086061710     h 
$end
