           1           2   1.02431872139405     
           2           3  0.863129215579055     
           3           4   1.34508105886776     
           4           5   1.53038375425099     
           4           6   1.31992532016655     
           6           7  0.887462440874099     
           7           8   1.02110020994004     
           4           9  0.940993580077614     
           5           9  0.139606545063020     
           9          10  0.989259421790688     
          10          11  0.990372709038242     
          11          12  0.943482736253280     
          11          13  0.138986475765829     
          12          13   1.52915102491309     
          12          14   1.36538468238373     
          14          15  0.858124960001829     
          15          16   1.02475707144490     
          12          17   1.32024142142742     
          17          18  0.885376896820807     
          18          19   1.01745845739166     
           1          20  0.969951567231727     
           1          21  0.981843509385575     
           1          22  0.972841589806030     
           2          23  0.964575160873719     
           2          24  0.970218113455796     
           7          25  0.963575587340869     
           7          26  0.967215647058939     
           8          27  0.981595955260851     
           8          28  0.976003440050855     
           8          29  0.974201136870059     
          10          30  0.951271448790195     
          10          31  0.941897294933327     
          15          32  0.964627088251045     
          15          33  0.970117233164770     
          16          34  0.981007438061182     
          16          35  0.972111988500056     
          16          36  0.970586669806999     
          18          37  0.966878826114522     
          18          38  0.968140629560490     
          19          39  0.983671146612080     
          19          40  0.975241128399375     
          19          41  0.981443524699914     
