   -0.13522057
    0.08382538
   -0.24763287
    0.37914627
   -0.47913784
   -0.26186820
    0.06932899
   -0.13593884
   -0.12659938
    0.04613525
   -0.17065208
    0.36583290
   -0.45040438
   -0.25775402
    0.07216884
   -0.13352176
   -0.24422110
    0.07924191
   -0.12495459
    0.07094190
    0.07943002
    0.08614509
    0.06834358
    0.05368573
    0.07963591
    0.09546060
    0.09333833
    0.07013283
    0.07035076
    0.06994431
    0.10077346
    0.07163330
    0.09180054
    0.06652173
    0.08761589
    0.06916561
    0.05301678
    0.09168148
    0.07223653
    0.05151316
    0.07885855
