   -0.13185270
    0.07798434
   -0.25892447
    0.37379308
   -0.44482228
   -0.26334946
    0.07449647
   -0.12773070
   -0.16097280
    0.03814564
   -0.14499648
    0.37807881
   -0.45134130
   -0.26828870
    0.07715135
   -0.12329574
   -0.26827773
    0.08774333
   -0.12180075
    0.06380896
    0.07456069
    0.08953635
    0.07813716
    0.06925868
    0.09385582
    0.06400545
    0.08778590
    0.04859539
    0.07389819
    0.10256559
    0.10398302
    0.06448901
    0.09460957
    0.06658426
    0.05924674
    0.08124393
    0.06088034
    0.07965374
    0.05225133
    0.08288711
    0.06642289
