           1           2   1.02252543419043     
           2           3  0.884593064409567     
           3           4   1.32634510756135     
           4           5   1.51318977687098     
           4           6   1.33119622120361     
           6           7  0.870868886119840     
           7           8   1.02040929503213     
           4           9   1.00104817857991     
           5           9  0.134166620753321     
           9          10  0.984596925877052     
          10          11  0.985227264782776     
          11          12  0.918088925559749     
          11          13  0.139646951827583     
          12          13   1.53937797296409     
          12          14   1.36455885752433     
          14          15  0.861789490922713     
          15          16   1.02135179198293     
          12          17   1.32137605917927     
          17          18  0.885463015932692     
          18          19   1.02091498454644     
           1          20  0.982129061729812     
           1          21  0.974728822837856     
           1          22  0.975724168448674     
           2          23  0.967467948462493     
           2          24  0.965102134636867     
           7          25  0.970308081342171     
           7          26  0.964142529585923     
           8          27  0.974595423447353     
           8          28  0.983161272524031     
           8          29  0.980693164626685     
          10          30  0.958333013549976     
          10          31  0.950324118561785     
          15          32  0.966145753176920     
          15          33  0.967270345527670     
          16          34  0.983298181755349     
          16          35  0.980549287078088     
          16          36  0.973936589083000     
          18          37  0.964989206081434     
          18          38  0.964404647170207     
          19          39  0.978428633272874     
          19          40  0.976192076664145     
          19          41  0.982826828974837     
