   -0.13051998
    0.06236084
   -0.25369203
    0.37359041
   -0.46543388
   -0.09015050
    0.00675260
    0.12331960
    0.37259054
   -0.44482915
   -0.24784259
    0.07569954
   -0.13049949
   -0.13513881
    0.38707454
   -0.47941281
   -0.25504051
    0.00578272
   -0.26753855
    0.02109303
    0.07894450
    0.05568627
    0.07032566
    0.09098176
    0.06708068
    0.10795365
    0.07679013
    0.08252465
    0.06321048
    0.08022360
    0.05979022
    0.07560725
    0.09449909
    0.11672369
    0.09231506
    0.07934932
    0.10788918
    0.07193929
