   -0.12652277
    0.08575024
   -0.25300356
    0.35074768
   -0.45034387
   -0.27101363
    0.07066302
   -0.12661341
   -0.14966652
    0.03202294
   -0.12141824
    0.36113392
   -0.46718209
   -0.26257927
    0.07933541
   -0.13031217
   -0.26000339
    0.07627442
   -0.13033527
    0.08987139
    0.06458235
    0.07038421
    0.07392116
    0.06620421
    0.07420301
    0.09508404
    0.06402579
    0.05375356
    0.08769628
    0.07993483
    0.13155109
    0.07168648
    0.08148543
    0.06465102
    0.06702838
    0.08657569
    0.09136973
    0.06130693
    0.05635881
    0.07458141
    0.08681075
