   -0.12701190
    0.06917176
   -0.24827558
    0.37162677
   -0.46559530
   -0.11052094
   -0.00344354
    0.15276532
    0.37029241
   -0.42537316
   -0.22112023
    0.06399391
   -0.13213579
   -0.10266553
    0.32314351
   -0.48946414
   -0.27829303
    0.03308623
   -0.28728863
    0.03714641
    0.07512658
    0.05201103
    0.07321659
    0.09175292
    0.05547452
    0.13125105
    0.12686382
    0.06592284
    0.10585321
    0.07818517
    0.05655625
    0.08384248
    0.07925976
    0.07093693
    0.09389839
    0.06522300
    0.09576472
    0.06882220
