           1           2   1.01828649408234     
           2           3  0.883999715752102     
           3           4   1.32814091974913     
           4           5   1.53562528878442     
           4           6   1.35751342681013     
           6           7  0.860137965417469     
           7           8   1.02160303294891     
           4           9  0.958964517402798     
           5           9  0.133374262294652     
           9          10  0.994966570933585     
          10          11  0.975927892515156     
          11          12  0.967579186149747     
          11          13  0.147293352686644     
          12          13   1.51248737759076     
          12          14   1.33673506440526     
          14          15  0.887074025535218     
          15          16   1.01947590712135     
          12          17   1.32142057498749     
          17          18  0.886106415926746     
          18          19   1.02087033515380     
           1          20  0.983213685141291     
           1          21  0.981872638729506     
           1          22  0.975591672412603     
           2          23  0.969722876923719     
           2          24  0.968512898088943     
           7          25  0.967135224123145     
           7          26  0.963305771411052     
           8          27  0.980361189972056     
           8          28  0.982984187423106     
           8          29  0.973981067207175     
          10          30  0.959719995945371     
          10          31  0.946952828803339     
          15          32  0.965823915641759     
          15          33  0.967254862741714     
          16          34  0.977102807651370     
          16          35  0.982195437331687     
          16          36  0.978213386225163     
          18          37  0.963923070191870     
          18          38  0.968477122405737     
          19          39  0.973626413021138     
          19          40  0.981291181630828     
          19          41  0.975966383025169     
