           1           2   1.02020069442304     
           2           3  0.885565102827294     
           3           4   1.31849008582943     
           4           5   1.50746355617428     
           4           6   1.32885792333823     
           6           7  0.868419094861172     
           7           8   1.02265496001301     
           4           9  0.991709294017363     
           5           9  0.136066239966783     
           9          10  0.985252350627033     
          10          11  0.990046313597050     
          11          12  0.948079239512310     
          11          13  0.134365549601731     
          12          13   1.54934541736412     
          12          14   1.32697986711687     
          14          15  0.883894189146821     
          15          16   1.02266602781996     
          12          17   1.34372795737645     
          17          18  0.864459922613993     
          18          19   1.02061644001040     
           1          20  0.980603281478074     
           1          21  0.982920518010848     
           1          22  0.976446097830653     
           2          23  0.967063598263760     
           2          24  0.970186904114111     
           7          25  0.965131167517460     
           7          26  0.969059264210610     
           8          27  0.980116368212641     
           8          28  0.981592179483238     
           8          29  0.974378307711334     
          10          30  0.954657509030323     
          10          31  0.951448282771785     
          15          32  0.969510068202569     
          15          33  0.964039324627511     
          16          34  0.980611959435517     
          16          35  0.975640866218505     
          16          36  0.975468764923799     
          18          37  0.963407276669854     
          18          38  0.970366767492205     
          19          39  0.982210998555548     
          19          40  0.981790365359756     
          19          41  0.974199583347291     
