   -0.13233493
    0.06992672
   -0.27050919
    0.38251619
   -0.48386761
   -0.26232137
    0.08114406
   -0.12489242
   -0.10716484
    0.03721006
   -0.15913586
    0.35541505
   -0.44640760
   -0.25245073
    0.08247731
   -0.13353096
   -0.25500969
    0.08160383
   -0.13293729
    0.06896382
    0.06754937
    0.08716258
    0.07178561
    0.09586284
    0.04741467
    0.09178381
    0.05084413
    0.08127884
    0.07284127
    0.12041680
    0.07638542
    0.06915219
    0.08222424
    0.07083589
    0.09090104
    0.06945114
    0.05691322
    0.06785133
    0.06901728
    0.08487698
    0.07675678
