$coord
         -0.874906066069          4.436853234207         -0.683743524996     c 
         -0.274980882587          1.913159219465         -1.565179644530     n 
         -2.421997288961          0.349840376361         -2.111534993775     c 
         -3.704279508156         -0.738975827495          0.251842107312     c 
         -2.110027834907         -2.006724092604          1.767656986432     f 
         -4.806381530642          1.026478802585          1.714036840321     f 
         -5.555240959712         -2.382552626128         -0.363940866998     f 
          1.962004148667          0.774155861308         -0.736330882775     c 
          3.480856131271          1.897430893194          1.106403482266     c 
          5.747503972487          0.811099106564          1.821444509161     c 
          6.564690146360         -1.418769367376          0.731462847062     c 
          5.077999691257         -2.547989706134         -1.102470358609     c 
          2.816118791839         -1.473509877201         -1.832635402549     c 
         -2.432157929084          5.165784693394         -1.811802009217     h 
          0.759439357239          5.647691696540         -0.979824665557     h 
         -1.422614741609          4.504046453735          1.311784851261     h 
         -3.854717974843          1.451521830700         -3.111989245910     h 
         -1.894821022733         -1.266835932066         -3.277556188072     h 
          2.896276052754          3.617411800348          2.024508430691     h 
          6.875612098109          1.718420290963          3.260152889979     h 
          8.329849878659         -2.266164045862          1.299807734558     h 
          5.688463056784         -4.283989906520         -1.984450460513     h 
          1.734865842686         -2.395710188114         -3.293245005464     h 
$end
