   -0.13246508
    0.08488824
   -0.25948231
    0.36253657
   -0.46807016
   -0.26364582
    0.09008989
   -0.12258905
   -0.13329576
    0.03201529
   -0.15447463
    0.36838937
   -0.44688045
   -0.26173632
    0.07723345
   -0.13470685
   -0.27216571
    0.07792487
   -0.13274803
    0.08602510
    0.06863076
    0.07475676
    0.06511556
    0.06056521
    0.05882836
    0.07752623
    0.08413587
    0.07027739
    0.05655040
    0.12579772
    0.11585309
    0.06210087
    0.08480343
    0.07673571
    0.06362783
    0.08762796
    0.07132934
    0.07066486
    0.07144730
    0.08750604
    0.06927670
