           1           2   1.01843496955609     
           2           3  0.880844319565844     
           3           4   1.33071278696489     
           4           5   1.51516921173175     
           4           6   1.32418153762390     
           6           7  0.877331417332748     
           7           8   1.02279194592839     
           4           9   1.00080578685749     
           5           9  0.132297274618010     
           9          10  0.984338068474684     
          10          11  0.985963927432978     
          11          12  0.966268029044925     
          11          13  0.130162190475780     
          12          13   1.55151191598925     
          12          14   1.31271566066635     
          14          15  0.875037954334445     
          15          16   1.02187197448781     
          12          17   1.33560191295665     
          17          18  0.865832751044411     
          18          19   1.01954304291384     
           1          20  0.975252538398595     
           1          21  0.983681073846913     
           1          22  0.982195174368911     
           2          23  0.971407791748066     
           2          24  0.966386025278598     
           7          25  0.967724127583920     
           7          26  0.967029446523140     
           8          27  0.975737083939754     
           8          28  0.982297297819765     
           8          29  0.974847792461234     
          10          30  0.951564970485580     
          10          31  0.949742354236716     
          15          32  0.960707749525455     
          15          33  0.965933906329261     
          16          34  0.981209830126325     
          16          35  0.974393733091982     
          16          36  0.973403004987986     
          18          37  0.970926296573682     
          18          38  0.968250702346422     
          19          39  0.982626458524815     
          19          40  0.973951318590452     
          19          41  0.983327176232962     
