   -0.13388681
    0.08238055
   -0.25286952
    0.37335859
   -0.47196588
   -0.25951815
    0.07928286
   -0.12718228
   -0.13506939
    0.03686436
   -0.16306282
    0.37763630
   -0.45556646
   -0.25235385
    0.08253263
   -0.13431098
   -0.24858996
    0.08024025
   -0.12635126
    0.07092822
    0.07709129
    0.08412649
    0.06352515
    0.06022250
    0.06237696
    0.08800123
    0.07470075
    0.05517534
    0.08439640
    0.10777382
    0.10256058
    0.06881467
    0.05972805
    0.07634549
    0.08579422
    0.06897281
    0.05596509
    0.09349411
    0.05603356
    0.08274101
    0.06966406
