$hessian                                                                        
        0.4277304175   0.0476792084   0.0272062824  -0.0804369048   0.0358304830
       -0.0193291737  -0.0147516763   0.0206253985  -0.0053080064   0.0083056467
       -0.0078799787   0.0049021008  -0.0009487331  -0.0046238294  -0.0002063393
        0.0013856598   0.0017039403   0.0006108534   0.0001499377   0.0002081713
       -0.0001242270  -0.0353652611  -0.0142919240   0.0020853591   0.0017281703
        0.0011072595   0.0007504512  -0.1778002320   0.0080372329   0.0550941796
       -0.0030333412  -0.0029494820  -0.0007780557  -0.0003478438   0.0008869812
       -0.0003461305   0.0000717381   0.0005250285  -0.0001364635  -0.0034072818
        0.0071670979  -0.0087403638  -0.0390697374  -0.0026676241  -0.0172720839
       -0.0838711767  -0.0900089870  -0.0379955306  -0.0005044612  -0.0002687981
        0.0000406929   0.0000966549  -0.0008213969   0.0005496189  -0.0002076419
       -0.0003695692   0.0000153908   0.0002760665   0.0001107878  -0.0010185550
        0.0476792084   0.4937041960   0.0416763206   0.0372955412  -0.1381882806
        0.0324326344   0.0027598094  -0.0028559776   0.0008101732   0.0057256624
       -0.0319598504   0.0068675185  -0.0026236157  -0.0040241152  -0.0006509971
        0.0021175790   0.0015258369   0.0003290426   0.0001393346   0.0002166877
       -0.0000848606  -0.0219684358   0.0028622418   0.0108160664  -0.0010725614
        0.0005291823   0.0007899742   0.0257017240  -0.0709957698  -0.0251280307
       -0.0078568330  -0.0037508871  -0.0001676138  -0.0001653303  -0.0002162523
       -0.0003043008   0.0004665576   0.0002638262   0.0010108779   0.0010162529
        0.0021482419   0.0053901507  -0.0028301615  -0.0439856063  -0.0069173084
       -0.0867472850  -0.2051223823  -0.0669347660  -0.0002579910  -0.0000583070
        0.0001361717   0.0000830338   0.0002169516   0.0003974667   0.0000881182
        0.0000375631  -0.0001150776   0.0004493922  -0.0003472989  -0.0003534420
        0.0272062824   0.0416763206   0.4949958826  -0.0144525181   0.0281246327
       -0.0717227672   0.0064826422  -0.0085719214   0.0033798111   0.0015663810
       -0.0007993631   0.0029197193  -0.0008351393  -0.0010536494   0.0000179465
        0.0000421919   0.0003325755  -0.0000918532  -0.0001851402  -0.0002128758
        0.0000803404  -0.0016505840   0.0063381147   0.0006959660  -0.0034965018
       -0.0014476281   0.0024057506   0.0624332435  -0.0171594285  -0.0817102872
       -0.0057386849  -0.0014490569   0.0014734823   0.0000270262  -0.0006119434
        0.0008745175  -0.0005018464  -0.0003750648  -0.0004553109  -0.0215819780
        0.0269282028  -0.0251926020  -0.0145615393  -0.0103486936  -0.2521044994
       -0.0342653878  -0.0643061234  -0.0681371417   0.0003825307  -0.0000260637
       -0.0003828214  -0.0002895525   0.0005404192  -0.0010786812   0.0002397883
        0.0005453361   0.0001070557  -0.0008212140   0.0018762107  -0.0060745079
       -0.0804369048   0.0372955412  -0.0144525181   0.5026850369  -0.0211454312
       -0.0367858252  -0.2088316060   0.0149172817   0.0895692246  -0.0948604116
       -0.0458518307  -0.0045433469   0.0060138481   0.0079490602   0.0007850609
       -0.0244296440  -0.0221021298  -0.0011402092  -0.0050815603   0.0002200916
        0.0018142854   0.0018887747   0.0012010634  -0.0003410582  -0.0002456738
       -0.0001207973  -0.0001910511  -0.0377814959   0.0289171005  -0.0016966473
        0.0013100762  -0.0008357288  -0.0002203351   0.0008714174  -0.0003404292
       -0.0021001632   0.0013305078  -0.0001166593  -0.0019411003  -0.0640122691
        0.0134275269  -0.0086705243  -0.0003861657   0.0025087099  -0.0026300682
        0.0059633527  -0.0094576124   0.0036276886  -0.0000397953   0.0001760095
       -0.0000835382   0.0006635736   0.0003666329   0.0010936744   0.0000856064
       -0.0010393573   0.0004720775  -0.0047066673  -0.0059690418  -0.0225656260
        0.0358304830  -0.1381882806   0.0281246327  -0.0211454312   0.4349922545
        0.0045211887   0.0152103255  -0.0435561392  -0.0067244938  -0.0405171713
       -0.1323334958  -0.0057341553  -0.0125651522  -0.0260019800  -0.0014823906
       -0.0078603470   0.0023838017   0.0027854551   0.0017657594   0.0011187176
       -0.0001295289  -0.0008348849   0.0001699565  -0.0010153709   0.0000658921
       -0.0000402781  -0.0000143897   0.0160718955  -0.0027102453  -0.0020778017
        0.0003653329  -0.0002592248   0.0000334902   0.0002595502  -0.0005467168
       -0.0010730393  -0.0042346223  -0.0054991726  -0.0080918550   0.0065768527
       -0.0645709264  -0.0403290567   0.0004611931  -0.0007437375   0.0010621689
        0.0102203660  -0.0269876288   0.0090342084  -0.0001960509   0.0000843880
        0.0001053136   0.0003756658   0.0007177363   0.0002444640  -0.0005647063
       -0.0002364809  -0.0005737545   0.0007150500   0.0022074522   0.0213349148
       -0.0193291737   0.0324326344  -0.0717227672  -0.0367858252   0.0045211887
        0.4650110887   0.0901364782  -0.0075508547  -0.0837293714  -0.0017247824
       -0.0033438218  -0.0548578191   0.0056543821   0.0119407971   0.0021856975
        0.0038887695   0.0057596116   0.0038139553   0.0029916350  -0.0002855521
       -0.0001734881  -0.0012181376   0.0010181869   0.0006595540  -0.0001063601
        0.0001804479  -0.0005513647   0.0108845982  -0.0095118152   0.0040420183
        0.0003794250  -0.0003255327   0.0000200109  -0.0021985906  -0.0009145971
       -0.0006029917  -0.0160293968  -0.0288673979  -0.0161688143  -0.0253099111
       -0.0219203359  -0.2118576261  -0.0121965376   0.0226998808  -0.0158262058
        0.0025679689  -0.0065168209   0.0031862291  -0.0000049727   0.0001202645
       -0.0001468981   0.0038708332   0.0001649071  -0.0021031625  -0.0012084354
       -0.0017067303  -0.0044225895  -0.0042619668   0.0021055396  -0.0167554554
       -0.0147516763   0.0027598094   0.0064826422  -0.2088316060   0.0152103255
        0.0901364782   0.2411056926  -0.0174029435  -0.1050172342  -0.0213638057
       -0.0029896103   0.0082918159   0.0002686856   0.0004922089   0.0002229108
       -0.0014493374  -0.0040864046  -0.0011780041  -0.0011849897   0.0002277805
        0.0001565136   0.0007377074  -0.0000460495   0.0003934942  -0.0000410109
        0.0000176432   0.0000158897  -0.0038330856   0.0041928564  -0.0009976417
       -0.0000137153   0.0000000411  -0.0000841820   0.0002491782   0.0000913677
        0.0001310310   0.0011681697   0.0005217066  -0.0000402500   0.0052874006
       -0.0000690526   0.0031923819  -0.0004357124  -0.0001054311  -0.0000284491
        0.0000618450  -0.0001398766   0.0001709399   0.0001979250  -0.0000456473
       -0.0000798991   0.0001660502   0.0000116832  -0.0001876485   0.0001108322
        0.0007411899   0.0000988890   0.0025514526   0.0006184032  -0.0016796776
        0.0206253985  -0.0028559776  -0.0085719214   0.0149172817  -0.0435561392
       -0.0075508547  -0.0174029435   0.0521114676   0.0097329746  -0.0251998788
       -0.0012246777   0.0094346196  -0.0001269252   0.0003022096   0.0001613746
       -0.0023965123  -0.0037936030  -0.0018023363  -0.0014620866  -0.0000357789
        0.0003269821  -0.0000276330  -0.0003998795   0.0000299838  -0.0000206911
       -0.0000544621   0.0000013625   0.0057203094  -0.0051047268   0.0008612842
        0.0000638616   0.0001202364   0.0000473425   0.0003832924   0.0001139939
        0.0000641047   0.0013092819   0.0008297088   0.0011143241   0.0044325039
        0.0017985365  -0.0044700072   0.0002845646   0.0005066252  -0.0003360676
        0.0002235961   0.0001020059  -0.0002100408  -0.0000326043  -0.0000332180
       -0.0000009422  -0.0001358549  -0.0000086859  -0.0000207682  -0.0001445588
        0.0001519836   0.0001298728  -0.0010104018   0.0010303810   0.0010587129
       -0.0053080064   0.0008101732   0.0033798111   0.0895692246  -0.0067244938
       -0.0837293714  -0.1050172342   0.0097329746   0.1178897241   0.0001693409
        0.0005830256   0.0020834417   0.0000081950   0.0002224175  -0.0002286448
       -0.0003634468  -0.0001663288   0.0003745245  -0.0000201633   0.0000559417
        0.0000687965   0.0001993422   0.0000843410   0.0000805531   0.0000149042
        0.0000168272   0.0000349031  -0.0020128009   0.0015563523   0.0004342348
       -0.0000389989  -0.0000271940  -0.0000548558   0.0001229044   0.0000257240
       -0.0003855169  -0.0002325396   0.0000573412   0.0007188088   0.0236349983
       -0.0059320698  -0.0409129924  -0.0010299229   0.0004427563   0.0004089583
        0.0000745650  -0.0002960132  -0.0001283491   0.0000021687   0.0000052184
        0.0000581608  -0.0003671084  -0.0000760920  -0.0000556058  -0.0001010336
       -0.0001149008  -0.0000518348   0.0006956117  -0.0002560007   0.0000152541
        0.0083056467   0.0057256624   0.0015663810  -0.0948604116  -0.0405171713
       -0.0017247824  -0.0213638057  -0.0251998788   0.0001693409   0.4304497911
       -0.0158313939   0.0135355725  -0.0753773408   0.0635349454  -0.0390971847
       -0.1538272766   0.0096211746   0.0202572645  -0.0213882444  -0.0005511377
        0.0045900990  -0.0175232442   0.0122757548   0.0019779645  -0.0000148008
       -0.0001464520   0.0000159631  -0.0010438779  -0.0035879163   0.0000519611
       -0.0005736798   0.0022626317  -0.0012499226  -0.0002016952   0.0021180798
        0.0047838702  -0.0508918476  -0.0062594953   0.0194444018  -0.0003149868
       -0.0050245026  -0.0091175012   0.0002448208   0.0001944082   0.0001088880
       -0.0007619504   0.0031612612  -0.0008133974  -0.0001188898   0.0000404148
        0.0002108822   0.0017490052  -0.0009163953   0.0002066236  -0.0022717502
       -0.0006187787  -0.0145866686  -0.0002154619  -0.0002812109  -0.0003297558
       -0.0078799787  -0.0319598504  -0.0007993631  -0.0458518307  -0.1323334958
       -0.0033438218  -0.0029896103  -0.0012246777   0.0005830256  -0.0158313939
        0.4860867928  -0.0265571938   0.0631581116  -0.1701430873   0.0752130676
        0.0130060199  -0.0680691881  -0.0016417192  -0.0225490435   0.0021000491
        0.0049491884   0.0214379462  -0.0051361476  -0.0049388422   0.0001337973
        0.0004105357  -0.0002060433  -0.0038028367   0.0044397622  -0.0001755060
        0.0056539257  -0.0053877044   0.0012115296   0.0023626351   0.0021951384
       -0.0011460747  -0.0102667998  -0.0717152221  -0.0048254316  -0.0029892121
       -0.0031392082  -0.0074630586  -0.0003659966   0.0003252768  -0.0002396678
        0.0021603277  -0.0039859217   0.0016219972   0.0000130009  -0.0000614260
       -0.0000413489   0.0005430936   0.0003129587  -0.0010978754   0.0037537591
       -0.0042587407  -0.0309646466   0.0003040852   0.0015441564  -0.0001382154
        0.0049021008   0.0068675185   0.0029197193  -0.0045433469  -0.0057341553
       -0.0548578191   0.0082918159   0.0094346196   0.0020834417   0.0135355725
       -0.0265571938   0.4712812439  -0.0369915909   0.0755230084  -0.0801927241
        0.0169334195   0.0006932276  -0.0575953150  -0.0053047468   0.0005231503
        0.0024060288  -0.0047695370  -0.0039736435   0.0055941333  -0.0009636579
        0.0006404202  -0.0005523266   0.0006974839   0.0003240405  -0.0001691310
       -0.0050985379   0.0044406140  -0.0003150745   0.0300986772  -0.0055101472
       -0.0263986491   0.0068975610  -0.0240490555  -0.2239831712  -0.0192574917
       -0.0277599964  -0.0242601216   0.0000265238   0.0006852768  -0.0004682291
       -0.0014031390   0.0021755781  -0.0007250936   0.0002838750  -0.0002444297
       -0.0008104372  -0.0001449703  -0.0007702317  -0.0003103057  -0.0023946818
       -0.0058242059  -0.0132453899  -0.0007953294  -0.0008843951  -0.0004007793
       -0.0009487331  -0.0026236157  -0.0008351393   0.0060138481  -0.0125651522
        0.0056543821   0.0002686856  -0.0001269252   0.0000081950  -0.0753773408
        0.0631581116  -0.0369915909   0.0888485161  -0.0731635083   0.0468847431
       -0.0189875372   0.0266903572  -0.0124215922   0.0004965619   0.0002406765
       -0.0004841886  -0.0039633551  -0.0016256575   0.0024751020   0.0000772584
       -0.0001441374   0.0001418186   0.0001016581   0.0001629794   0.0001277067
       -0.0030451937   0.0023614057  -0.0001162522   0.0022718486  -0.0012584910
       -0.0003498164   0.0029680614  -0.0013385468  -0.0045436958   0.0000836323
        0.0002572488   0.0012377500  -0.0001505478   0.0000696319  -0.0000802727
        0.0002846003  -0.0006894513   0.0002583237   0.0001631327  -0.0000511901
       -0.0002068868  -0.0001174807   0.0002664888   0.0000500764   0.0008742811
        0.0004220978  -0.0004432269   0.0001381038  -0.0000423222  -0.0003654358
       -0.0046238294  -0.0040241152  -0.0010536494   0.0079490602  -0.0260019800
        0.0119407971   0.0004922089   0.0003022096   0.0002224175   0.0635349454
       -0.1701430873   0.0755230084  -0.0731635083   0.1962020556  -0.0896345297
        0.0067620788  -0.0065111039   0.0036050040  -0.0004288345   0.0003393804
        0.0000932365   0.0011101283   0.0019470540  -0.0004592814  -0.0001699651
       -0.0000156323  -0.0001071003  -0.0002146180   0.0005017717  -0.0002798253
        0.0010510900  -0.0007457190  -0.0001266722  -0.0012284337   0.0003268918
       -0.0006059402  -0.0009336686   0.0055878329   0.0023569142   0.0011616806
        0.0020845821   0.0003433452  -0.0000285238   0.0001514285  -0.0002365836
        0.0006985950  -0.0013995193   0.0005639766  -0.0000851530  -0.0000044174
        0.0001315507   0.0004767442  -0.0004643569  -0.0001556297  -0.0015607323
        0.0021826252  -0.0016596135  -0.0007992648  -0.0003159006  -0.0004614248
       -0.0002063393  -0.0006509971   0.0000179465   0.0007850609  -0.0014823906
        0.0021856975   0.0002229108   0.0001613746  -0.0002286448  -0.0390971847
        0.0752130676  -0.0801927241   0.0468847431  -0.0896345297   0.1150758887
        0.0028422910  -0.0038762497   0.0037915431  -0.0003071175  -0.0001282133
       -0.0000132354   0.0008169036   0.0000874561  -0.0003406112   0.0001341780
       -0.0001075634  -0.0000880971  -0.0001313776   0.0001082576   0.0001172550
        0.0003915202  -0.0003886213   0.0000136350  -0.0006871043   0.0002011275
        0.0011115973  -0.0119443604   0.0210906447  -0.0427731991   0.0003774946
       -0.0004000771   0.0009624892   0.0000124911  -0.0001021233  -0.0000706954
        0.0001102084  -0.0001880742   0.0000636030   0.0000498294  -0.0000284251
        0.0000985943   0.0002139122  -0.0002017025  -0.0000431413  -0.0001425589
        0.0003996712   0.0002827673  -0.0003255005  -0.0000726322   0.0000293315
        0.0013856598   0.0021175790   0.0000421919  -0.0244296440  -0.0078603470
        0.0038887695  -0.0014493374  -0.0023965123  -0.0003634468  -0.1538272766
        0.0130060199   0.0169334195  -0.0189875372   0.0067620788   0.0028422910
        0.4710023685   0.0616602213   0.0134916138  -0.1198721626  -0.0998016311
       -0.0292987591  -0.0619518831   0.0241571488  -0.0107010700   0.0010152046
        0.0012546427  -0.0014913251   0.0024330555  -0.0220331242   0.0029121370
       -0.0376740006   0.0351570824  -0.0059640370  -0.0609616170  -0.0158017494
        0.0254124469   0.0005417251   0.0005842018   0.0054197079   0.0015560971
        0.0013401731   0.0011536877  -0.0001509494  -0.0000459197  -0.0000289171
       -0.0002523544   0.0003808337  -0.0000805513   0.0004351899   0.0001122533
       -0.0011530482   0.0000147256   0.0013160453  -0.0230752075   0.0017385401
        0.0002039838   0.0001325900  -0.0005658039  -0.0001129802  -0.0000724930
        0.0017039403   0.0015258369   0.0003325755  -0.0221021298   0.0023838017
        0.0057596116  -0.0040864046  -0.0037936030  -0.0001663288   0.0096211746
       -0.0680691881   0.0006932276   0.0266903572  -0.0065111039  -0.0038762497
        0.0616602213   0.4869262035   0.0242438832  -0.1020161443  -0.1746860069
       -0.0389439723   0.0282328582  -0.1196279675   0.0252616328   0.0004263619
        0.0008829419   0.0013141140  -0.0053648991  -0.0481077336   0.0052090859
        0.0128094367  -0.0087832999   0.0026908115  -0.0172601242  -0.0624643597
        0.0113236212   0.0046733089   0.0011504902  -0.0075712181   0.0009210728
        0.0005837303   0.0002171072  -0.0002379405  -0.0002048596   0.0000196686
        0.0001628706   0.0005055769  -0.0000466521   0.0008816128   0.0003630501
        0.0005510751   0.0021094020  -0.0020321141  -0.0266002450   0.0009584012
        0.0002534923  -0.0003125998   0.0002166241  -0.0002948874  -0.0000991483
        0.0006108534   0.0003290426  -0.0000918532  -0.0011402092   0.0027854551
        0.0038139553  -0.0011780041  -0.0018023363   0.0003745245   0.0202572645
       -0.0016417192  -0.0575953150  -0.0124215922   0.0036050040   0.0037915431
        0.0134916138   0.0242438832   0.4482575010  -0.0320830543  -0.0410777251
       -0.0497920271  -0.0169539435   0.0394159493  -0.0676258661  -0.0088010023
        0.0200019461  -0.0160945961  -0.0019416090  -0.0112898658   0.0034814604
        0.0103362478  -0.0077958520   0.0040567404   0.0036521709  -0.0108344444
       -0.2271675430   0.0284592630  -0.0060952199  -0.0244912986   0.0023967388
        0.0009617603  -0.0015425722  -0.0003356264  -0.0000582929  -0.0003079377
       -0.0001945539  -0.0001706681   0.0001618741   0.0008434296  -0.0014184901
        0.0001178824  -0.0054507252  -0.0082025934  -0.0190477267   0.0004164155
       -0.0006785260  -0.0004435339   0.0000363227  -0.0002773072   0.0001447882
        0.0001499377   0.0001393346  -0.0001851402  -0.0050815603   0.0017657594
        0.0029916350  -0.0011849897  -0.0014620866  -0.0000201633  -0.0213882444
       -0.0225490435  -0.0053047468   0.0004965619  -0.0004288345  -0.0003071175
       -0.1198721626  -0.1020161443  -0.0320830543   0.1376491461   0.1166659023
        0.0394074140   0.0044260311   0.0056285254   0.0014013120   0.0001315255
       -0.0001042150   0.0002658505   0.0001205026   0.0029289895  -0.0000921724
        0.0006547231  -0.0005342071   0.0000654204   0.0004072970  -0.0010375202
       -0.0050902263   0.0017728219   0.0001710228  -0.0009458224   0.0001756663
        0.0002332401  -0.0004698025  -0.0000666907   0.0000180436  -0.0000239603
        0.0000032321   0.0001507464   0.0000005240   0.0000323467   0.0003544352
        0.0000303185   0.0016862514  -0.0001689630  -0.0003813066  -0.0001833719
        0.0003447854   0.0006885809   0.0000709763  -0.0000997704   0.0000524573
        0.0002081713   0.0002166877  -0.0002128758   0.0002200916   0.0011187176
       -0.0002855521   0.0002277805  -0.0000357789   0.0000559417  -0.0005511377
        0.0021000491   0.0005231503   0.0002406765   0.0003393804  -0.0001282133
       -0.0998016311  -0.1746860069  -0.0410777251   0.1166659023   0.2027747713
        0.0532631275  -0.0147067642  -0.0220234193  -0.0047194690  -0.0002417623
        0.0001721104  -0.0000636987   0.0005752214  -0.0097345778   0.0018783539
       -0.0005866966   0.0021815217  -0.0004143906  -0.0030193762  -0.0028298991
       -0.0083721676   0.0006669806   0.0000135026   0.0008681811  -0.0001666860
       -0.0002877823  -0.0001536422   0.0000656976  -0.0000293286  -0.0000318789
        0.0000368073   0.0001388945   0.0000237283   0.0000075591  -0.0005196440
       -0.0002089262   0.0004256156   0.0006577627  -0.0009372791  -0.0003051504
        0.0003509546  -0.0000860340   0.0000387007   0.0000820843   0.0000793697
       -0.0001242270  -0.0000848606   0.0000803404   0.0018142854  -0.0001295289
       -0.0001734881   0.0001565136   0.0003269821   0.0000687965   0.0045900990
        0.0049491884   0.0024060288  -0.0004841886   0.0000932365  -0.0000132354
       -0.0292987591  -0.0389439723  -0.0497920271   0.0394074140   0.0532631275
        0.0734192996   0.0042174060   0.0068602129   0.0032083478   0.0002681621
        0.0003555071  -0.0000050182  -0.0003057195   0.0033188391  -0.0002638839
        0.0005262992  -0.0003786272  -0.0003552489  -0.0211317903  -0.0278258496
       -0.0232488784  -0.0002924797   0.0003965730   0.0008812779  -0.0007426811
       -0.0002677415  -0.0002938524   0.0000013311   0.0000251026   0.0000366151
        0.0000081118  -0.0000355183  -0.0000369285   0.0000218960  -0.0003951351
       -0.0000506868   0.0010342123  -0.0011806778  -0.0057567073   0.0003220776
       -0.0003407231  -0.0001405214   0.0000120372  -0.0000061346   0.0000297703
       -0.0353652611  -0.0219684358  -0.0016505840   0.0018887747  -0.0008348849
       -0.0012181376   0.0007377074  -0.0000276330   0.0001993422  -0.0175232442
        0.0214379462  -0.0047695370  -0.0039633551   0.0011101283   0.0008169036
       -0.0619518831   0.0282328582  -0.0169539435   0.0044260311  -0.0147067642
        0.0042174060   0.4349713952  -0.0355743855  -0.0283114678  -0.0373138359
        0.0023204831  -0.0031766036  -0.0626389161  -0.0209541566  -0.0085270178
       -0.2149250509   0.0403855378   0.0500853943   0.0000052667   0.0028681522
       -0.0013607275   0.0006461134   0.0001260504  -0.0016390180   0.0005361506
        0.0002124521   0.0006573327   0.0013198017  -0.0000619099  -0.0011761637
       -0.0035804148  -0.0001202901   0.0008270129  -0.0063982467  -0.0016386232
        0.0133025880  -0.0004686145  -0.0001583598  -0.0015388632  -0.0003519191
       -0.0002483231   0.0004774127  -0.0000504992  -0.0003998420  -0.0002613286
       -0.0142919240   0.0028622418   0.0063381147   0.0012010634   0.0001699565
        0.0010181869  -0.0000460495  -0.0003998795   0.0000843410   0.0122757548
       -0.0051361476  -0.0039736435  -0.0016256575   0.0019470540   0.0000874561
        0.0241571488  -0.1196279675   0.0394159493   0.0056285254  -0.0220234193
        0.0068602129  -0.0355743855   0.3965118747   0.0131775382   0.0019818835
       -0.0415706892  -0.0044916666  -0.0482364260  -0.1549818969  -0.0470722679
        0.0513174322  -0.0570628032  -0.0148348808   0.0020524601  -0.0007262095
        0.0049267974  -0.0010129993   0.0007389990   0.0029291671  -0.0005089234
       -0.0006744690  -0.0002775499   0.0020931121   0.0011126392  -0.0008783468
        0.0006627603   0.0010080014  -0.0004931910  -0.0000865899  -0.0023432552
       -0.0026272074  -0.0006168973   0.0015005076   0.0001344996   0.0002727394
       -0.0010685605  -0.0004671496   0.0003569724  -0.0002359767   0.0001436401
        0.0020853591   0.0108160664   0.0006959660  -0.0003410582  -0.0010153709
        0.0006595540   0.0003934942   0.0000299838   0.0000805531   0.0019779645
       -0.0049388422   0.0055941333   0.0024751020  -0.0004592814  -0.0003406112
       -0.0107010700   0.0252616328  -0.0676258661   0.0014013120  -0.0047194690
        0.0032083478  -0.0283114678   0.0131775382   0.5279627203  -0.0083538376
       -0.0060490317  -0.2406304290  -0.0186640665  -0.0510617620  -0.0776857094
        0.0249856918  -0.0061702763  -0.0942973857  -0.0113991782   0.0283726552
       -0.0439300156  -0.0009785432   0.0002724740  -0.0017581143   0.0007720982
        0.0001790286   0.0000564101   0.0041760957   0.0026346553   0.0018472349
        0.0027540628   0.0001936951   0.0000704058   0.0387440313  -0.0073418522
       -0.0131674294  -0.0010501583   0.0009766598  -0.0008296937   0.0003023947
       -0.0000421147   0.0002633060  -0.0002682267  -0.0001163886  -0.0001733770
        0.0017281703  -0.0010725614  -0.0034965018  -0.0002456738   0.0000658921
       -0.0001063601  -0.0000410109  -0.0000206911   0.0000149042  -0.0000148008
        0.0001337973  -0.0009636579   0.0000772584  -0.0001699651   0.0001341780
        0.0010152046   0.0004263619  -0.0088010023   0.0001315255  -0.0002417623
        0.0002681621  -0.0373138359   0.0019818835  -0.0083538376   0.0569968736
        0.0027905515   0.0023993993  -0.0075606976  -0.0116356771  -0.0189006038
       -0.0103016182   0.0025225770   0.0358682950  -0.0008192020   0.0023397569
       -0.0030901275   0.0001033554   0.0001557675   0.0003229374   0.0001850766
       -0.0001099575   0.0004439953   0.0001077170   0.0000840162   0.0011173379
        0.0001232706   0.0001995987   0.0002577330  -0.0041897741   0.0022143526
        0.0027149863   0.0002075986   0.0000771895   0.0000925446  -0.0001374842
        0.0002022439   0.0000450860  -0.0000519532   0.0000566261   0.0000325316
        0.0011072595   0.0005291823  -0.0014476281  -0.0001207973  -0.0000402781
        0.0001804479   0.0000176432  -0.0000544621   0.0000168272  -0.0001464520
        0.0004105357   0.0006404202  -0.0001441374  -0.0000156323  -0.0001075634
        0.0012546427   0.0008829419   0.0200019461  -0.0001042150   0.0001721104
        0.0003555071   0.0023204831  -0.0415706892  -0.0060490317   0.0027905515
        0.0564312001   0.0192068604  -0.0123192185  -0.0137467921  -0.0320483487
        0.0018804646   0.0006753637  -0.0077830846   0.0021473276  -0.0045419519
        0.0063621344  -0.0004251718  -0.0001435302  -0.0005224873   0.0001867327
       -0.0001386195  -0.0000872364   0.0000100520   0.0002960269   0.0009850969
        0.0003335699   0.0001127148   0.0001685798   0.0009643939   0.0013330487
        0.0000087484  -0.0001082447  -0.0001597146  -0.0001166708   0.0004633038
       -0.0004966686   0.0001660658  -0.0001081879   0.0000652139   0.0000694168
        0.0007504512   0.0007899742   0.0024057506  -0.0001910511  -0.0000143897
       -0.0005513647   0.0000158897   0.0000013625   0.0000349031   0.0000159631
       -0.0002060433  -0.0005523266   0.0001418186  -0.0001071003  -0.0000880971
       -0.0014913251   0.0013141140  -0.0160945961   0.0002658505  -0.0000636987
       -0.0000050182  -0.0031766036  -0.0044916666  -0.2406304290   0.0023993993
        0.0192068604   0.2935577663  -0.0102195863  -0.0170906651  -0.0177848491
        0.0106676533  -0.0016664607  -0.0170023429  -0.0011700262   0.0037849647
       -0.0043566122   0.0007156348  -0.0004246705   0.0004618355  -0.0001851803
        0.0000181065   0.0000697942  -0.0013222702  -0.0001598434   0.0001079113
        0.0004095077   0.0002554611   0.0001823127   0.0020462395  -0.0011002624
       -0.0004266428   0.0003362835  -0.0001022743   0.0004044633  -0.0000402146
        0.0000093989   0.0002351827   0.0000315663   0.0000468327   0.0000323588
       -0.1778002320   0.0257017240   0.0624332435  -0.0377814959   0.0160718955
        0.0108845982  -0.0038330856   0.0057203094  -0.0020128009  -0.0010438779
       -0.0038028367   0.0006974839   0.0001016581  -0.0002146180  -0.0001313776
        0.0024330555  -0.0053648991  -0.0019416090   0.0001205026   0.0005752214
       -0.0003057195  -0.0626389161  -0.0482364260  -0.0186640665  -0.0075606976
       -0.0123192185  -0.0102195863   0.3861629680   0.0522876051  -0.0704054452
       -0.0588091464  -0.0272020514   0.0002147049   0.0004078106   0.0002413598
        0.0021942233   0.0005794530  -0.0006326477   0.0000261377   0.0013338874
       -0.0014844638  -0.0011732952  -0.0166798179   0.0019773615   0.0210195994
       -0.0275189637  -0.0053380365   0.0072880201   0.0013800595   0.0010185709
       -0.0003026086   0.0002143896   0.0004825229   0.0002535105   0.0001007367
        0.0006950808  -0.0002256816   0.0008317122  -0.0001764537   0.0003706691
        0.0080372329  -0.0709957698  -0.0171594285   0.0289171005  -0.0027102453
       -0.0095118152   0.0041928564  -0.0051047268   0.0015563523  -0.0035879163
        0.0044397622   0.0003240405   0.0001629794   0.0005017717   0.0001082576
       -0.0220331242  -0.0481077336  -0.0112898658   0.0029289895  -0.0097345778
        0.0033188391  -0.0209541566  -0.1549818969  -0.0510617620  -0.0116356771
       -0.0137467921  -0.0170906651   0.0522876051   0.2845014414   0.0925847297
       -0.0125702880   0.0080846988   0.0050979262  -0.0003963726   0.0022849930
       -0.0000984990   0.0002813409  -0.0005645300  -0.0012108504  -0.0003849173
        0.0012853783  -0.0011808847   0.0012932562   0.0017757109  -0.0033490028
       -0.0272092784  -0.0004070098   0.0097057639   0.0011504559   0.0012644796
       -0.0000690421  -0.0000008639   0.0016003718  -0.0006877413   0.0000422012
        0.0004635220   0.0002716575  -0.0005214237   0.0001511522  -0.0002580099
        0.0550941796  -0.0251280307  -0.0817102872  -0.0016966473  -0.0020778017
        0.0040420183  -0.0009976417   0.0008612842   0.0004342348   0.0000519611
       -0.0001755060  -0.0001691310   0.0001277067  -0.0002798253   0.0001172550
        0.0029121370   0.0052090859   0.0034814604  -0.0000921724   0.0018783539
       -0.0002638839  -0.0085270178  -0.0470722679  -0.0776857094  -0.0189006038
       -0.0320483487  -0.0177848491  -0.0704054452   0.0925847297   0.1714350304
        0.0110078368   0.0085592557   0.0074370296   0.0006067526   0.0024184623
        0.0030438373   0.0004230569  -0.0004409424   0.0004115313  -0.0005172684
       -0.0002625889   0.0019761612   0.0376277722  -0.0041324411  -0.0207444214
       -0.0071385681   0.0007698138   0.0035968362  -0.0002834431   0.0011322927
        0.0007261578   0.0008218889  -0.0018924986   0.0012978565  -0.0001165096
        0.0000092096  -0.0000798458   0.0000020258   0.0000877635   0.0004387189
       -0.0030333412  -0.0078568330  -0.0057386849   0.0013100762   0.0003653329
        0.0003794250  -0.0000137153   0.0000638616  -0.0000389989  -0.0005736798
        0.0056539257  -0.0050985379  -0.0030451937   0.0010510900   0.0003915202
       -0.0376740006   0.0128094367   0.0103362478   0.0006547231  -0.0005866966
        0.0005262992  -0.2149250509   0.0513174322   0.0249856918  -0.0103016182
        0.0018804646   0.0106676533  -0.0588091464  -0.0125702880   0.0110078368
        0.3643346284  -0.0576453966  -0.0559261819   0.0023201616  -0.0026772324
       -0.0008505381  -0.0001578470  -0.0001090467   0.0013471171  -0.0001386635
       -0.0003337297  -0.0001979035   0.0006569842   0.0000945162  -0.0002975931
       -0.0027283187  -0.0001012939   0.0009842313  -0.0385560419   0.0079720302
        0.0070609946   0.0005653545   0.0003354809   0.0005554374   0.0001515290
        0.0000619865  -0.0002851346  -0.0000368397   0.0002749594   0.0001911186
       -0.0029494820  -0.0037508871  -0.0014490569  -0.0008357288  -0.0002592248
       -0.0003255327   0.0000000411   0.0001202364  -0.0000271940   0.0022626317
       -0.0053877044   0.0044406140   0.0023614057  -0.0007457190  -0.0003886213
        0.0351570824  -0.0087832999  -0.0077958520  -0.0005342071   0.0021815217
       -0.0003786272   0.0403855378  -0.0570628032  -0.0061702763   0.0025225770
        0.0006753637  -0.0016664607  -0.0272020514   0.0080846988   0.0085592557
       -0.0576453966   0.0714273674  -0.0073945870   0.0004175779   0.0010229559
       -0.0001536296   0.0000206920   0.0000333626  -0.0008798698   0.0004018577
        0.0004352968   0.0002155866  -0.0000612783  -0.0002347766   0.0000860370
       -0.0011060707  -0.0000196386   0.0004222468   0.0072602087  -0.0077043898
        0.0130603024  -0.0000378540  -0.0003853070  -0.0003027306  -0.0001649166
        0.0003792075   0.0002476366  -0.0002526265  -0.0000262605  -0.0000992410
       -0.0007780557  -0.0001676138   0.0014734823  -0.0002203351   0.0000334902
        0.0000200109  -0.0000841820   0.0000473425  -0.0000548558  -0.0012499226
        0.0012115296  -0.0003150745  -0.0001162522  -0.0001266722   0.0000136350
       -0.0059640370   0.0026908115   0.0040567404   0.0000654204  -0.0004143906
       -0.0003552489   0.0500853943  -0.0148348808  -0.0942973857   0.0358682950
       -0.0077830846  -0.0170023429   0.0002147049   0.0050979262   0.0074370296
       -0.0559261819  -0.0073945870   0.5019102794  -0.0036403741   0.0025387362
        0.0013436590   0.0005830874  -0.0001891555   0.0000752936  -0.0002041697
       -0.0000302506  -0.0000070424  -0.0002730709  -0.0001034885   0.0001981597
        0.0001530635   0.0001075564   0.0001382448  -0.0187772941   0.0192645981
       -0.4047474504   0.0003467742   0.0000714027   0.0000337451  -0.0001242719
        0.0000109875   0.0000821745   0.0000414074  -0.0000302572  -0.0000030537
       -0.0003478438  -0.0001653303   0.0000270262   0.0008714174   0.0002595502
       -0.0021985906   0.0002491782   0.0003832924   0.0001229044  -0.0002016952
        0.0023626351   0.0300986772   0.0022718486  -0.0012284337  -0.0006871043
       -0.0609616170  -0.0172601242   0.0036521709   0.0004072970  -0.0030193762
       -0.0211317903   0.0000052667   0.0020524601  -0.0113991782  -0.0008192020
        0.0021473276  -0.0011700262   0.0004078106  -0.0003963726   0.0006067526
        0.0023201616   0.0004175779  -0.0036403741   0.2491928348   0.2015061582
        0.0408847923  -0.0070885855   0.0009270644   0.0085378074  -0.0104576440
       -0.0046264301   0.0030619097   0.0000414738   0.0000928879  -0.0001275643
       -0.0000181487   0.0000237182  -0.0000454128   0.0017769756  -0.0021761120
        0.0022302995  -0.1779356758  -0.1812755690  -0.0487943300  -0.0002279122
        0.0000319123  -0.0004906891   0.0005140601  -0.0000568361   0.0004627196
        0.0008869812  -0.0002162523  -0.0006119434  -0.0003404292  -0.0005467168
       -0.0009145971   0.0000913677   0.0001139939   0.0000257240   0.0021180798
        0.0021951384  -0.0055101472  -0.0012584910   0.0003268918   0.0002011275
       -0.0158017494  -0.0624643597  -0.0108344444  -0.0010375202  -0.0028298991
       -0.0278258496   0.0028681522  -0.0007262095   0.0283726552   0.0023397569
       -0.0045419519   0.0037849647   0.0002413598   0.0022849930   0.0024184623
       -0.0026772324   0.0010229559   0.0025387362   0.2015061582   0.2625807515
        0.0655272526   0.0015471492   0.0001776094  -0.0025426619  -0.0050933647
       -0.0000640261   0.0011305851   0.0001271828   0.0001361745   0.0001659383
       -0.0000314453   0.0000946668  -0.0000744952  -0.0023796162   0.0015204474
       -0.0018269915  -0.1820917530  -0.1992753348  -0.0547418797   0.0001040305
        0.0004002444   0.0002851737  -0.0011186170  -0.0001891169   0.0004323905
       -0.0003461305  -0.0003043008   0.0008745175  -0.0021001632  -0.0010730393
       -0.0006029917   0.0001310310   0.0000641047  -0.0003855169   0.0047838702
       -0.0011460747  -0.0263986491  -0.0003498164  -0.0006059402   0.0011115973
        0.0254124469   0.0113236212  -0.2271675430  -0.0050902263  -0.0083721676
       -0.0232488784  -0.0013607275   0.0049267974  -0.0439300156  -0.0030901275
        0.0063621344  -0.0043566122   0.0021942233  -0.0000984990   0.0030438373
       -0.0008505381  -0.0001536296   0.0013436590   0.0408847923   0.0655272526
        0.3898007414   0.0086864624  -0.0025989491  -0.0106577948  -0.0013714059
       -0.0000345986   0.0018258922  -0.0002090093  -0.0001903521  -0.0000814774
       -0.0000535722   0.0001205486   0.0000146760   0.0006815411  -0.0011954715
        0.0015396936  -0.0680006266  -0.0732952213  -0.0633205429  -0.0000995206
        0.0008328896   0.0006330832   0.0001474968  -0.0000891049  -0.0000376755
        0.0000717381   0.0004665576  -0.0005018464   0.0013305078  -0.0042346223
       -0.0160293968   0.0011681697   0.0013092819  -0.0002325396  -0.0508918476
       -0.0102667998   0.0068975610   0.0029680614  -0.0009336686  -0.0119443604
        0.0005417251   0.0046733089   0.0284592630   0.0017728219   0.0006669806
       -0.0002924797   0.0006461134  -0.0010129993  -0.0009785432   0.0001033554
       -0.0004251718   0.0007156348   0.0005794530   0.0002813409   0.0004230569
       -0.0001578470   0.0000206920   0.0005830874  -0.0070885855   0.0015471492
        0.0086864624   0.1177816212   0.1619002449   0.0027694847  -0.0018626573
       -0.0044074790  -0.0038154071  -0.0002981000  -0.0002778894   0.0002196664
       -0.0001261459   0.0001760070   0.0002473115   0.0001408964  -0.0001176205
       -0.0000376318  -0.0005379864   0.0000809063  -0.0005207006  -0.0663123835
       -0.1493086184  -0.0149806917   0.0001710898  -0.0001376003   0.0003320692
        0.0005250285   0.0002638262  -0.0003750648  -0.0001166593  -0.0054991726
       -0.0288673979   0.0005217066   0.0008297088   0.0000573412  -0.0062594953
       -0.0717152221  -0.0240490555  -0.0013385468   0.0055878329   0.0210906447
        0.0005842018   0.0011504902  -0.0060952199   0.0001710228   0.0000135026
        0.0003965730   0.0001260504   0.0007389990   0.0002724740   0.0001557675
       -0.0001435302  -0.0004246705  -0.0006326477  -0.0005645300  -0.0004409424
       -0.0001090467   0.0000333626  -0.0001891555   0.0009270644   0.0001776094
       -0.0025989491   0.1619002449   0.4263348497   0.0922307376  -0.0046058852
       -0.0065679698  -0.0064341139  -0.0000290032  -0.0003231938  -0.0001277969
       -0.0003561433   0.0003822235   0.0000152215  -0.0000486863   0.0000520606
        0.0000921744   0.0002661559   0.0002255106   0.0001367621  -0.1515651143
       -0.3508236481  -0.0447427385  -0.0001160148  -0.0001527096   0.0000531765
       -0.0001364635   0.0010108779  -0.0004553109  -0.0019411003  -0.0080918550
       -0.0161688143  -0.0000402500   0.0011143241   0.0007188088   0.0194444018
       -0.0048254316  -0.2239831712  -0.0045436958   0.0023569142  -0.0427731991
        0.0054197079  -0.0075712181  -0.0244912986  -0.0009458224   0.0008681811
        0.0008812779  -0.0016390180   0.0029291671  -0.0017581143   0.0003229374
       -0.0005224873   0.0004618355   0.0000261377  -0.0012108504   0.0004115313
        0.0013471171  -0.0008798698   0.0000752936   0.0085378074  -0.0025426619
       -0.0106577948   0.0027694847   0.0922307376   0.3655909420  -0.0032928200
       -0.0046865398  -0.0033216357   0.0002201305  -0.0002416756   0.0005132220
       -0.0000248516   0.0001036677  -0.0000145973  -0.0002941227   0.0003084238
        0.0004428542   0.0000858382   0.0012119997   0.0009405269  -0.0261269276
       -0.0716756853  -0.0468399996   0.0008115091   0.0001139818   0.0004276434
       -0.0034072818   0.0010162529  -0.0215819780  -0.0640122691   0.0065768527
       -0.0253099111   0.0052874006   0.0044325039   0.0236349983  -0.0003149868
       -0.0029892121  -0.0192574917   0.0000836323   0.0011616806   0.0003774946
        0.0015560971   0.0009210728   0.0023967388   0.0001756663  -0.0001666860
       -0.0007426811   0.0005361506  -0.0005089234   0.0007720982   0.0001850766
        0.0001867327  -0.0001851803   0.0013338874  -0.0003849173  -0.0005172684
       -0.0001386635   0.0004018577  -0.0002041697  -0.0104576440  -0.0050933647
       -0.0013714059  -0.0018626573  -0.0046058852  -0.0032928200   0.2898248901
       -0.2044545993   0.1162752133  -0.0016559490   0.0034893354  -0.0028546198
        0.0000485187  -0.0004172173   0.0003198334   0.0003057349  -0.0002620176
        0.0001433256   0.0040442360   0.0009288380   0.0002562681  -0.0001647407
        0.0000398553  -0.0008205009  -0.2213670984   0.1997278408  -0.0680379436
        0.0071670979   0.0021482419   0.0269282028   0.0134275269  -0.0645709264
       -0.0219203359  -0.0000690526   0.0017985365  -0.0059320698  -0.0050245026
       -0.0031392082  -0.0277599964   0.0002572488   0.0020845821  -0.0004000771
        0.0013401731   0.0005837303   0.0009617603   0.0002332401  -0.0002877823
       -0.0002677415   0.0002124521  -0.0006744690   0.0001790286  -0.0001099575
       -0.0001386195   0.0000181065  -0.0014844638   0.0012853783  -0.0002625889
       -0.0003337297   0.0004352968  -0.0000302506  -0.0046264301  -0.0000640261
       -0.0000345986  -0.0044074790  -0.0065679698  -0.0046865398  -0.2044545993
        0.2520763577  -0.0198461935   0.0030226786  -0.0042464857   0.0033394922
       -0.0006966431   0.0021963952  -0.0001142784   0.0001988134  -0.0002314173
        0.0000059908   0.0007716613  -0.0022123687  -0.0002175971  -0.0003830867
       -0.0000537630  -0.0012286500   0.1949590523  -0.1804214829   0.0512683364
       -0.0087403638   0.0053901507  -0.0251926020  -0.0086705243  -0.0403290567
       -0.2118576261   0.0031923819  -0.0044700072  -0.0409129924  -0.0091175012
       -0.0074630586  -0.0242601216   0.0012377500   0.0003433452   0.0009624892
        0.0011536877   0.0002171072  -0.0015425722  -0.0004698025  -0.0001536422
       -0.0002938524   0.0006573327  -0.0002775499   0.0000564101   0.0004439953
       -0.0000872364   0.0000697942  -0.0011732952  -0.0011808847   0.0019761612
       -0.0001979035   0.0002155866  -0.0000070424   0.0030619097   0.0011305851
        0.0018258922  -0.0038154071  -0.0064341139  -0.0033216357   0.1162752133
       -0.0198461935   0.3675495358  -0.0020507298   0.0036191077  -0.0015051646
        0.0008455146  -0.0012528205   0.0008838800  -0.0000751686  -0.0000103970
        0.0002252129  -0.0028047560   0.0006955791  -0.0004496488  -0.0005891190
       -0.0003507418  -0.0013050185  -0.0891632144   0.0702442410  -0.0629010989
       -0.0390697374  -0.0028301615  -0.0145615393  -0.0003861657   0.0004611931
       -0.0121965376  -0.0004357124   0.0002845646  -0.0010299229   0.0002448208
       -0.0003659966   0.0000265238  -0.0001505478  -0.0000285238   0.0000124911
       -0.0001509494  -0.0002379405  -0.0003356264  -0.0000666907   0.0000656976
        0.0000013311   0.0013198017   0.0020931121   0.0041760957   0.0001077170
        0.0000100520  -0.0013222702  -0.0166798179   0.0012932562   0.0376277722
        0.0006569842  -0.0000612783  -0.0002730709   0.0000414738   0.0001271828
       -0.0002090093  -0.0002981000  -0.0000290032   0.0002201305  -0.0016559490
        0.0030226786  -0.0020507298   0.0567047680  -0.0022985716   0.0046045656
       -0.0001632435  -0.0016088987  -0.0136134287   0.0000034924  -0.0000237022
       -0.0002877363  -0.0001517425  -0.0000125618  -0.0000100099   0.0000588861
       -0.0001440172  -0.0000048431   0.0000707123   0.0002829184  -0.0007741859
       -0.0026676241  -0.0439856063  -0.0103486936   0.0025087099  -0.0007437375
        0.0226998808  -0.0001054311   0.0005066252   0.0004427563   0.0001944082
        0.0003252768   0.0006852768   0.0000696319   0.0001514285  -0.0001021233
       -0.0000459197  -0.0002048596  -0.0000582929   0.0000180436  -0.0000293286
        0.0000251026  -0.0000619099   0.0011126392   0.0026346553   0.0000840162
        0.0002960269  -0.0001598434   0.0019773615   0.0017757109  -0.0041324411
        0.0000945162  -0.0002347766  -0.0001034885   0.0000928879   0.0001361745
       -0.0001903521  -0.0002778894  -0.0003231938  -0.0002416756   0.0034893354
       -0.0042464857   0.0036191077  -0.0022985716   0.0478095992   0.0097072247
       -0.0031877932  -0.0021259043  -0.0256596823  -0.0000719945  -0.0000057220
       -0.0000668562   0.0000100930  -0.0001539937   0.0000904427   0.0001663166
        0.0000496491  -0.0001097649   0.0000118131  -0.0001095221   0.0012687670
       -0.0172720839  -0.0069173084  -0.2521044994  -0.0026300682   0.0010621689
       -0.0158262058  -0.0000284491  -0.0003360676   0.0004089583   0.0001088880
       -0.0002396678  -0.0004682291  -0.0000802727  -0.0002365836  -0.0000706954
       -0.0000289171   0.0000196686  -0.0003079377  -0.0000239603  -0.0000318789
        0.0000366151  -0.0011761637  -0.0008783468   0.0018472349   0.0011173379
        0.0009850969   0.0001079113   0.0210195994  -0.0033490028  -0.0207444214
       -0.0002975931   0.0000860370   0.0001981597  -0.0001275643   0.0001659383
       -0.0000814774   0.0002196664  -0.0001277969   0.0005132220  -0.0028546198
        0.0033394922  -0.0015051646   0.0046045656   0.0097072247   0.3010432808
       -0.0023539854  -0.0026915268  -0.0127452190  -0.0002878937  -0.0001517830
        0.0002402245   0.0001146158  -0.0001284922   0.0001810012  -0.0001681477
       -0.0004672597   0.0000443062   0.0001450459   0.0001900878  -0.0007670641
       -0.0838711767  -0.0867472850  -0.0342653878   0.0059633527   0.0102203660
        0.0025679689   0.0000618450   0.0002235961   0.0000745650  -0.0007619504
        0.0021603277  -0.0014031390   0.0002846003   0.0006985950   0.0001102084
       -0.0002523544   0.0001628706  -0.0001945539   0.0000032321   0.0000368073
        0.0000081118  -0.0035804148   0.0006627603   0.0027540628   0.0001232706
        0.0003335699   0.0004095077  -0.0275189637  -0.0272092784  -0.0071385681
       -0.0027283187  -0.0011060707   0.0001530635  -0.0000181487  -0.0000314453
       -0.0000535722  -0.0001261459  -0.0003561433  -0.0000248516   0.0000485187
       -0.0006966431   0.0008455146  -0.0001632435  -0.0031877932  -0.0023539854
        0.1124939430   0.1045133125   0.0385773159   0.0000494865  -0.0000783656
       -0.0001030109   0.0000270289   0.0000033993   0.0000087005   0.0000340994
        0.0000994706   0.0000059555  -0.0000686603   0.0002979490   0.0000220943
       -0.0900089870  -0.2051223823  -0.0643061234  -0.0094576124  -0.0269876288
       -0.0065168209  -0.0001398766   0.0001020059  -0.0002960132   0.0031612612
       -0.0039859217   0.0021755781  -0.0006894513  -0.0013995193  -0.0001880742
        0.0003808337   0.0005055769  -0.0001706681   0.0001507464   0.0001388945
       -0.0000355183  -0.0001202901   0.0010080014   0.0001936951   0.0001995987
        0.0001127148   0.0002554611  -0.0053380365  -0.0004070098   0.0007698138
       -0.0001012939  -0.0000196386   0.0001075564   0.0000237182   0.0000946668
        0.0001205486   0.0001760070   0.0003822235   0.0001036677  -0.0004172173
        0.0021963952  -0.0012528205  -0.0016088987  -0.0021259043  -0.0026915268
        0.1045133125   0.2354386250   0.0720317415   0.0000417094  -0.0000500540
       -0.0000685392  -0.0001166444  -0.0001689405  -0.0000150098  -0.0000862147
        0.0001103936   0.0000762268  -0.0005626642   0.0001775017  -0.0002931746
       -0.0379955306  -0.0669347660  -0.0681371417   0.0036276886   0.0090342084
        0.0031862291   0.0001709399  -0.0002100408  -0.0001283491  -0.0008133974
        0.0016219972  -0.0007250936   0.0002583237   0.0005639766   0.0000636030
       -0.0000805513  -0.0000466521   0.0001618741   0.0000005240   0.0000237283
       -0.0000369285   0.0008270129  -0.0004931910   0.0000704058   0.0002577330
        0.0001685798   0.0001823127   0.0072880201   0.0097057639   0.0035968362
        0.0009842313   0.0004222468   0.0001382448  -0.0000454128  -0.0000744952
        0.0000146760   0.0002473115   0.0000152215  -0.0000145973   0.0003198334
       -0.0001142784   0.0008838800  -0.0136134287  -0.0256596823  -0.0127452190
        0.0385773159   0.0720317415   0.0733736038  -0.0000300542  -0.0000536714
        0.0000809997   0.0000413981   0.0001075931  -0.0000521729  -0.0000891881
       -0.0001196304   0.0001130588   0.0000672307   0.0000113507  -0.0000262220
       -0.0005044612  -0.0002579910   0.0003825307  -0.0000397953  -0.0001960509
       -0.0000049727   0.0001979250  -0.0000326043   0.0000021687  -0.0001188898
        0.0000130009   0.0002838750   0.0001631327  -0.0000851530   0.0000498294
        0.0004351899   0.0008816128   0.0008434296   0.0000323467   0.0000075591
        0.0000218960  -0.0063982467  -0.0000865899   0.0387440313  -0.0041897741
        0.0009643939   0.0020462395   0.0013800595   0.0011504559  -0.0002834431
       -0.0385560419   0.0072602087  -0.0187772941   0.0017769756  -0.0023796162
        0.0006815411   0.0001408964  -0.0000486863  -0.0002941227   0.0003057349
        0.0001988134  -0.0000751686   0.0000034924  -0.0000719945  -0.0002878937
        0.0000494865   0.0000417094  -0.0000300542   0.0466770765  -0.0074358113
       -0.0230032059  -0.0012974235   0.0001988353  -0.0003318134  -0.0000738791
        0.0000028170   0.0000462097   0.0000161955  -0.0001249092  -0.0000137826
       -0.0002687981  -0.0000583070  -0.0000260637   0.0001760095   0.0000843880
        0.0001202645  -0.0000456473  -0.0000332180   0.0000052184   0.0000404148
       -0.0000614260  -0.0002444297  -0.0000511901  -0.0000044174  -0.0000284251
        0.0001122533   0.0003630501  -0.0014184901   0.0003544352  -0.0005196440
       -0.0003951351  -0.0016386232  -0.0023432552  -0.0073418522   0.0022143526
        0.0013330487  -0.0011002624   0.0010185709   0.0012644796   0.0011322927
        0.0079720302  -0.0077043898   0.0192645981  -0.0021761120   0.0015204474
       -0.0011954715  -0.0001176205   0.0000520606   0.0003084238  -0.0002620176
       -0.0002314173  -0.0000103970  -0.0000237022  -0.0000057220  -0.0001517830
       -0.0000783656  -0.0000500540  -0.0000536714  -0.0074358113   0.0063644870
       -0.0090722109   0.0000232619   0.0001338119   0.0002767979   0.0000539904
       -0.0001076228  -0.0000798938   0.0001325691   0.0000037001   0.0000104907
        0.0000406929   0.0001361717  -0.0003828214  -0.0000835382   0.0001053136
       -0.0001468981  -0.0000798991  -0.0000009422   0.0000581608   0.0002108822
       -0.0000413489  -0.0008104372  -0.0002068868   0.0001315507   0.0000985943
       -0.0011530482   0.0005510751   0.0001178824   0.0000303185  -0.0002089262
       -0.0000506868   0.0133025880  -0.0026272074  -0.0131674294   0.0027149863
        0.0000087484  -0.0004266428  -0.0003026086  -0.0000690421   0.0007261578
        0.0070609946   0.0130603024  -0.4047474504   0.0022302995  -0.0018269915
        0.0015396936  -0.0000376318   0.0000921744   0.0004428542   0.0001433256
        0.0000059908   0.0002252129  -0.0002877363  -0.0000668562   0.0002402245
       -0.0001030109  -0.0000685392   0.0000809997  -0.0230032059  -0.0090722109
        0.4160617673  -0.0004025399  -0.0001823864   0.0002364637  -0.0000226048
        0.0000336095  -0.0000751012  -0.0000513769   0.0000395141  -0.0000205439
        0.0000966549   0.0000830338  -0.0002895525   0.0006635736   0.0003756658
        0.0038708332   0.0001660502  -0.0001358549  -0.0003671084   0.0017490052
        0.0005430936  -0.0001449703  -0.0001174807   0.0004767442   0.0002139122
        0.0000147256   0.0021094020  -0.0054507252   0.0016862514   0.0004256156
        0.0010342123  -0.0004686145  -0.0006168973  -0.0010501583   0.0002075986
       -0.0001082447   0.0003362835   0.0002143896  -0.0000008639   0.0008218889
        0.0005653545  -0.0000378540   0.0003467742  -0.1779356758  -0.1820917530
       -0.0680006266  -0.0005379864   0.0002661559   0.0000858382   0.0040442360
        0.0007716613  -0.0028047560  -0.0001517425   0.0000100930   0.0001146158
        0.0000270289  -0.0001166444   0.0000413981  -0.0012974235   0.0000232619
       -0.0004025399   0.1719681271   0.1776760888   0.0720819828  -0.0000378672
       -0.0001875403   0.0001486785  -0.0008562050   0.0005348365  -0.0005859804
       -0.0008213969   0.0002169516   0.0005404192   0.0003666329   0.0007177363
        0.0001649071   0.0000116832  -0.0000086859  -0.0000760920  -0.0009163953
        0.0003129587  -0.0007702317   0.0002664888  -0.0004643569  -0.0002017025
        0.0013160453  -0.0020321141  -0.0082025934  -0.0001689630   0.0006577627
       -0.0011806778  -0.0001583598   0.0015005076   0.0009766598   0.0000771895
       -0.0001597146  -0.0001022743   0.0004825229   0.0016003718  -0.0018924986
        0.0003354809  -0.0003853070   0.0000714027  -0.1812755690  -0.1992753348
       -0.0732952213   0.0000809063   0.0002255106   0.0012119997   0.0009288380
       -0.0022123687   0.0006955791  -0.0000125618  -0.0001539937  -0.0001284922
        0.0000033993  -0.0001689405   0.0001075931   0.0001988353   0.0001338119
       -0.0001823864   0.1776760888   0.1992805607   0.0830966826  -0.0001607027
       -0.0001673509  -0.0000067305   0.0017698372   0.0003819952  -0.0008263426
        0.0005496189   0.0003974667  -0.0010786812   0.0010936744   0.0002444640
       -0.0021031625  -0.0001876485  -0.0000207682  -0.0000556058   0.0002066236
       -0.0010978754  -0.0003103057   0.0000500764  -0.0001556297  -0.0000431413
       -0.0230752075  -0.0266002450  -0.0190477267  -0.0003813066  -0.0009372791
       -0.0057567073  -0.0015388632   0.0001344996  -0.0008296937   0.0000925446
       -0.0001166708   0.0004044633   0.0002535105  -0.0006877413   0.0012978565
        0.0005554374  -0.0003027306   0.0000337451  -0.0487943300  -0.0547418797
       -0.0633205429  -0.0005207006   0.0001367621   0.0009405269   0.0002562681
       -0.0002175971  -0.0004496488  -0.0000100099   0.0000904427   0.0001810012
        0.0000087005  -0.0000150098  -0.0000521729  -0.0003318134   0.0002767979
        0.0002364637   0.0720819828   0.0830966826   0.0893511153   0.0001108642
        0.0000863539  -0.0001268053  -0.0004194218   0.0004299572   0.0007290219
       -0.0002076419   0.0000881182   0.0002397883   0.0000856064  -0.0005647063
       -0.0012084354   0.0001108322  -0.0001445588  -0.0001010336  -0.0022717502
        0.0037537591  -0.0023946818   0.0008742811  -0.0015607323  -0.0001425589
        0.0017385401   0.0009584012   0.0004164155  -0.0001833719  -0.0003051504
        0.0003220776  -0.0003519191   0.0002727394   0.0003023947  -0.0001374842
        0.0004633038  -0.0000402146   0.0001007367   0.0000422012  -0.0001165096
        0.0001515290  -0.0001649166  -0.0001242719  -0.0002279122   0.0001040305
       -0.0000995206  -0.0663123835  -0.1515651143  -0.0261269276  -0.0001647407
       -0.0003830867  -0.0005891190   0.0000588861   0.0001663166  -0.0001681477
        0.0000340994  -0.0000862147  -0.0000891881  -0.0000738791   0.0000539904
       -0.0000226048  -0.0000378672  -0.0001607027   0.0001108642   0.0668433068
        0.1490407255   0.0298256397  -0.0000288677  -0.0000084030   0.0000060336
       -0.0003695692   0.0000375631   0.0005453361  -0.0010393573  -0.0002364809
       -0.0017067303   0.0007411899   0.0001519836  -0.0001149008  -0.0006187787
       -0.0042587407  -0.0058242059   0.0004220978   0.0021826252   0.0003996712
        0.0002039838   0.0002534923  -0.0006785260   0.0003447854   0.0003509546
       -0.0003407231  -0.0002483231  -0.0010685605  -0.0000421147   0.0002022439
       -0.0004966686   0.0000093989   0.0006950808   0.0004635220   0.0000092096
        0.0000619865   0.0003792075   0.0000109875   0.0000319123   0.0004002444
        0.0008328896  -0.1493086184  -0.3508236481  -0.0716756853   0.0000398553
       -0.0000537630  -0.0003507418  -0.0001440172   0.0000496491  -0.0004672597
        0.0000994706   0.0001103936  -0.0001196304   0.0000028170  -0.0001076228
        0.0000336095  -0.0001875403  -0.0001673509   0.0000863539   0.1490407255
        0.3529017757   0.0792741733   0.0000300554  -0.0000685756   0.0001188885
        0.0000153908  -0.0001150776   0.0001070557   0.0004720775  -0.0005737545
       -0.0044225895   0.0000988890   0.0001298728  -0.0000518348  -0.0145866686
       -0.0309646466  -0.0132453899  -0.0004432269  -0.0016596135   0.0002827673
        0.0001325900  -0.0003125998  -0.0004435339   0.0006885809  -0.0000860340
       -0.0001405214   0.0004774127  -0.0004671496   0.0002633060   0.0000450860
        0.0001660658   0.0002351827  -0.0002256816   0.0002716575  -0.0000798458
       -0.0002851346   0.0002476366   0.0000821745  -0.0004906891   0.0002851737
        0.0006330832  -0.0149806917  -0.0447427385  -0.0468399996  -0.0008205009
       -0.0012286500  -0.0013050185  -0.0000048431  -0.0001097649   0.0000443062
        0.0000059555   0.0000762268   0.0001130588   0.0000462097  -0.0000798938
       -0.0000751012   0.0001486785  -0.0000067305  -0.0001268053   0.0298256397
        0.0792741733   0.0650067702  -0.0001190740  -0.0001041532  -0.0000370648
        0.0002760665   0.0004493922  -0.0008212140  -0.0047066673   0.0007150500
       -0.0042619668   0.0025514526  -0.0010104018   0.0006956117  -0.0002154619
        0.0003040852  -0.0007953294   0.0001381038  -0.0007992648  -0.0003255005
       -0.0005658039   0.0002166241   0.0000363227   0.0000709763   0.0000387007
        0.0000120372  -0.0000504992   0.0003569724  -0.0002682267  -0.0000519532
       -0.0001081879   0.0000315663   0.0008317122  -0.0005214237   0.0000020258
       -0.0000368397  -0.0002526265   0.0000414074   0.0005140601  -0.0011186170
        0.0001474968   0.0001710898  -0.0001160148   0.0008115091  -0.2213670984
        0.1949590523  -0.0891632144   0.0000707123   0.0000118131   0.0001450459
       -0.0000686603  -0.0005626642   0.0000672307   0.0000161955   0.0001325691
       -0.0000513769  -0.0008562050   0.0017698372  -0.0004194218  -0.0000288677
        0.0000300554  -0.0001190740   0.2233076876  -0.1944949511   0.0942350710
        0.0001107878  -0.0003472989   0.0018762107  -0.0059690418   0.0022074522
        0.0021055396   0.0006184032   0.0010303810  -0.0002560007  -0.0002812109
        0.0015441564  -0.0008843951  -0.0000423222  -0.0003159006  -0.0000726322
       -0.0001129802  -0.0002948874  -0.0002773072  -0.0000997704   0.0000820843
       -0.0000061346  -0.0003998420  -0.0002359767  -0.0001163886   0.0000566261
        0.0000652139   0.0000468327  -0.0001764537   0.0001511522   0.0000877635
        0.0002749594  -0.0000262605  -0.0000302572  -0.0000568361  -0.0001891169
       -0.0000891049  -0.0001376003  -0.0001527096   0.0001139818   0.1997278408
       -0.1804214829   0.0702442410   0.0002829184  -0.0001095221   0.0001900878
        0.0002979490   0.0001775017   0.0000113507  -0.0001249092   0.0000037001
        0.0000395141   0.0005348365   0.0003819952   0.0004299572  -0.0000084030
       -0.0000685756  -0.0001041532  -0.1944949511   0.1765180943  -0.0733091054
       -0.0010185550  -0.0003534420  -0.0060745079  -0.0225656260   0.0213349148
       -0.0167554554  -0.0016796776   0.0010587129   0.0000152541  -0.0003297558
       -0.0001382154  -0.0004007793  -0.0003654358  -0.0004614248   0.0000293315
       -0.0000724930  -0.0000991483   0.0001447882   0.0000524573   0.0000793697
        0.0000297703  -0.0002613286   0.0001436401  -0.0001733770   0.0000325316
        0.0000694168   0.0000323588   0.0003706691  -0.0002580099   0.0004387189
        0.0001911186  -0.0000992410  -0.0000030537   0.0004627196   0.0004323905
       -0.0000376755   0.0003320692   0.0000531765   0.0004276434  -0.0680379436
        0.0512683364  -0.0629010989  -0.0007741859   0.0012687670  -0.0007670641
        0.0000220943  -0.0002931746  -0.0000262220  -0.0000137826   0.0000104907
       -0.0000205439  -0.0005859804  -0.0008263426   0.0007290219   0.0000060336
        0.0001188885  -0.0000370648   0.0942350710  -0.0733091054   0.0853499553
