   -0.12718398
    0.09367028
   -0.25502302
    0.38595478
   -0.48035324
   -0.25895961
    0.07585497
   -0.12905023
   -0.15972227
    0.03280619
   -0.11405930
    0.38313342
   -0.47352979
   -0.25853551
    0.06820571
   -0.12792852
   -0.26347133
    0.08389903
   -0.12755759
    0.06644643
    0.08217472
    0.07835640
    0.04230073
    0.06139723
    0.06446110
    0.09360580
    0.05660333
    0.08568354
    0.07564408
    0.10684793
    0.11304596
    0.09909965
    0.07175185
    0.06693764
    0.08479923
    0.05579796
    0.05723353
    0.07742130
    0.08151529
    0.07473555
    0.05599076
