   -0.12684263
    0.06427796
   -0.25341211
    0.37610061
   -0.48386881
   -0.09939876
    0.01691028
    0.09183111
    0.36879076
   -0.45092177
   -0.24675410
    0.07156205
   -0.12043919
   -0.12967972
    0.37847097
   -0.46877033
   -0.26224050
    0.01209105
   -0.24820105
    0.00616840
    0.07500883
    0.05326982
    0.06990904
    0.08934716
    0.06342522
    0.10229889
    0.11911533
    0.09106542
    0.07587973
    0.08207861
    0.05090584
    0.05931616
    0.08804680
    0.07434053
    0.11069058
    0.09511048
    0.11369022
    0.09082711
