           1           2   1.01363572528499     
           2           3  0.906494622263832     
           3           4   1.20147708198686     
           3           5  0.174100613878245     
           4           5   1.68113824572347     
           4           6  0.973331615450570     
           6           7  0.995755030692867     
           7           8  0.934523139513562     
           7           9  0.952731092464004     
           9          10   1.68772327154716     
           9          11   1.18413687698625     
          10          11  0.168500844549983     
          11          12  0.894613073273063     
          12          13   1.01366695871198     
           7          14  0.952483109406141     
          14          15   1.02921050302682     
          14          16  0.133016244754393     
          15          16   1.48214571025983     
          15          17   1.29000862160590     
          17          18  0.913016732812278     
          15          19   1.29298776285578     
          19          20  0.899128649313032     
           1          21  0.983577138009508     
           1          22  0.978616831522393     
           1          23  0.985318551146723     
           2          24  0.967239720193247     
           2          25  0.970430023390725     
           6          26  0.949088570871620     
           6          27  0.931650370284949     
          12          28  0.968538106709588     
          12          29  0.966992081722955     
          13          30  0.984085228080444     
          13          31  0.977515995962600     
          13          32  0.983754050242882     
          18          33  0.972442804891461     
          18          34  0.977829578281848     
          18          35  0.973759304083791     
          20          36  0.974541030562546     
          20          37  0.972866217054879     
          20          38  0.977322208216684     
