$coord
         -6.475811201146         -0.230335403301         -0.001695174694     c 
         -5.648678138021          2.257299833708         -0.001689247380     c 
         -3.092060793769          2.819640844544          0.000112746908     c 
         -1.373432101939          0.843526444995          0.001519580225     c 
         -2.212419726804         -1.673379538267          0.001154525234     c 
         -4.761652122958         -2.216555045090         -0.000108215156     c 
          0.000033154486         -3.447448903606          0.001889858419     c 
          2.212411692445         -1.673318697406          0.000360778541     c 
          1.373405934715          0.843566335976          0.001338368735     c 
          3.092071224489          2.819652743771          0.001686758989     c 
          5.648667346174          2.257286660428         -0.000042078906     c 
          6.475810147813         -0.230345078509         -0.002347529635     c 
          4.761650657475         -2.216555901892         -0.001898480294     c 
         -8.477968287224         -0.625140219555         -0.003058986888     h 
         -7.016759798031          3.772035993194         -0.003309716105     h 
         -2.454484763385          4.758008655361         -0.000068430756     h 
         -5.419547034202         -4.148788255565         -0.000092890046     h 
          0.000491963695         -4.665828504233          1.667288493085     h 
         -0.000452021502         -4.670103377647         -1.660220346770     h 
          2.454531599487          4.758039943175          0.003662119948     h 
          7.016763027194          3.772024390088          0.000511553539     h 
          8.477983587768         -0.625103084928         -0.004345769128     h 
          5.419488524318         -4.148833327418         -0.003725279314     h 
$end
