$coord
          2.912497516617         -0.589038082060         -3.215280270925     c 
          3.567580306266         -1.265933615893         -0.506391012342     c 
          5.538725236606         -3.371576777883         -0.425320265085     c 
          1.443757490826         -1.865323101185          1.238721373817     c 
         -0.889550801748         -1.342124248310          1.260498704725     n 
         -1.908228426331          0.004479597064         -0.821764682216     o 
         -4.474201427136          0.333915380453         -0.753775798869     c 
         -5.404982144168          1.523133790178         -2.491700246341     o 
         -5.677112648983         -0.673711755301          1.200112136905     n 
         -8.379106643774         -0.489765079852          1.544593362534     c 
          5.057854133793          1.461358888135          1.194359040107     s 
          2.937304673863          4.078240215575          0.573001754081     c 
          2.100863193554         -2.233534040559         -4.148083663686     h 
          1.545252057694          0.937299557997         -3.333319933665     h 
          4.621357396385         -0.037903426160         -4.216064593932     h 
          6.153000699425         -3.717609369307          1.503958335247     h 
          7.176470603631         -2.829696004889         -1.538648979739     h 
          4.743625792612         -5.099669858452         -1.202546060086     h 
          1.996549895776         -2.855358113650          2.944459667258     h 
         -4.623339030290         -1.596886676688          2.503426633639     h 
         -9.210338912522         -2.371390907274          1.601052278588     h 
         -9.154591570885          0.558540932579         -0.045720689888     h 
         -8.800973192423          0.504718257546          3.296377407638     h 
          3.162226096979          4.719424199180         -1.362403519758     h 
          3.488036887677          5.560254015828          1.878435692796     h 
          1.000455829867          3.512693059033          0.936084381064     h 
$end
