   -0.13115838
    0.08874506
   -0.25148514
    0.38274835
   -0.47173027
   -0.26374783
    0.07638847
   -0.12765792
   -0.15338027
    0.03218678
   -0.12070296
    0.37258039
   -0.46507238
   -0.26037728
    0.07602995
   -0.13056075
   -0.26134462
    0.08643649
   -0.12374485
    0.07443194
    0.08242112
    0.07150325
    0.05451239
    0.05836683
    0.06323894
    0.09246597
    0.07444363
    0.05631127
    0.08451192
    0.10912844
    0.11546502
    0.09149563
    0.05873330
    0.07063158
    0.08341469
    0.06061826
    0.07194106
    0.05849684
    0.08570177
    0.05151639
    0.07649691
