           1           2   1.01814053770022     
           2           3  0.883752448102881     
           3           4   1.32989553501910     
           4           5   1.52998542432308     
           4           6   1.35956825513305     
           6           7  0.855778514101921     
           7           8   1.02202103561657     
           4           9  0.966561328978133     
           5           9  0.133140378425671     
           9          10  0.989432060888586     
          10          11  0.979995111150981     
          11          12  0.961488202132765     
          11          13  0.136949635702583     
          12          13   1.54615692228336     
          12          14   1.35476330791498     
          14          15  0.863264944161486     
          15          16   1.02346043128791     
          12          17   1.31367816856729     
          17          18  0.889680236328545     
          18          19   1.02117096548470     
           1          20  0.983235736894375     
           1          21  0.981649357179107     
           1          22  0.975512767709311     
           2          23  0.969702782476626     
           2          24  0.968712442942717     
           7          25  0.966450717571257     
           7          26  0.962897230732423     
           8          27  0.980543256034115     
           8          28  0.982949580098228     
           8          29  0.973428964360588     
          10          30  0.959688609824308     
          10          31  0.947223581494074     
          15          32  0.965273211796698     
          15          33  0.964897102453320     
          16          34  0.973696428616228     
          16          35  0.981247035949910     
          16          36  0.970632509628111     
          18          37  0.964215725765951     
          18          38  0.969080177034485     
          19          39  0.976013704411580     
          19          40  0.981032103064670     
          19          41  0.976419391314770     
