   -0.12405622
    0.06461739
   -0.23160449
    0.37374838
   -0.45384610
   -0.11161806
   -0.00099682
    0.14014596
    0.37007208
   -0.47545594
   -0.23719871
    0.07870804
   -0.13436907
   -0.10037077
    0.34454035
   -0.48040523
   -0.29140359
    0.03487615
   -0.27370628
    0.03144905
    0.07015219
    0.05118325
    0.07692177
    0.06260744
    0.09672482
    0.13550722
    0.13004689
    0.06423722
    0.06603616
    0.07730653
    0.08261730
    0.07516890
    0.06608239
    0.07216915
    0.09683639
    0.08283753
    0.09660234
    0.07383638
