           1           2   1.01966746131804     
           2           3  0.884283072130563     
           3           4   1.27547207746722     
           4           5   1.54442281958993     
           4           6   1.33116878252240     
           6           7  0.873014684548478     
           7           8   1.02424358466722     
           4           9   1.01238193644963     
           9          10  0.977992721746800     
          10          11  0.990964341822409     
          11          12  0.940804249615932     
          11          13  0.141839076147328     
          12          13   1.53139322498629     
          12          14   1.35227745177200     
          14          15  0.858386522534617     
          15          16   1.02021440088387     
          12          17   1.29418368745799     
          17          18  0.890590317643293     
          18          19   1.01777712547586     
           1          20  0.981766846503562     
           1          21  0.975847486699602     
           1          22  0.980552249715580     
           2          23  0.965305928558705     
           2          24  0.965594736301392     
           7          25  0.968468804318904     
           7          26  0.965730544764158     
           8          27  0.980972397511331     
           8          28  0.973655178469135     
           8          29  0.975598888937153     
          10          30  0.956541119903284     
          10          31  0.942011896059776     
          15          32  0.969368659296421     
          15          33  0.966994676971324     
          16          34  0.981781284519860     
          16          35  0.972043588020089     
          16          36  0.980084035900379     
          18          37  0.968262695665635     
          18          38  0.969490077213249     
          19          39  0.982242263370498     
          19          40  0.983301945976097     
          19          41  0.976017715100969     
