   -0.12923901
    0.06347384
   -0.24771265
    0.37258622
   -0.48130956
   -0.10550558
    0.01928031
    0.06990789
    0.37579513
   -0.47944855
   -0.25383526
    0.07007121
   -0.12376762
   -0.11593756
    0.37601776
   -0.45308537
   -0.25881453
    0.00778469
   -0.27200591
    0.01465319
    0.05244080
    0.07417268
    0.07746036
    0.09453249
    0.06211621
    0.13056772
    0.12219870
    0.05835168
    0.09420536
    0.06850581
    0.05114927
    0.07881822
    0.11457028
    0.09405608
    0.07938646
    0.10844179
    0.09008002
    0.10003745
