           1           2   1.02106508805217     
           2           3  0.882029757278777     
           3           4   1.32744887750264     
           4           5   1.55175819536921     
           4           6   1.35229906915547     
           6           7  0.862046839085288     
           7           8   1.02105629269281     
           4           9  0.967947931181985     
           5           9  0.136900627082031     
           9          10  0.973506599989109     
          10          11  0.998332867889478     
          11          12  0.959883758615806     
          11          13  0.134255748909005     
          12          13   1.53981592027497     
          12          14   1.36210177217607     
          14          15  0.855388009063422     
          15          16   1.02189697098157     
          12          17   1.32885243971001     
          17          18  0.882809342930970     
          18          19   1.01786896352083     
           1          20  0.975839274879511     
           1          21  0.981503834283830     
           1          22  0.983391907185929     
           2          23  0.964703884235359     
           2          24  0.969317195766532     
           7          25  0.961456144890773     
           7          26  0.969954929591346     
           8          27  0.981965232124487     
           8          28  0.973643560226115     
           8          29  0.982817903854255     
          10          30  0.962055221159210     
          10          31  0.948226686542706     
          15          32  0.968404648208789     
          15          33  0.963545028993137     
          16          34  0.981546005251524     
          16          35  0.981425711693366     
          16          36  0.972368483734811     
          18          37  0.969325848080211     
          18          38  0.970397147356299     
          19          39  0.981758082302851     
          19          40  0.983245173053691     
          19          41  0.975306551992864     
