   -0.12943928
    0.07435634
   -0.25595656
    0.35551129
   -0.47786685
   -0.25621242
    0.08631915
   -0.12373853
   -0.11655009
    0.03430932
   -0.11603464
    0.38106422
   -0.46952330
   -0.26200084
    0.07789620
   -0.12328511
   -0.26494398
    0.07192030
   -0.13559846
    0.05374415
    0.08500759
    0.07222120
    0.06250452
    0.09225136
    0.05493590
    0.08351024
    0.05219910
    0.08180965
    0.07403025
    0.12075528
    0.07349679
    0.05602311
    0.09494844
    0.04624567
    0.08186272
    0.07552505
    0.07161233
    0.08949810
    0.07162025
    0.06702572
    0.08894580
