   -0.13121744
    0.08307185
   -0.26441127
    0.36450752
   -0.47078948
   -0.25715486
    0.08601160
   -0.12333060
   -0.14428768
    0.03409230
   -0.11966965
    0.36530817
   -0.46819935
   -0.26525445
    0.06931259
   -0.12683123
   -0.26101092
    0.08237130
   -0.12370252
    0.08333387
    0.06470251
    0.07584432
    0.06582292
    0.05680464
    0.05575310
    0.08838991
    0.05450793
    0.08364352
    0.07492648
    0.08445408
    0.13216073
    0.09822044
    0.07815618
    0.05731277
    0.06328956
    0.08873685
    0.07069257
    0.07949193
    0.08881062
    0.06345143
    0.06267773
