   -0.11994537
    0.07177904
   -0.27483206
    0.37277229
   -0.44995994
   -0.10308779
    0.01212506
    0.10637114
    0.37857578
   -0.45829161
   -0.23451434
    0.06900031
   -0.13223747
   -0.13686922
    0.36367085
   -0.47471873
   -0.27606304
    0.01586652
   -0.25149908
    0.01628659
    0.05517160
    0.05166820
    0.07825866
    0.06979430
    0.08211163
    0.11489730
    0.12296951
    0.08421530
    0.06656863
    0.06370508
    0.07750158
    0.08280858
    0.07526700
    0.10701187
    0.08489630
    0.11332823
    0.08275862
    0.09263868
