   -0.13231955
    0.07242210
   -0.26031961
    0.36322056
   -0.46308472
   -0.23994530
    0.09054730
   -0.13200738
   -0.14926939
    0.03545715
   -0.10328201
    0.36559359
   -0.48249553
   -0.25851981
    0.07496171
   -0.12927663
   -0.26093890
    0.08384924
   -0.12334883
    0.06915887
    0.06572150
    0.08694340
    0.07035975
    0.09123315
    0.05174824
    0.06480548
    0.07765934
    0.07107360
    0.08390002
    0.12107218
    0.07371683
    0.06514530
    0.09260579
    0.07073645
    0.05470256
    0.08723391
    0.05750155
    0.08475307
    0.07187250
    0.05421166
    0.08260086
