$coord
          3.064527140679         -6.026568855207          0.912149439301     c 
          1.135618503146         -4.242182111718         -0.115156869742     c 
         -1.065465018470         -4.133937990457          0.516472932718     o 
          2.128644248621         -2.711203599338         -1.862362392141     o 
          0.549065064890         -0.757732275193         -2.831841662848     c 
          0.232366651205          1.380525560565         -0.900950259465     c 
         -2.030891420580          3.057841221673         -1.569587001150     c 
         -4.284691297392          1.596168773579         -1.466585291288     o 
         -5.222935887117          1.037460489893          0.818698517204     c 
         -4.348234097021          1.887251138116          2.756037209535     o 
         -7.404819354860         -0.739699866166          0.629492050547     c 
          2.446957447869          2.907906765684         -0.823501994965     o 
          4.254721068135          2.305396280445          0.844303010488     c 
          4.068686725692          0.566144537088          2.320941797839     o 
          6.478632341269          4.026444217577          0.600561062469     c 
          4.301199116152         -6.665492809914         -0.593580053308     h 
          2.140498399912         -7.598511007635          1.848249322543     h 
          4.193227563482         -4.981202279932          2.280712459375     h 
          1.500086089300         -0.062090386310         -4.521087562228     h 
         -1.314549920758         -1.531094375068         -3.283506452639     h 
         -0.067428083172          0.554252582207          0.981339458729     h 
         -1.888298589588          3.755467519334         -3.500746005223     h 
         -2.137636573045          4.624600166681         -0.224723784238     h 
         -8.356068331810         -0.502393507801         -1.170347306685     h 
         -8.682524745300         -0.455611559537          2.207638703900     h 
         -6.638084395577         -2.648413208270          0.736663460747     h 
          5.900092403442          5.801462193973         -0.243630657334     h 
          7.861462518816          3.118396618177         -0.620551057315     h 
          7.333248265619          4.313143329704          2.443032334383     h 
$end
