   132
         55          1         55
          1         56         56
          4         57         60
          8         61         68
          4         69         72
         47         73        119
         50        120        169
          2        170        171
          2        172        173
          4        174        177
          1        178        178
          1        179        179
         16        180        195
         47        196        242
          1        243        243
         21        244        264
         45        265        309
          1        310        310
         53        311        363
         10        364        373
          1        374        374
         50        375        424
          4        425        428
          1        429        429
          1        430        430
          1        431        431
         29        432        460
         33        461        493
          5        494        498
          8        499        506
          2        507        508
          3        509        511
          4        512        515
          2        516        517
          1        518        518
         45        519        563
         25        564        588
         17        589        605
          5        606        610
          5        611        615
          2        616        617
          1        618        618
         53        619        671
          2        672        673
         41        674        714
          7        715        721
         31        722        752
          6        753        758
          2        759        760
          1        761        761
          5        762        766
         21        767        787
          1        788        788
          4        789        792
          3        793        795
          1        796        796
          1        797        797
          1        798        798
          3        799        801
          1        802        802
          1        803        803
         24        804        827
         42        828        869
          1        870        870
          1        871        871
         14        872        885
          1        886        886
          1        887        887
         31        888        918
          1        919        919
          7        920        926
          1        927        927
         14        928        941
         18        942        959
         41        960       1000
          1       1001       1001
          7       1002       1008
          1       1009       1009
          1       1010       1010
          1       1011       1011
          6       1012       1017
          2       1018       1019
          7       1020       1026
          1       1027       1027
          1       1028       1028
          1       1029       1029
          7       1030       1036
         23       1037       1059
          1       1060       1060
          5       1061       1065
          1       1066       1066
          2       1067       1068
          9       1069       1077
          6       1078       1083
          3       1084       1086
          1       1087       1087
          1       1088       1088
          1       1089       1089
         12       1090       1101
          3       1102       1104
         10       1105       1114
         42       1115       1156
          5       1157       1161
         49       1162       1210
          1       1211       1211
         14       1212       1225
         18       1226       1243
          5       1244       1248
          5       1249       1253
          8       1254       1261
          1       1262       1262
          1       1263       1263
          1       1264       1264
         13       1265       1277
          1       1278       1278
         16       1279       1294
          2       1295       1296
         10       1297       1306
          2       1307       1308
         21       1309       1329
          1       1330       1330
         18       1331       1348
          1       1349       1349
         13       1350       1362
          2       1363       1364
         12       1365       1376
          9       1377       1385
          1       1386       1386
          1       1387       1387
          4       1388       1391
          2       1392       1393
          1       1394       1394
