           1           2   1.32609668382514     
           2           3   1.54817155577572     
           3           4   1.29342673890888     
           4           5   1.25910902555070     
           1           6   1.55399778340420     
           3           6  0.118176371195325     
           5           6   1.28163768115939     
           5           7   1.27294266500045     
           7           8   1.55215740555302     
           8           9   1.32921971244148     
           4          10   1.21653492120864     
           7          10  0.101721928914320     
           9          10   1.47444212272501     
          10          11   1.08037735998406     
           1          12  0.970559040041905     
           2          13  0.970702195368779     
           3          14  0.967271242832242     
           6          15  0.968234425379051     
           7          16  0.968372664030103     
           8          17  0.970437221255030     
           9          18  0.965884835929330     
          11          19  0.841037498153877     
