   -0.12721085
    0.07988184
   -0.25778034
    0.37380509
   -0.47064120
   -0.25847665
    0.06950199
   -0.12443010
   -0.11869992
    0.05176142
   -0.16004928
    0.36578223
   -0.45213429
   -0.25530204
    0.07301170
   -0.12981212
   -0.26028456
    0.08572117
   -0.12800407
    0.07149282
    0.08502712
    0.05492740
    0.09094790
    0.05992993
    0.07098378
    0.09826373
    0.06776021
    0.05237633
    0.08445932
    0.07150844
    0.09595613
    0.06678619
    0.09676477
    0.07224005
    0.05608068
    0.08792335
    0.05918771
    0.07466346
    0.06625342
    0.08730909
    0.07251813
