   -0.12824988
    0.07645688
   -0.26249000
    0.37330525
   -0.46439505
   -0.26993379
    0.08388281
   -0.12249544
   -0.14990263
    0.03575330
   -0.14403083
    0.38389599
   -0.46798575
   -0.26787232
    0.07172792
   -0.13196832
   -0.25606490
    0.07315521
   -0.12450460
    0.05678423
    0.08708600
    0.06711878
    0.06769613
    0.09023727
    0.08357650
    0.06386201
    0.06607967
    0.08463484
    0.05579789
    0.10283326
    0.10913849
    0.09392941
    0.07441573
    0.06872241
    0.06400030
    0.08769069
    0.09623033
    0.06537427
    0.07144546
    0.08792524
    0.04713720
