           1           2   1.02202636953154     
           2           3  0.887250928120790     
           3           4   1.32345007218627     
           4           5   1.51291455405633     
           4           6   1.31665108065423     
           6           7  0.881268615257234     
           7           8   1.02261693672540     
           4           9  0.993286945722987     
           5           9  0.132749310189024     
           9          10  0.986071073116217     
          10          11  0.983599803703485     
          11          12  0.955362740616854     
          11          13  0.108667558967474     
          12          13   1.54603538624131     
          12          14   1.31406583954525     
          14          15  0.887757246060648     
          15          16   1.02173808044065     
          12          17   1.30908712978311     
          17          18  0.886438606787000     
          18          19   1.02147505974637     
           1          20  0.976108533864193     
           1          21  0.982229994556431     
           1          22  0.977671180122238     
           2          23  0.967533792356907     
           2          24  0.964401996084525     
           7          25  0.967365523866275     
           7          26  0.966058686281206     
           8          27  0.982232963326240     
           8          28  0.977249950209768     
           8          29  0.975971477387539     
          10          30  0.953531858753082     
          10          31  0.954320195018940     
          15          32  0.967182271848803     
          15          33  0.963777095295909     
          16          34  0.976645973976102     
          16          35  0.979733252467395     
          16          36  0.976275597088704     
          18          37  0.963695352741645     
          18          38  0.966747373334378     
          19          39  0.982583145278980     
          19          40  0.976107399027674     
          19          41  0.977520206294869     
