           1           2   1.01913589608988     
           2           3   1.00499110183384     
           3           4   1.01242551540905     
           4           5   1.01239782137031     
           5           6   1.00498337078499     
           6           7   1.01912930154466     
           1           8  0.986605517458543     
           1           9  0.987555129829766     
           1          10  0.987541107698872     
           2          11  0.977529432894386     
           2          12  0.977338186692102     
           3          13  0.965218433955802     
           3          14  0.973225863040617     
           4          15  0.951730212003767     
           5          16  0.973256825047841     
           5          17  0.965220245667065     
           6          18  0.977368055837342     
           6          19  0.977500728263145     
           7          20  0.986607896741634     
           7          21  0.987540190957147     
           7          22  0.987554507370452     
