           1           2   1.01957771206039     
           2           3  0.907194609936882     
           3           4   1.19874814761108     
           3           5  0.180639721637579     
           4           5   1.69842316838199     
           4           6  0.956410404573547     
           6           7  0.968432093337516     
           7           8  0.949269876560647     
           7           9  0.952308384266001     
           9          10   1.66966396507937     
           9          11   1.20843201690274     
          10          11  0.169106334719199     
          11          12  0.896843413038747     
          12          13   1.01409422170199     
           7          14  0.957627768196155     
          14          15  0.983703692034600     
          14          16  0.130266560403183     
          15          16   1.52698592236385     
          15          17   1.29045002011324     
          17          18  0.910886024754995     
          15          19   1.33415230750021     
          19          20  0.885844364134406     
           1          21  0.984236203930823     
           1          22  0.978517149515548     
           1          23  0.982568662935943     
           2          24  0.969059108211023     
           2          25  0.965717817143585     
           6          26  0.970144630404511     
           6          27  0.947163989245435     
          12          28  0.967811596425777     
          12          29  0.969984977720733     
          13          30  0.977774576780048     
          13          31  0.985224673073230     
          13          32  0.982197551874447     
          18          33  0.976374537578300     
          18          34  0.972115761740850     
          18          35  0.975723425138977     
          20          36  0.975107924604171     
          20          37  0.977072991902416     
          20          38  0.971213908704414     
