   -0.13665413
    0.07394103
   -0.26745605
    0.38471573
   -0.45614071
   -0.28303294
    0.08370838
   -0.12570539
   -0.10759953
    0.03249556
   -0.15888351
    0.38380393
   -0.47516545
   -0.24866996
    0.08903674
   -0.13284922
   -0.26353383
    0.07627918
   -0.12845001
    0.09120710
    0.06595068
    0.07298431
    0.08917600
    0.06930621
    0.05573745
    0.07842373
    0.05395676
    0.08052174
    0.07184307
    0.11372031
    0.10004996
    0.04883880
    0.06005509
    0.07596756
    0.08382871
    0.07628757
    0.06307544
    0.09210292
    0.08463858
    0.07529384
    0.05719436
