   -0.12952604
    0.08585492
   -0.25413984
    0.37995537
   -0.45223672
   -0.26443011
    0.07202384
   -0.13167826
   -0.15163980
    0.03772161
   -0.13256467
    0.37523035
   -0.46905215
   -0.26446761
    0.08840580
   -0.12694708
   -0.26155215
    0.07354694
   -0.12885541
    0.07435055
    0.08235874
    0.06166601
    0.07225149
    0.05629535
    0.07467470
    0.09542329
    0.09200177
    0.06947986
    0.06064868
    0.09778912
    0.10011346
    0.06046653
    0.06095836
    0.06624822
    0.08773300
    0.07307138
    0.09285995
    0.06621290
    0.07018641
    0.08586472
    0.05369650
