   -0.12593784
    0.07404934
   -0.26448922
    0.36595254
   -0.46484829
   -0.26853208
    0.09104552
   -0.12274151
   -0.13455765
    0.03113595
   -0.14230834
    0.36968040
   -0.45248418
   -0.26646483
    0.07766777
   -0.13387376
   -0.27394371
    0.07342945
   -0.13308608
    0.08697929
    0.05805247
    0.06687230
    0.09386867
    0.06910547
    0.05906533
    0.07443419
    0.08277961
    0.06776132
    0.05577472
    0.12281466
    0.11419003
    0.06063627
    0.08277845
    0.07615045
    0.06353293
    0.08673790
    0.07013867
    0.08770192
    0.07055122
    0.06205425
    0.08832640
