           1           2   1.02031896498676     
           2           3  0.862333850728115     
           3           4   1.36528147148268     
           4           5   1.52979833929812     
           4           6   1.33324596778950     
           6           7  0.882707321740375     
           7           8   1.02369956142728     
           4           9  0.945857244407369     
           5           9  0.137490438326957     
           9          10  0.988849789037874     
          10          11  0.990746335715354     
          11          12  0.941862673805428     
          11          13  0.137476527785385     
          12          13   1.52906546636111     
          12          14   1.36308405221177     
          14          15  0.864266668902752     
          15          16   1.02077827911031     
          12          17   1.33511153093352     
          17          18  0.883136934587861     
          18          19   1.02382961970254     
           1          20  0.973369738703656     
           1          21  0.980268205958573     
           1          22  0.981903180220471     
           2          23  0.969628437570304     
           2          24  0.963263835371741     
           7          25  0.967563556598033     
           7          26  0.962311284550703     
           8          27  0.975648545781317     
           8          28  0.981918703658174     
           8          29  0.974320200469323     
          10          30  0.949729167664988     
          10          31  0.950590597867208     
          15          32  0.963282143368624     
          15          33  0.967068971752769     
          16          34  0.974080464978009     
          16          35  0.983310833158246     
          16          36  0.980633659571773     
          18          37  0.966871523915936     
          18          38  0.962254125875367     
          19          39  0.974446501517753     
          19          40  0.975700668691532     
          19          41  0.981970570957260     
