   -0.13260235
    0.08402448
   -0.26032717
    0.35714640
   -0.46741186
   -0.25854810
    0.09206513
   -0.12306960
   -0.13638991
    0.03341168
   -0.10575947
    0.37554826
   -0.48660508
   -0.26509957
    0.07582081
   -0.13267625
   -0.25376670
    0.07408560
   -0.13113883
    0.06813250
    0.07661909
    0.08500140
    0.06398425
    0.05752531
    0.05368140
    0.08010099
    0.05473472
    0.08301199
    0.07434626
    0.12856090
    0.07701217
    0.07195438
    0.09089864
    0.06957414
    0.06853248
    0.08879877
    0.09419286
    0.05909945
    0.07568632
    0.08534010
    0.05450443
