           1           2   1.01773576125412     
           2           3  0.885265113715192     
           3           4   1.31953657153378     
           4           5   1.51786898665558     
           4           6   1.32316967602441     
           6           7  0.877300882282757     
           7           8   1.02249759643665     
           4           9   1.01760943477223     
           5           9  0.134086502653879     
           9          10  0.973770247825171     
          10          11  0.995552602603564     
          11          12  0.966028899771834     
          11          13  0.131216955708134     
          12          13   1.52277341845409     
          12          14   1.35342724535247     
          14          15  0.858404289104169     
          15          16   1.02464038385873     
          12          17   1.32605812130626     
          17          18  0.887597246456107     
          18          19   1.02202573941428     
           1          20  0.983764567053358     
           1          21  0.982030141819653     
           1          22  0.975675440949909     
           2          23  0.971147093472986     
           2          24  0.966561415007368     
           7          25  0.967469128904317     
           7          26  0.966366473372622     
           8          27  0.974720895877438     
           8          28  0.975876204814697     
           8          29  0.981352575887991     
          10          30  0.956479265318077     
          10          31  0.947692330850868     
          15          32  0.966034840815914     
          15          33  0.964505798861990     
          16          34  0.981610368141152     
          16          35  0.974623100025802     
          16          36  0.973538754095684     
          18          37  0.964080690534751     
          18          38  0.968907611352962     
          19          39  0.980610032337788     
          19          40  0.975937575181000     
          19          41  0.976552722020288     
