           1           2   1.02071203383075     
           2           3  0.888619679828497     
           3           4   1.33873805151025     
           4           5   1.50354435023218     
           4           6   1.31773598839068     
           6           7  0.890468703053844     
           7           8   1.02043858987489     
           4           9  0.973491563721548     
           5           9  0.148915432806472     
           9          10  0.972687333573439     
          10          11  0.999158208271900     
          11          12  0.962053030358412     
          11          13  0.144503454575111     
          12          13   1.49345464819481     
          12          14   1.32712289676631     
          14          15  0.885660988370883     
          15          16   1.02225353921480     
          12          17   1.32958879507099     
          17          18  0.890496716333814     
          18          19   1.02003033284616     
           1          20  0.977346553691952     
           1          21  0.979392483107643     
           1          22  0.983032514241448     
           2          23  0.964374450099356     
           2          24  0.965199160415917     
           7          25  0.964321750628610     
           7          26  0.967129047926231     
           8          27  0.974247828689572     
           8          28  0.981770880269802     
           8          29  0.976566953813735     
          10          30  0.943631649617134     
          10          31  0.957813958809462     
          15          32  0.962974477372699     
          15          33  0.966302800247278     
          16          34  0.974019895809703     
          16          35  0.982556998593552     
          16          36  0.976228853487385     
          18          37  0.964984810342237     
          18          38  0.963570728798625     
          19          39  0.981770023403496     
          19          40  0.976540866577902     
          19          41  0.975134043227779     
