   -0.12691822
    0.07990439
   -0.26418599
    0.37588304
   -0.47198091
   -0.26163806
    0.07405451
   -0.12843108
   -0.12304679
    0.03920656
   -0.16257221
    0.38255528
   -0.44448751
   -0.25342421
    0.07781096
   -0.12603222
   -0.25954298
    0.07378506
   -0.13365512
    0.08532464
    0.06755232
    0.05954460
    0.05615630
    0.08907100
    0.09237517
    0.06537866
    0.07010874
    0.08509541
    0.05343230
    0.09632326
    0.09741190
    0.09142008
    0.05995897
    0.05419046
    0.06635007
    0.07931802
    0.09075628
    0.06775998
    0.08727081
    0.06752472
    0.07039183
