   -0.12485006
    0.08706396
   -0.26943608
    0.37240705
   -0.46630494
   -0.26172056
    0.07410825
   -0.12674641
   -0.15186799
    0.04013207
   -0.11875329
    0.36955891
   -0.46276227
   -0.26347848
    0.07807757
   -0.13102666
   -0.25698192
    0.06740885
   -0.12780390
    0.05636019
    0.07185163
    0.08370819
    0.08173756
    0.05735370
    0.09482560
    0.06363334
    0.08569236
    0.05304565
    0.06868314
    0.11396493
    0.08602481
    0.07008206
    0.07996806
    0.08621325
    0.06651512
    0.06753042
    0.07896643
    0.09788170
    0.05731901
    0.08722873
    0.06439000
