           1           2   1.02292661429539     
           2           3  0.877851695814950     
           3           4   1.31392403358096     
           4           5   1.54656948351970     
           4           6   1.30277534974908     
           6           7  0.888770956129060     
           7           8   1.02171704648100     
           4           9  0.997835371003792     
           9          10  0.962162455618431     
          10          11   1.00068664459333     
          11          12  0.953737293757334     
          11          13  0.137269550639799     
          12          13   1.53497129175493     
          12          14   1.34945891731329     
          14          15  0.867217551331027     
          15          16   1.02087394810496     
          12          17   1.33223727727709     
          17          18  0.880743895737114     
          18          19   1.02374991862564     
           1          20  0.976062222672013     
           1          21  0.982112516031898     
           1          22  0.975727922577042     
           2          23  0.965632135226158     
           2          24  0.968632141379981     
           7          25  0.963559585090144     
           7          26  0.967504528248014     
           8          27  0.976300816029339     
           8          28  0.974623388607237     
           8          29  0.982376855037512     
          10          30  0.961674844555532     
          10          31  0.954352796550675     
          15          32  0.963837235700497     
          15          33  0.968387264447020     
          16          34  0.974699100374629     
          16          35  0.983703635349139     
          16          36  0.980769520809482     
          18          37  0.966387335580306     
          18          38  0.962959168230231     
          19          39  0.973503046329818     
          19          40  0.975355181145387     
          19          41  0.982098364455724     
