   -0.13271290
    0.07485742
   -0.26578408
    0.37011750
   -0.46595014
   -0.26693525
    0.07406216
   -0.13146879
   -0.10233825
    0.03645505
   -0.14436021
    0.37033643
   -0.46907678
   -0.26148718
    0.07380634
   -0.12750638
   -0.26915861
    0.08681894
   -0.12534367
    0.08641565
    0.07605624
    0.05762624
    0.06209092
    0.09262727
    0.07441080
    0.08713880
    0.06444018
    0.06671120
    0.08973484
    0.11616129
    0.08665692
    0.06306435
    0.09455802
    0.06952024
    0.05372273
    0.08538552
    0.05645215
    0.08081267
    0.07249644
    0.05636036
    0.08322558
