           1           2   1.02223486162604     
           2           3  0.885047854380648     
           3           4   1.31938089340643     
           4           5   1.54775267461287     
           4           6   1.34402863450267     
           6           7  0.861127525178371     
           7           8   1.02259122629928     
           4           9  0.952076588138612     
           5           9  0.135569450261211     
           9          10  0.999809043403990     
          10          11  0.961872522539701     
          11          12  0.998943647212854     
          12          13   1.54585740301852     
          12          14   1.30195497734430     
          14          15  0.889220236492869     
          15          16   1.02156114178526     
          12          17   1.31159940996003     
          17          18  0.879548699165779     
          18          19   1.02255136669629     
           1          20  0.975650624177157     
           1          21  0.980333146197225     
           1          22  0.975783667888076     
           2          23  0.969404287481693     
           2          24  0.964479812980522     
           7          25  0.967621489778756     
           7          26  0.966618993344775     
           8          27  0.982972113034813     
           8          28  0.978621940251823     
           8          29  0.973155857778174     
          10          30  0.960226854253622     
          10          31  0.956837504468987     
          15          32  0.967552406669935     
          15          33  0.963587476336992     
          16          34  0.982200476815118     
          16          35  0.974672058284617     
          16          36  0.976361036560116     
          18          37  0.968145771512815     
          18          38  0.966226051288487     
          19          39  0.982136996233291     
          19          40  0.976515490348853     
          19          41  0.975930393814335     
