   -0.12706127
    0.07725604
   -0.26823992
    0.39085991
   -0.45913919
   -0.26747959
    0.07287259
   -0.13339145
   -0.14240958
    0.04476653
   -0.15539747
    0.36878793
   -0.45464572
   -0.25128066
    0.08122611
   -0.12761242
   -0.25773897
    0.06836144
   -0.12673231
    0.05185629
    0.07217373
    0.08307248
    0.08875281
    0.06294088
    0.07266515
    0.09371318
    0.07009288
    0.05953168
    0.09017891
    0.08651814
    0.08759171
    0.07687778
    0.06346407
    0.07479373
    0.08740018
    0.06323089
    0.07557495
    0.09985327
    0.08619944
    0.06562924
    0.05488662
