           1           2   1.02405331492248     
           2           3  0.882325673304509     
           3           4   1.33242475226376     
           4           5   1.50397183111243     
           4           6   1.35706981069834     
           6           7  0.857717953748554     
           7           8   1.02169308584080     
           4           9  0.963697289524816     
           5           9  0.135466536960251     
           9          10  0.992899739426253     
          10          11  0.976689696393789     
          11          12  0.973462429395188     
          11          13  0.137269252191937     
          12          13   1.54288321061002     
          12          14   1.36519915775979     
          14          15  0.859730236818801     
          15          16   1.02361250281649     
          12          17   1.31427850078393     
          17          18  0.887539332990405     
          18          19   1.01761640759766     
           1          20  0.975540682017538     
           1          21  0.974127581429218     
           1          22  0.982606637684146     
           2          23  0.962400338885581     
           2          24  0.966146601756971     
           7          25  0.969994346928775     
           7          26  0.964623638386796     
           8          27  0.980778269017473     
           8          28  0.978625759920540     
           8          29  0.973547410446196     
          10          30  0.959469444325562     
          10          31  0.947012792681182     
          15          32  0.965029739206038     
          15          33  0.965063904488151     
          16          34  0.971041541897653     
          16          35  0.973298818367354     
          16          36  0.981065902192772     
          18          37  0.966714397610801     
          18          38  0.969607626331111     
          19          39  0.982103921189779     
          19          40  0.983987308847999     
          19          41  0.975929975577106     
