   -0.13371826
    0.07109314
   -0.26190359
    0.38504351
   -0.46473658
   -0.24932319
    0.07497148
   -0.13210312
   -0.14652976
    0.03634704
   -0.12054708
    0.37283599
   -0.47427109
   -0.25869200
    0.07838806
   -0.12528176
   -0.26686561
    0.08324748
   -0.12266557
    0.06703367
    0.08547464
    0.06858516
    0.07150790
    0.09015238
    0.09264565
    0.05762570
    0.05534541
    0.07738811
    0.08278031
    0.11413179
    0.08316971
    0.06414065
    0.08621458
    0.06364730
    0.05704316
    0.08395135
    0.08434258
    0.06511025
    0.05359426
    0.06667099
    0.08415535
