   -0.13233626
    0.07308822
   -0.26361235
    0.38111240
   -0.45175839
   -0.25400343
    0.07797250
   -0.11338189
   -0.16381418
    0.03960240
   -0.14914339
    0.36507962
   -0.44599009
   -0.25701616
    0.06931274
   -0.12685837
   -0.26036590
    0.08193887
   -0.13025561
    0.06977785
    0.06351961
    0.08541738
    0.06693869
    0.09208324
    0.09390516
    0.06468055
    0.08090967
    0.04387876
    0.06428440
    0.10913178
    0.08020028
    0.09768987
    0.07562882
    0.08632298
    0.05485769
    0.06653611
    0.07966090
    0.06608794
    0.08431892
    0.06680941
    0.06778926
