           1           2   1.01327244908379     
           2           3  0.909351316187970     
           3           4   1.19392664061815     
           3           5  0.179962747464101     
           4           5   1.70635968017393     
           4           6  0.960968066463375     
           6           7  0.978099195519221     
           7           8  0.928326185003553     
           7           9  0.956302531539763     
           9          10   1.62634479325069     
           9          11   1.25237175086959     
          10          11  0.167679468573183     
          11          12  0.887613231377872     
          12          13   1.02053172802635     
           7          14  0.968107981935562     
          10          15  0.183947089379181     
          14          15  0.987019904928711     
          14          16  0.126876821542591     
          15          16   1.46696290201880     
          15          17   1.30833442868659     
          17          18  0.910622661925075     
          15          19   1.25303736413370     
          19          20  0.917486552199447     
           1          21  0.978971077173534     
           1          22  0.983492432222613     
           1          23  0.985389932394731     
           2          24  0.970317734379684     
           2          25  0.967026290623491     
           6          26  0.935620338660863     
           6          27  0.964800768566709     
          12          28  0.965121197318532     
          12          29  0.966689301298070     
          13          30  0.982497254193479     
          13          31  0.981449054435048     
          13          32  0.976289284940391     
          18          33  0.977857774297860     
          18          34  0.974235372394694     
          18          35  0.971970881386639     
          20          36  0.974629446458640     
          20          37  0.975125250445509     
          20          38  0.979287941629186     
