   -0.12814736
    0.08355868
   -0.25403288
    0.37644417
   -0.45635599
   -0.25795226
    0.07814635
   -0.12991834
   -0.15671978
    0.03944261
   -0.14397636
    0.38300508
   -0.44688845
   -0.27070538
    0.08441143
   -0.12675253
   -0.26790660
    0.07499767
   -0.13423423
    0.08589203
    0.05604398
    0.07264582
    0.08304525
    0.06434037
    0.05400016
    0.08781244
    0.08208395
    0.07248033
    0.06184814
    0.10352430
    0.09683605
    0.08148401
    0.05945002
    0.07117280
    0.08268947
    0.05413912
    0.06668271
    0.09246760
    0.06160955
    0.09047585
    0.07286024
