           1           2   1.02223596284654     
           2           3  0.876201824345866     
           3           4   1.33431427396397     
           4           5   1.51975241580068     
           4           6   1.32356845617191     
           6           7  0.884779922897367     
           7           8   1.02003361984971     
           4           9  0.972923387872393     
           5           9  0.136571672316208     
           9          10  0.986730292924656     
          10          11  0.985209709735188     
          11          12  0.971152185667513     
          11          13  0.127475615681754     
          12          13   1.55959754168081     
          12          14   1.29240279413885     
          14          15  0.882357998125538     
          15          16   1.02103608619430     
          12          17   1.33984129545043     
          17          18  0.864596226524051     
          18          19   1.02232104154981     
           1          20  0.975218491875285     
           1          21  0.978260365449899     
           1          22  0.982532970165073     
           2          23  0.966291490845718     
           2          24  0.964796351491597     
           7          25  0.968707801371328     
           7          26  0.966764001145929     
           8          27  0.976285297970795     
           8          28  0.982881909345545     
           8          29  0.981531069137557     
          10          30  0.955266635294467     
          10          31  0.955736973133100     
          15          32  0.966429191349646     
          15          33  0.965261740594573     
          16          34  0.982954695231338     
          16          35  0.975982437623701     
          16          36  0.980305613157832     
          18          37  0.967944439461456     
          18          38  0.965799834740337     
          19          39  0.976123850541442     
          19          40  0.973177452477840     
          19          41  0.982549420509745     
