   -0.12984123
    0.07907874
   -0.26769286
    0.37409118
   -0.46625577
   -0.25919443
    0.08092182
   -0.12516323
   -0.12524450
    0.03389584
   -0.14003905
    0.37882585
   -0.46228758
   -0.25770139
    0.07702464
   -0.11766403
   -0.26204728
    0.07528245
   -0.12811423
    0.07160297
    0.08232647
    0.06095160
    0.08525220
    0.05596270
    0.08884872
    0.05820457
    0.06472484
    0.08415943
    0.05858976
    0.10889103
    0.10442459
    0.06501051
    0.09262496
    0.04968801
    0.08259024
    0.06224574
    0.09273469
    0.06431829
    0.08520363
    0.05608161
    0.06768851
