   -0.13111620
    0.08782763
   -0.25085934
    0.38333627
   -0.47088524
   -0.26392024
    0.07608435
   -0.12746623
   -0.15320234
    0.03098594
   -0.11195910
    0.37193667
   -0.47200018
   -0.26001152
    0.08095588
   -0.13425863
   -0.26369611
    0.08669531
   -0.12376514
    0.07112851
    0.07456699
    0.08246535
    0.05592113
    0.05845797
    0.06350750
    0.09270180
    0.07431720
    0.05621981
    0.08459682
    0.10944433
    0.11736482
    0.06885866
    0.06082017
    0.06904378
    0.07691209
    0.08515703
    0.07135586
    0.05795929
    0.07508574
    0.08619357
    0.05323978
