   -0.13753503
    0.07507154
   -0.24391487
    0.36969003
   -0.48320708
   -0.09620809
    0.00545839
    0.11569881
    0.38183640
   -0.45949723
   -0.23646701
    0.07666796
   -0.13694353
   -0.12163298
    0.35299932
   -0.46732107
   -0.26093043
    0.01606293
   -0.28189978
    0.01490681
    0.07735192
    0.08003620
    0.07529916
    0.06638803
    0.06125788
    0.10731968
    0.12682648
    0.06160981
    0.07103687
    0.07570573
    0.08279031
    0.07875096
    0.08605608
    0.10849536
    0.09366523
    0.10455559
    0.07393993
    0.08607970
