           1           2   1.02214543253028     
           2           3  0.886744702426888     
           3           4   1.31982696453600     
           4           5   1.51393560192682     
           4           6   1.31056437408317     
           6           7  0.877512302865805     
           7           8   1.01857185249098     
           4           9   1.02043183973990     
           5           9  0.135518254001229     
           9          10  0.972351130150501     
          10          11  0.996248105022722     
          11          12  0.963725763793562     
          11          13  0.132360126364392     
          12          13   1.52490699343122     
          12          14   1.35329393930930     
          14          15  0.860097169576421     
          15          16   1.02447738153381     
          12          17   1.32163913721419     
          17          18  0.889561315494210     
          18          19   1.02182181354040     
           1          20  0.975709237730194     
           1          21  0.975951585502037     
           1          22  0.981457734826693     
           2          23  0.967629506486838     
           2          24  0.964788853122003     
           7          25  0.971291960997506     
           7          26  0.969072455930035     
           8          27  0.975233395945724     
           8          28  0.982158688980075     
           8          29  0.982604970683764     
          10          30  0.956281316487290     
          10          31  0.947866621017754     
          15          32  0.965962985280827     
          15          33  0.964531739241576     
          16          34  0.974838461297809     
          16          35  0.973747874264219     
          16          36  0.981680415996638     
          18          37  0.964246681371469     
          18          38  0.968745396079482     
          19          39  0.976209066476535     
          19          40  0.976880905816952     
          19          41  0.980728573635242     
