   -0.13355344
    0.08294630
   -0.26630531
    0.37434615
   -0.46562362
   -0.26113618
    0.08465961
   -0.12267228
   -0.12985985
    0.03398885
   -0.12514434
    0.37755257
   -0.46324612
   -0.26916093
    0.07063244
   -0.12624772
   -0.26417927
    0.08428140
   -0.12244377
    0.07537477
    0.08437365
    0.06919529
    0.06470348
    0.05965573
    0.08614373
    0.05743786
    0.08423715
    0.05931940
    0.06295414
    0.10891524
    0.10949540
    0.09567650
    0.07113257
    0.06684221
    0.08525990
    0.05577814
    0.08403151
    0.05699043
    0.06299343
    0.08255785
    0.05809714
