   -0.12979407
    0.07527807
   -0.26616145
    0.37171351
   -0.48764802
   -0.26516836
    0.09164971
   -0.12819496
   -0.09377409
    0.02902342
   -0.12953022
    0.37109400
   -0.46481085
   -0.26531322
    0.08131457
   -0.11672858
   -0.26259770
    0.08096432
   -0.13256993
    0.05373471
    0.08702750
    0.07284657
    0.06369903
    0.09253570
    0.06565364
    0.05067548
    0.07766958
    0.08545166
    0.06297713
    0.13239920
    0.08510322
    0.07453278
    0.08697828
    0.05677927
    0.05328486
    0.08448402
    0.06003549
    0.06802627
    0.07561817
    0.06732173
    0.08441956
