           1           2   1.01414918092385     
           2           3  0.910108797234402     
           3           4   1.18874042489210     
           3           5  0.177283944883728     
           4           5   1.70282250922501     
           4           6  0.968396869907225     
           6           7  0.994743998265215     
           7           8  0.927973946700568     
           7           9  0.954156638863413     
           9          10   1.68522152644067     
           9          11   1.21090663472153     
          10          11  0.176035946458647     
          11          12  0.896602355771392     
          12          13   1.01336118787079     
           7          14  0.955266327410774     
          14          15  0.986956061684933     
          14          16  0.132281347230032     
          15          16   1.54276490857241     
          15          17   1.28321195198063     
          17          18  0.915328272763509     
          15          19   1.33183057151977     
          19          20  0.888416748227652     
           1          21  0.985329267181504     
           1          22  0.983994752787309     
           1          23  0.979211650519696     
           2          24  0.967696570902156     
           2          25  0.969859028056568     
           6          26  0.928985090710172     
           6          27  0.955650057514870     
          12          28  0.965680649993536     
          12          29  0.971114053310064     
          13          30  0.982794584411540     
          13          31  0.977297388100286     
          13          32  0.985001338639342     
          18          33  0.977714331367538     
          18          34  0.978215474946835     
          18          35  0.971543640193894     
          20          36  0.977502397177734     
          20          37  0.971547502569898     
          20          38  0.972638448441142     
