   -0.13311681
    0.07936595
   -0.24515342
    0.36892190
   -0.48171775
   -0.10837249
   -0.00193016
    0.14707139
    0.38195655
   -0.41918462
   -0.20870374
    0.06399036
   -0.13258331
   -0.10987982
    0.30955715
   -0.48967976
   -0.25941276
    0.03344028
   -0.29920233
    0.03267616
    0.07654495
    0.06896547
    0.07758410
    0.06322973
    0.05631464
    0.12541342
    0.13325083
    0.10213874
    0.06754485
    0.08302963
    0.06351952
    0.07927586
    0.09679657
    0.07919670
    0.06976572
    0.09637414
    0.06796779
    0.06504454
