   -0.12780964
    0.08584255
   -0.25622166
    0.37125378
   -0.46235541
   -0.25693311
    0.07002441
   -0.12573994
   -0.15653244
    0.04185129
   -0.15535063
    0.38277495
   -0.45367556
   -0.25672522
    0.08775437
   -0.13092359
   -0.26237837
    0.07060284
   -0.13424333
    0.07547013
    0.06462793
    0.08645776
    0.06093222
    0.06728172
    0.07098432
    0.09800086
    0.05485884
    0.08515822
    0.06748839
    0.09850949
    0.09337924
    0.06873517
    0.05471814
    0.08228707
    0.06419288
    0.07600351
    0.07643127
    0.09533612
    0.06534004
    0.09251320
    0.07007818
