   25
         12          1         12
          2         13         14
          4         15         18
          6         19         24
          1         25         25
          3         26         28
          2         29         30
          2         31         32
          2         33         34
          4         35         38
          3         39         41
          7         42         48
          2         49         50
          6         51         56
          6         57         62
          1         63         63
          2         64         65
          6         66         71
          9         72         80
          1         81         81
          7         82         88
          3         89         91
          6         92         97
          2         98         99
          2        100        101
