   -0.12748861
    0.07817328
   -0.26039673
    0.38001224
   -0.46002325
   -0.25757529
    0.07785525
   -0.12970001
   -0.16005193
    0.04197995
   -0.15204234
    0.37411581
   -0.44915086
   -0.26242951
    0.08447941
   -0.13210226
   -0.25392011
    0.07296500
   -0.13055145
    0.08690572
    0.05620452
    0.07200017
    0.08816561
    0.06814772
    0.05313992
    0.08831024
    0.06251369
    0.08125791
    0.07135385
    0.10154843
    0.09609824
    0.06211993
    0.08013256
    0.06646457
    0.08694323
    0.06989257
    0.09484983
    0.06540994
    0.05509744
    0.07267941
    0.08661591
