           1           2   1.01976454422362     
           2           3  0.884149741008549     
           3           4   1.34931811966408     
           4           5   1.51171210202152     
           4           6   1.32139696839706     
           6           7  0.883257311354936     
           7           8   1.01765251865933     
           4           9  0.967036671837589     
           5           9  0.149923957366271     
           9          10  0.975336356169650     
          10          11  0.996017719451089     
          11          12  0.957347005680381     
          11          13  0.133569365064390     
          12          13   1.53664555674990     
          12          14   1.32906953728803     
          14          15  0.883682491886240     
          15          16   1.01826970226906     
          12          17   1.35828754236510     
          17          18  0.859951957797399     
          18          19   1.02153780829545     
           1          20  0.976719188923650     
           1          21  0.982005529506194     
           1          22  0.977975511340968     
           2          23  0.965466973662290     
           2          24  0.966937938724749     
           7          25  0.965952116288932     
           7          26  0.969460080368531     
           8          27  0.983499967749455     
           8          28  0.975231344220102     
           8          29  0.981911636822194     
          10          30  0.944482284568389     
          10          31  0.961291867726837     
          15          32  0.969710125026282     
          15          33  0.968604928001508     
          16          34  0.975537505529660     
          16          35  0.983158702733144     
          16          36  0.981838837616448     
          18          37  0.967172862626791     
          18          38  0.963424299582463     
          19          39  0.973965626437051     
          19          40  0.980363178134798     
          19          41  0.982970880401672     
