           1           2   1.01780792441469     
           2           3  0.884867682683030     
           3           4   1.32621915961255     
           4           5   1.51183910512681     
           4           6   1.32787343554785     
           6           7  0.874547202152912     
           7           8   1.02318846615291     
           4           9  0.983470314701386     
           5           9  0.133410943732087     
           9          10  0.983436469921988     
          10          11  0.994137533514181     
          11          12  0.950559779077500     
          11          13  0.137329762141926     
          12          13   1.53831408526694     
          12          14   1.34937918891971     
          14          15  0.860945247606937     
          15          16   1.02448241682976     
          12          17   1.31831657126693     
          17          18  0.880274455066476     
          18          19   1.01952609988652     
           1          20  0.981872251252916     
           1          21  0.975677490359417     
           1          22  0.983077497313309     
           2          23  0.971286395395167     
           2          24  0.967976080639175     
           7          25  0.966450381247728     
           7          26  0.965051846999425     
           8          27  0.977014877756389     
           8          28  0.975169344370949     
           8          29  0.981760736621877     
          10          30  0.950316516389172     
          10          31  0.955466416999574     
          15          32  0.964479795720959     
          15          33  0.969730304376777     
          16          34  0.981967454020704     
          16          35  0.973079699389140     
          16          36  0.973852138172935     
          18          37  0.970645969500732     
          18          38  0.966319131873053     
          19          39  0.975356234790105     
          19          40  0.979406852321399     
          19          41  0.981675489239649     
