           1           2   1.02154394171797     
           2           3  0.886831695928460     
           3           4   1.30282440158134     
           4           5   1.54588082420604     
           4           6   1.29844803331885     
           6           7  0.876097575810189     
           7           8   1.02153401615545     
           4           9   1.02412523756161     
           9          10  0.965574443600777     
          10          11  0.998949658838210     
          11          12  0.961992243002280     
          11          13  0.133549609035191     
          12          13   1.53269983910024     
          12          14   1.32089744168338     
          14          15  0.884582995689327     
          15          16   1.01845571290447     
          12          17   1.34301355329335     
          17          18  0.866292282480831     
          18          19   1.02087997422796     
           1          20  0.976070528732816     
           1          21  0.982625045173819     
           1          22  0.975230016900994     
           2          23  0.966056062408040     
           2          24  0.964271560877517     
           7          25  0.966433855579240     
           7          26  0.967401336179713     
           8          27  0.982807233818558     
           8          28  0.975964488837274     
           8          29  0.981837320418555     
          10          30  0.950162446761161     
          10          31  0.959310959561330     
          15          32  0.970215614038932     
          15          33  0.968097239105423     
          16          34  0.983234304503254     
          16          35  0.982154886928130     
          16          36  0.975515251294323     
          18          37  0.968578646615941     
          18          38  0.963602816761576     
          19          39  0.979977858234990     
          19          40  0.983518854961351     
          19          41  0.974332343446044     
