           1           2   1.01389450097713     
           2           3  0.908171185129749     
           3           4   1.19829649382330     
           3           5  0.175684494768303     
           4           5   1.68423919553618     
           4           6  0.972782737823479     
           6           7  0.994588727353620     
           7           8  0.932716651138573     
           7           9  0.952163366111693     
           9          10   1.67743966208583     
           9          11   1.20250221365827     
          10          11  0.168343026543442     
          11          12  0.900666992267129     
          12          13   1.01460176794017     
           7          14  0.956604988778940     
          14          15  0.990848121710260     
          14          16  0.132611147138369     
          15          16   1.54673457873625     
          15          17   1.28457819151238     
          17          18  0.911694185991019     
          15          19   1.32079333614585     
          19          20  0.892640715841811     
           1          21  0.985454872620703     
           1          22  0.978879258068930     
           1          23  0.983746771258697     
           2          24  0.970433036982165     
           2          25  0.967085956018329     
           6          26  0.950683552825146     
           6          27  0.928093621355152     
          12          28  0.970998095304246     
          12          29  0.966385558635350     
          13          30  0.977716978634748     
          13          31  0.983599067584151     
          13          32  0.985870924269615     
          18          33  0.976983787433326     
          18          34  0.971889174507100     
          18          35  0.976826740736040     
          20          36  0.977082777163617     
          20          37  0.977459350022647     
          20          38  0.971787052066644     
