           1           2   1.01328819693767     
           2           3  0.908279780017672     
           3           4   1.19684906782349     
           3           5  0.180372243225707     
           4           5   1.70113129533638     
           4           6  0.959410506045762     
           6           7  0.973400465287372     
           7           8  0.931203810279133     
           7           9  0.950073776030234     
           9          10   1.66022317142239     
           9          11   1.23111592763685     
          10          11  0.172834931115543     
          11          12  0.894759381315817     
          12          13   1.01355517481162     
           7          14  0.965249262611902     
          10          15  0.102371082870810     
          14          15  0.965114655809764     
          14          16  0.133183403001991     
          15          16   1.51663866896964     
          15          17   1.32623965801120     
          17          18  0.890326534375645     
          15          19   1.26668193426265     
          19          20  0.918954400309274     
           1          21  0.984975194724719     
           1          22  0.983939618457912     
           1          23  0.978419149148958     
           2          24  0.967041375377602     
           2          25  0.969724120271019     
           6          26  0.948683595312887     
           6          27  0.963747985490815     
          12          28  0.964387236568536     
          12          29  0.970170263806880     
          13          30  0.983815263904578     
          13          31  0.983194963732832     
          13          32  0.976960520080894     
          18          33  0.971612046886283     
          18          34  0.977684888051243     
          18          35  0.973694842580057     
          20          36  0.978349367145055     
          20          37  0.974063004413976     
          20          38  0.973559283058147     
