           1           2   1.02261552696237     
           2           3  0.876268223947530     
           3           4   1.32069537326068     
           4           5   1.51711438663319     
           4           6   1.32338174464781     
           6           7  0.883274734532547     
           7           8   1.01763142132553     
           4           9   1.00794632805515     
           5           9  0.134256984484936     
           9          10  0.971845178897007     
          10          11  0.996448021395970     
          11          12   1.00507956421205     
          11          13  0.130440249086772     
          12          13   1.50047805870521     
          12          14   1.32585868735185     
          14          15  0.885668768206706     
          15          16   1.02238158126221     
          12          17   1.31923507114049     
          17          18  0.879136063637081     
          18          19   1.02240501301363     
           1          20  0.975359939801813     
           1          21  0.976210253971636     
           1          22  0.981643216882674     
           2          23  0.965357845856420     
           2          24  0.967063924744803     
           7          25  0.967578454285944     
           7          26  0.971185314566985     
           8          27  0.983509144238891     
           8          28  0.975335049154114     
           8          29  0.982170655532264     
          10          30  0.946985738343670     
          10          31  0.957342317714571     
          15          32  0.968557291583735     
          15          33  0.963641824961337     
          16          34  0.982060276955443     
          16          35  0.976952256928168     
          16          36  0.975671603010801     
          18          37  0.966551643939414     
          18          38  0.965313769445117     
          19          39  0.975562865067074     
          19          40  0.981996706855299     
          19          41  0.976055056007210     
