           1           2   1.02411126243822     
           2           3  0.863925732045984     
           3           4   1.36269743385274     
           4           5   1.51981391963662     
           4           6   1.31773980383928     
           6           7  0.886473224762592     
           7           8   1.02219137046991     
           4           9  0.938349221399209     
           5           9  0.142318200235194     
           9          10  0.991206978186385     
          10          11  0.987948626547383     
          11          12  0.948948485757252     
          11          13  0.135249802243351     
          12          13   1.54386321024620     
          12          14   1.33027476594856     
          14          15  0.883526805247590     
          15          16   1.01829422354584     
          12          17   1.36329299905694     
          17          18  0.860495049112338     
          18          19   1.02104625574619     
           1          20  0.982367475334517     
           1          21  0.972852603409480     
           1          22  0.970672071642054     
           2          23  0.964344488497134     
           2          24  0.969777692882393     
           7          25  0.964325321511252     
           7          26  0.962026038581979     
           8          27  0.982339587990085     
           8          28  0.976135785988554     
           8          29  0.975744528167920     
          10          30  0.953419066090713     
          10          31  0.941329875649848     
          15          32  0.969994224480230     
          15          33  0.968266897226620     
          16          34  0.981665086775000     
          16          35  0.975498587739923     
          16          36  0.983194564599986     
          18          37  0.967011933787435     
          18          38  0.963542360678337     
          19          39  0.973595717120410     
          19          40  0.980262810391862     
          19          41  0.983075597124813     
