           1           2   1.02179302209361     
           2           3  0.885999332574050     
           3           4   1.32959190093528     
           4           5   1.54500437740493     
           4           6   1.30779721746283     
           6           7  0.886273643107491     
           7           8   1.02000851585770     
           4           9  0.957365737328159     
           5           9  0.111549442793352     
           9          10  0.983487303617886     
          10          11  0.986221729123123     
          11          12  0.992627035158850     
          11          13  0.132488424834292     
          12          13   1.51426233759109     
          12          14   1.32449907845991     
          14          15  0.886827253003267     
          15          16   1.02209372500293     
          12          17   1.31670342522018     
          17          18  0.881936628929969     
          18          19   1.02245100695738     
           1          20  0.976654123357796     
           1          21  0.976443445464716     
           1          22  0.979981661407247     
           2          23  0.965863460815677     
           2          24  0.963553227782910     
           7          25  0.966531298125820     
           7          26  0.966761489927436     
           8          27  0.982882091301069     
           8          28  0.980987700590691     
           8          29  0.975885958472964     
          10          30  0.954969543089659     
          10          31  0.953896701589963     
          15          32  0.967537609658659     
          15          33  0.964339185588130     
          16          34  0.982220677943173     
          16          35  0.977568100837585     
          16          36  0.976067045169831     
          18          37  0.967403582750878     
          18          38  0.966213900812539     
          19          39  0.976021255972037     
          19          40  0.982164380784197     
          19          41  0.977284959804096     
