   -0.12731448
    0.08570689
   -0.25684529
    0.38006221
   -0.44313284
   -0.26359873
    0.07440364
   -0.13052679
   -0.15485060
    0.04030106
   -0.14559750
    0.37552809
   -0.45728724
   -0.25983980
    0.08225382
   -0.12520636
   -0.26609874
    0.07945910
   -0.13033116
    0.05832038
    0.07295725
    0.08096491
    0.07394861
    0.05636893
    0.09202468
    0.06756608
    0.08732289
    0.06390754
    0.07141520
    0.09883603
    0.10295976
    0.05853926
    0.08823227
    0.05845686
    0.08765366
    0.06731308
    0.05435914
    0.08422301
    0.08254552
    0.07335589
    0.06164380
