           1           2  0.976451005698052     
           2           3   1.00383992001777     
           2           4  0.976163107061928     
           4           5   1.81511966202014     
           4           6   1.02195733365013     
           1           7  0.985240647774944     
           1           8  0.987093162437427     
           1           9  0.980237299357696     
           2          10  0.962791202076608     
           3          11  0.987094978848569     
           3          12  0.985279567935689     
           3          13  0.984244330783737     
           6          14  0.944134444082732     
           6          15  0.959777998618413     
           6          16  0.980851021302226     
