   -0.11759871
    0.07879017
   -0.26441670
    0.36382122
   -0.46838728
   -0.26241514
    0.07436112
   -0.12862966
   -0.13065989
    0.03600862
   -0.11846722
    0.37819767
   -0.48003966
   -0.26247709
    0.06959618
   -0.13673682
   -0.25189256
    0.08831366
   -0.13257752
    0.05167128
    0.08217284
    0.05693589
    0.06786652
    0.09035133
    0.09141886
    0.06468824
    0.07336089
    0.08563080
    0.05252682
    0.07530692
    0.11975904
    0.09586510
    0.07819305
    0.06989838
    0.07172040
    0.09348545
    0.04636238
    0.06849190
    0.08292024
    0.07937005
    0.06721325
