   -0.12770090
    0.07017212
   -0.23620159
    0.37483050
   -0.45977573
   -0.10856281
    0.00166939
    0.14001906
    0.36717992
   -0.47273157
   -0.23996596
    0.07669401
   -0.13496189
   -0.11621000
    0.35289862
   -0.47665592
   -0.28930900
    0.03186488
   -0.26191178
    0.01668669
    0.05352642
    0.07408140
    0.07500680
    0.09100657
    0.05548750
    0.12873987
    0.12374193
    0.06783858
    0.06430367
    0.07811705
    0.08154381
    0.07377235
    0.09911309
    0.07756701
    0.06427832
    0.08348550
    0.11070558
    0.08965649
