           1           2   1.01277711275108     
           2           3  0.908353432834176     
           3           4   1.21786627361011     
           3           5  0.169675269287091     
           4           5   1.64268672881200     
           4           6  0.973538824898585     
           6           7  0.989110308911438     
           7           8  0.920302438238795     
           7           9  0.952732501660433     
           9          10   1.66862732118937     
           9          11   1.21818375823228     
          10          11  0.176720727914607     
          11          12  0.897845390741469     
          12          13   1.01918642570103     
           7          14  0.955988518278089     
           5          15  0.113027347828931     
          14          15  0.957712388735356     
          14          16  0.139716357044563     
          15          16   1.49425427747790     
          15          17   1.26229833068956     
          17          18  0.921041106262280     
          15          19   1.32336028220224     
          19          20  0.893315443696628     
           1          21  0.985429449054525     
           1          22  0.983208237313075     
           1          23  0.979116257487986     
           2          24  0.967380732763442     
           2          25  0.969971538333023     
           6          26  0.940390779997028     
           6          27  0.954123855929226     
          12          28  0.967862392572618     
          12          29  0.964037190659083     
          13          30  0.982465906048541     
          13          31  0.977722993853079     
          13          32  0.982765720012750     
          18          33  0.973348410025229     
          18          34  0.977878893706095     
          18          35  0.978619728178182     
          20          36  0.978470133026464     
          20          37  0.971781576223626     
          20          38  0.973733334532955     
