   -0.12924085
    0.06547094
   -0.24678426
    0.37465189
   -0.45069361
   -0.10401031
    0.01457716
    0.07984325
    0.36705377
   -0.46150045
   -0.24357375
    0.06044824
   -0.13104431
   -0.13516375
    0.37190161
   -0.45824213
   -0.24725409
    0.01118032
   -0.28088090
    0.02455286
    0.07642586
    0.07375692
    0.05466864
    0.06023216
    0.09290119
    0.11830064
    0.12687157
    0.07010753
    0.09911360
    0.05428727
    0.07953266
    0.07091449
    0.08835401
    0.11530487
    0.09129945
    0.06961779
    0.07199962
    0.10502011
