   -0.12820641
    0.07460689
   -0.26477152
    0.36890309
   -0.46781479
   -0.25973063
    0.07804652
   -0.11859246
   -0.12606764
    0.03381848
   -0.11921154
    0.38899573
   -0.47680622
   -0.25753465
    0.07500904
   -0.12262013
   -0.26628776
    0.07845379
   -0.12676814
    0.07293247
    0.05151421
    0.08504904
    0.06438994
    0.09067713
    0.09162351
    0.06722037
    0.05169024
    0.05905317
    0.08218723
    0.12245986
    0.08352817
    0.09535762
    0.05957259
    0.06765331
    0.07994330
    0.04905986
    0.06052101
    0.09074499
    0.05480971
    0.08392753
    0.07266309
