           1           2  0.973263306288378     
           2           3  0.978608434893022     
           3           4  0.978583289080969     
           4           5  0.973401889960464     
           1           6   1.02183824359639     
           5           6   1.02195525468976     
           1           7  0.975052951460487     
           1           8  0.977214978961976     
           2           9  0.971291031573934     
           2          10  0.974472756855995     
           4          11  0.971131998751707     
           4          12  0.974491687569352     
           5          13  0.975152009638039     
           5          14  0.976991985456698     
           6          15  0.947386503974191     
