           1           2   1.01386479031715     
           2           3  0.908573074014602     
           3           4   1.19299319790463     
           3           5  0.179353468913747     
           4           5   1.70105664076582     
           4           6  0.966563729926936     
           6           7  0.991891706413169     
           7           8  0.924896195995466     
           7           9  0.955742340354423     
           9          10   1.65712845432456     
           9          11   1.22407746476194     
          10          11  0.170050481960043     
          11          12  0.896506228470210     
          12          13   1.01380094469795     
           7          14  0.960366354801481     
          14          15  0.971605614379118     
          14          16  0.132468410053011     
          15          16   1.52073822405150     
          15          17   1.33218147172808     
          17          18  0.888970020735022     
          15          19   1.27707968008607     
          19          20  0.916456774309564     
           1          21  0.978963302964148     
           1          22  0.985331697592834     
           1          23  0.984013539960257     
           2          24  0.967735888760447     
           2          25  0.969627593464761     
           6          26  0.929113376613524     
           6          27  0.959533293307639     
          12          28  0.970154860113059     
          12          29  0.965541470838241     
          13          30  0.977456668169946     
          13          31  0.983143671726684     
          13          32  0.984993522586931     
          18          33  0.974759971105521     
          18          34  0.971280937423205     
          18          35  0.977362836846550     
          20          36  0.976026350147202     
          20          37  0.977284996156879     
          20          38  0.972534758885969     
