           1           2   1.02130894336415     
           2           3  0.883741475907166     
           3           4   1.32658104503035     
           4           5   1.50440827792031     
           4           6   1.31714479103533     
           6           7  0.889197663019452     
           7           8   1.02174047273044     
           4           9  0.947882545744367     
           5           9  0.145413618382581     
           9          10  0.989729165791407     
          10          11  0.989016120862624     
          11          12  0.955111891171405     
          11          13  0.137199964628854     
          12          13   1.53468618890697     
          12          14   1.35537634790319     
          14          15  0.865577809901580     
          15          16   1.02071989630642     
          12          17   1.33089012085874     
          17          18  0.882186524551433     
          18          19   1.02364632070967     
           1          20  0.973011446656596     
           1          21  0.975679279384462     
           1          22  0.980266389343399     
           2          23  0.967108239366390     
           2          24  0.963815222522074     
           7          25  0.964541165611553     
           7          26  0.968437079438039     
           8          27  0.976314851152891     
           8          28  0.975772778848421     
           8          29  0.982073579593486     
          10          30  0.940270714254277     
          10          31  0.953511031560126     
          15          32  0.969932262276990     
          15          33  0.962587159914764     
          16          34  0.974288308034106     
          16          35  0.981272945494326     
          16          36  0.982476856326651     
          18          37  0.967230563701772     
          18          38  0.962864974718331     
          19          39  0.982138351951846     
          19          40  0.974041321734465     
          19          41  0.975684068149432     
