           1           2   1.02221358834959     
           2           3  0.874317316426727     
           3           4   1.33998328271465     
           4           5   1.50175165057154     
           4           6   1.31198903689076     
           6           7  0.887171503739636     
           7           8   1.01987339960583     
           4           9  0.950499225696459     
           5           9  0.138776004015775     
           9          10  0.982423430249083     
          10          11  0.990844710760800     
          11          12  0.953592933588636     
          11          13  0.136194324053419     
          12          13   1.53248732753565     
          12          14   1.33383683982909     
          14          15  0.880053713611418     
          15          16   1.02349487720437     
          12          17   1.35769310133362     
          17          18  0.866180034996260     
          18          19   1.02060162955298     
           1          20  0.973373324183033     
           1          21  0.981945516134235     
           1          22  0.975660886572575     
           2          23  0.960648406756766     
           2          24  0.965146306278024     
           7          25  0.964752210618000     
           7          26  0.964644333893046     
           8          27  0.977667803892610     
           8          28  0.976391393489214     
           8          29  0.982654095694564     
          10          30  0.947660441516450     
          10          31  0.956394575049237     
          15          32  0.963081380364123     
          15          33  0.967264812349942     
          16          34  0.982081667872322     
          16          35  0.975245729819508     
          16          36  0.973322269089108     
          18          37  0.962307573314276     
          18          38  0.970921428713755     
          19          39  0.982480447038303     
          19          40  0.980885174895619     
          19          41  0.974442765367318     
