           1           2   1.01964697762952     
           2           3   1.00711576185894     
           3           4  0.982617845200672     
           4           5   1.69542408711926     
           4           6   1.16075963072535     
           5           6  0.167860743866733     
           6           7  0.918407796972952     
           7           8   1.01964311007816     
           1           9  0.986289557873366     
           1          10  0.986831622432400     
           1          11  0.986832134152358     
           2          12  0.977484474252066     
           2          13  0.977481227151575     
           3          14  0.946348868374002     
           3          15  0.946402803525427     
           7          16  0.969193576978253     
           7          17  0.969196207433799     
           8          18  0.980043828766898     
           8          19  0.983559554228869     
           8          20  0.983565477880612     
