   -0.12779699
    0.08468276
   -0.25356263
    0.38346572
   -0.46081160
   -0.26913030
    0.07581591
   -0.12681737
   -0.14463449
    0.03548217
   -0.12458920
    0.37454198
   -0.46602722
   -0.26488920
    0.08589884
   -0.12309861
   -0.26121437
    0.07275401
   -0.13006129
    0.08293668
    0.06141909
    0.07104801
    0.07104736
    0.06136348
    0.09265002
    0.06795479
    0.08409497
    0.05501340
    0.06626291
    0.10442905
    0.10455556
    0.05747220
    0.07264211
    0.07062625
    0.05797793
    0.08495352
    0.09396750
    0.06669977
    0.07119733
    0.08696124
    0.05471872
