           1           2  0.973093859876782     
           2           3  0.959068121915442     
           2           4  0.965577457546745     
           4           5  0.956655749898070     
           4           6  0.959600088171796     
           6           7  0.960033999533027     
           6           8  0.950388414717163     
           8           9  0.951231282551967     
           1          10  0.967172171611170     
           8          10  0.967766043845065     
           8          11   1.00496863715375     
           6          12   1.00966351499738     
           4          13   1.00454729439326     
           2          14  0.999918873472297     
           1          15  0.967016662732548     
           1          16  0.967555605060918     
          11          17  0.834657951045706     
          12          18  0.851023671168248     
          13          19  0.857247062778903     
          14          20  0.846516153453722     
