   -0.12883190
    0.07546240
   -0.25790001
    0.36851256
   -0.46590378
   -0.26285441
    0.08857366
   -0.12338901
   -0.13410656
    0.03267002
   -0.14807750
    0.37650626
   -0.47318600
   -0.25870920
    0.07778506
   -0.12682785
   -0.26041053
    0.07437499
   -0.12536687
    0.06832309
    0.05613840
    0.08729465
    0.06580555
    0.09228316
    0.06160455
    0.07992255
    0.08512583
    0.06858434
    0.05473758
    0.11292421
    0.10901595
    0.09161904
    0.06330254
    0.08495989
    0.05449615
    0.07241782
    0.09425715
    0.06418723
    0.07110028
    0.08783669
    0.04574202
