           1           2  0.987885183035494     
           2           3  0.954991474973538     
           2           4  0.968030320492470     
           4           5  0.956340306323828     
           4           6  0.969609678479063     
           6           7  0.956418334683146     
           6           8  0.970908045697922     
           8           9  0.956613277620004     
           8          10  0.952100326558732     
          10          11  0.942820156152223     
           2          12  0.961911687984217     
          10          12  0.959053965289512     
          10          13   1.01953895623135     
           8          14   1.00201132059842     
           6          15  0.999571423784987     
           4          16   1.00523242840597     
           1          17   1.00338921903739     
           1          18  0.967871067572110     
           1          19  0.964452257160483     
          13          20  0.823822190012140     
          14          21  0.844768921840491     
          15          22  0.844677604183703     
          16          23  0.840132818993330     
          17          24  0.842535398918470     
