   -0.13457094
    0.08512506
   -0.25259754
    0.36492657
   -0.46103093
   -0.24739417
    0.08212430
   -0.12096307
   -0.15724270
    0.03991392
   -0.14961537
    0.37342703
   -0.45808334
   -0.26069763
    0.07367313
   -0.13335011
   -0.24605435
    0.07301942
   -0.13428704
    0.07180566
    0.07561739
    0.08667945
    0.06417577
    0.06072425
    0.08857382
    0.05769954
    0.07347159
    0.08301177
    0.04818712
    0.08990566
    0.10689987
    0.07233727
    0.08632748
    0.08602320
    0.06833796
    0.06830166
    0.09085115
    0.06176177
    0.08404069
    0.06102224
    0.07792245
