   -0.12652818
    0.07887743
   -0.25487757
    0.38600665
   -0.46051077
   -0.26354784
    0.06911491
   -0.13215651
   -0.14801243
    0.03631662
   -0.12193104
    0.37304468
   -0.47383062
   -0.26224448
    0.08026803
   -0.12925729
   -0.26072415
    0.07392879
   -0.12871756
    0.05411785
    0.06707955
    0.07923339
    0.09016196
    0.05974968
    0.07706428
    0.09469996
    0.09221140
    0.06914724
    0.06392136
    0.09754827
    0.09582425
    0.05724803
    0.08001717
    0.06366027
    0.08679557
    0.07016070
    0.09268130
    0.06514467
    0.08468197
    0.05329484
    0.07033761
