           1           2   1.02186800873557     
           2           3  0.890467112804907     
           3           4   1.31700328573654     
           4           5   1.51369080564174     
           4           6   1.31932785740420     
           6           7  0.878908570518204     
           7           8   1.02304526659666     
           4           9  0.976087887467329     
           5           9  0.133044366316515     
           9          10  0.987086314071425     
          10          11  0.985063307103177     
          11          12  0.992226138525598     
          11          13  0.134973607598403     
          12          13   1.50461520873599     
          12          14   1.32311723214049     
          14          15  0.874767578038275     
          15          16   1.02169871223199     
          12          17   1.32480460693180     
          17          18  0.887882419532338     
          18          19   1.02250464076285     
           1          20  0.976954192146410     
           1          21  0.982364506993671     
           1          22  0.975095972422952     
           2          23  0.966210343593121     
           2          24  0.964168297407402     
           7          25  0.967462475633580     
           7          26  0.965255735807950     
           8          27  0.982139038841661     
           8          28  0.977051571221351     
           8          29  0.975937406378797     
          10          30  0.956005955664938     
          10          31  0.951690904359440     
          15          32  0.969774250491339     
          15          33  0.965586944335663     
          16          34  0.982514901124605     
          16          35  0.980605913115526     
          16          36  0.975628702267873     
          18          37  0.964638684952974     
          18          38  0.967031048977887     
          19          39  0.981870022952815     
          19          40  0.976129967772492     
          19          41  0.975162200992283     
