           1           2   1.02153233124432     
           2           3  0.862595235425641     
           3           4   1.35401865896029     
           4           5   1.52149461933305     
           4           6   1.33104943408200     
           6           7  0.878309226217863     
           7           8   1.02392334931580     
           4           9  0.977076200675098     
           5           9  0.135705472927854     
           9          10  0.992277731093298     
          10          11  0.976033918960869     
          11          12   1.00757783101345     
          11          13  0.130784745206112     
          12          13   1.54487376628190     
          12          14   1.28190485355854     
          14          15  0.885854808509785     
          15          16   1.02173677142570     
          12          17   1.32318677814873     
          17          18  0.871030077890751     
          18          19   1.02106205221452     
           1          20  0.974104770611961     
           1          21  0.979949620833933     
           1          22  0.982946793902707     
           2          23  0.967157299041686     
           2          24  0.968274351632036     
           7          25  0.967100132906582     
           7          26  0.963301480189114     
           8          27  0.974991813604237     
           8          28  0.982503822624733     
           8          29  0.974082052149813     
          10          30  0.946198448658977     
          10          31  0.951872344688832     
          15          32  0.965171667249521     
          15          33  0.965908970068193     
          16          34  0.982419617556496     
          16          35  0.976742776748445     
          16          36  0.976020221001051     
          18          37  0.966765870605372     
          18          38  0.967115552333991     
          19          39  0.982935336925160     
          19          40  0.978558915920744     
          19          41  0.974437808295306     
