   -0.12874361
    0.07348462
   -0.25550296
    0.36894219
   -0.47949529
   -0.27105633
    0.07197513
   -0.13288112
   -0.12682742
    0.04641372
   -0.12133660
    0.36799529
   -0.48466367
   -0.24984266
    0.08125109
   -0.13435352
   -0.25858846
    0.07775488
   -0.13223346
    0.08999797
    0.07829053
    0.05186347
    0.06293854
    0.09771467
    0.07678032
    0.08897582
    0.08892168
    0.06355635
    0.06899480
    0.05334848
    0.10867716
    0.07146416
    0.05710342
    0.08573842
    0.06824283
    0.08061899
    0.07615861
    0.08715576
    0.09167152
    0.07023600
    0.06925871
