           1           2   1.01970875697090     
           2           3  0.900865243308203     
           3           4   1.23783920725423     
           3           5  0.165436498487515     
           4           5   1.61110206033475     
           4           6  0.982470898999449     
           6           7  0.999754128492845     
           7           8  0.921677293542912     
           7           9  0.948881380486589     
           9          10   1.69919571944685     
           9          11   1.18140586147567     
          10          11  0.170951097717524     
          11          12  0.903905379048135     
          12          13   1.01410876867748     
           7          14  0.960796442930926     
          14          15   1.00018818261587     
          14          16  0.142605180219347     
          15          16   1.45859421445924     
          15          17   1.31595505248885     
          17          18  0.909455081887958     
          15          19   1.27622215812720     
          19          20  0.915793121144479     
           1          21  0.978235681816332     
           1          22  0.982494083899458     
           1          23  0.982384698445579     
           2          24  0.968059318600045     
           2          25  0.965282447389702     
           6          26  0.936929243943707     
           6          27  0.931678844987146     
          12          28  0.965171816387632     
          12          29  0.970197752210888     
          13          30  0.984485485616754     
          13          31  0.984007373724709     
          13          32  0.977788174697287     
          18          33  0.972479800560811     
          18          34  0.978452998370547     
          18          35  0.972622928512830     
          20          36  0.977793919575447     
          20          37  0.973407544317638     
          20          38  0.974574667632164     
