   -0.12790747
    0.07816495
   -0.26036177
    0.38083220
   -0.46462142
   -0.25702458
    0.07060835
   -0.12531351
   -0.15607309
    0.04164788
   -0.14299667
    0.37217481
   -0.46240233
   -0.26172659
    0.07642967
   -0.12847898
   -0.25185771
    0.07314734
   -0.12955555
    0.08476456
    0.05381427
    0.07268733
    0.08959422
    0.06572963
    0.06720912
    0.09791481
    0.05373252
    0.08407006
    0.06881401
    0.09707783
    0.09331321
    0.06780091
    0.09193860
    0.06351668
    0.08487119
    0.07077567
    0.09399889
    0.06192399
    0.05423678
    0.07263308
    0.08489708
