   -0.12935306
    0.07495844
   -0.26739848
    0.37592226
   -0.46745106
   -0.26662292
    0.08595420
   -0.12180772
   -0.11932600
    0.03262487
   -0.12773235
    0.37748762
   -0.46301675
   -0.27020331
    0.07109494
   -0.12617991
   -0.26453866
    0.08442018
   -0.12251064
    0.07025417
    0.05527117
    0.08577644
    0.06469837
    0.09064726
    0.08274854
    0.05444031
    0.05912006
    0.06249903
    0.08263037
    0.10919946
    0.10878502
    0.09509627
    0.07043837
    0.06685826
    0.08505020
    0.05594681
    0.08362412
    0.05689103
    0.06248126
    0.08225716
    0.05896466
