           1           2   1.02236625843332     
           2           3  0.888036853452708     
           3           4   1.31999792936071     
           4           5   1.51398254974094     
           4           6   1.31285837857794     
           6           7  0.877336312412257     
           7           8   1.02149114869889     
           4           9  0.995986495266052     
           5           9  0.134395438877265     
           9          10  0.982868962562571     
          10          11  0.989258999190869     
          11          12  0.991428182707839     
          11          13  0.136788049499915     
          12          13   1.50720424160068     
          12          14   1.31828909157141     
          14          15  0.883313160209411     
          15          16   1.02278027865785     
          12          17   1.31902552406209     
          17          18  0.877562322875717     
          18          19   1.02163776302523     
           1          20  0.981767235781411     
           1          21  0.975576282197456     
           1          22  0.976136407564597     
           2          23  0.967480112247497     
           2          24  0.964928446819185     
           7          25  0.967116360283208     
           7          26  0.968316763284580     
           8          27  0.982176023065822     
           8          28  0.981918347935633     
           8          29  0.975910529417066     
          10          30  0.952699874835687     
          10          31  0.955502145029955     
          15          32  0.963653235802424     
          15          33  0.968888204818661     
          16          34  0.981918218427174     
          16          35  0.975893619770828     
          16          36  0.974527422953462     
          18          37  0.966434704213349     
          18          38  0.967661738970274     
          19          39  0.981700689623236     
          19          40  0.975835387546822     
          19          41  0.981991191063878     
