           1           2   1.02336543232074     
           2           3  0.874451623313501     
           3           4   1.31599971546620     
           4           5   1.54589324317354     
           4           6   1.31997823686047     
           6           7  0.882769951404314     
           7           8   1.01944337568548     
           4           9  0.977815993230899     
           5           9  0.102137966590350     
           9          10  0.976994140664113     
          10          11  0.993268335718806     
          11          12  0.952835721523520     
          11          13  0.137742556591027     
          12          13   1.52661914944135     
          12          14   1.35635481823450     
          14          15  0.865862769594495     
          15          16   1.02326531761548     
          12          17   1.33666896283896     
          17          18  0.881259993746698     
          18          19   1.02359034261665     
           1          20  0.981779410756367     
           1          21  0.975387714267126     
           1          22  0.974836411779290     
           2          23  0.965381630418138     
           2          24  0.968089864136123     
           7          25  0.966837006569870     
           7          26  0.965291315252305     
           8          27  0.982241251632047     
           8          28  0.981237519311830     
           8          29  0.975251034320975     
          10          30  0.957016407021155     
          10          31  0.951095392967939     
          15          32  0.965870443823448     
          15          33  0.964757309477223     
          16          34  0.980584579254405     
          16          35  0.973618338845148     
          16          36  0.973954409452681     
          18          37  0.966506429398493     
          18          38  0.962629406538618     
          19          39  0.974357295025612     
          19          40  0.975597814490905     
          19          41  0.982428085752915     
