   -0.12884464
    0.08072727
   -0.25916333
    0.34762452
   -0.46320828
   -0.26484120
    0.07599190
   -0.12962849
   -0.13311694
    0.03134417
   -0.11584377
    0.36534268
   -0.48516356
   -0.26115892
    0.07619515
   -0.12887545
   -0.26851711
    0.07072287
   -0.12575113
    0.06713383
    0.08897660
    0.07167304
    0.06799379
    0.08706459
    0.08942167
    0.05777155
    0.08575909
    0.05283331
    0.07504454
    0.08389404
    0.12991379
    0.08448789
    0.07255564
    0.06310573
    0.08724315
    0.06828011
    0.07906883
    0.09586022
    0.06261906
    0.05707388
    0.08838994
