   -0.12729549
    0.08356678
   -0.25563288
    0.37993545
   -0.45762627
   -0.25686928
    0.07637546
   -0.13004226
   -0.15816093
    0.04053337
   -0.14625601
    0.38307328
   -0.44721288
   -0.26996314
    0.08491680
   -0.12629484
   -0.26795576
    0.07457867
   -0.13439515
    0.08579652
    0.05596267
    0.07170882
    0.08417248
    0.06441096
    0.05505892
    0.09046415
    0.08131643
    0.07095019
    0.06161449
    0.10278739
    0.09560148
    0.08212511
    0.05903432
    0.07080853
    0.08246539
    0.05390323
    0.06687270
    0.09352276
    0.06218424
    0.09098857
    0.07297570
