   -0.13076511
    0.07563155
   -0.26156264
    0.35717474
   -0.45215955
   -0.26745665
    0.08944227
   -0.13031413
   -0.13823875
    0.03492638
   -0.11029449
    0.37846255
   -0.48328279
   -0.26763481
    0.07206248
   -0.13317726
   -0.26261500
    0.07494608
   -0.13130816
    0.07658431
    0.05429819
    0.08589552
    0.06029652
    0.09153934
    0.07603721
    0.06505873
    0.06567660
    0.08856932
    0.06669006
    0.12216456
    0.06970596
    0.08939077
    0.07596133
    0.06931965
    0.06636492
    0.09094501
    0.09456588
    0.05987383
    0.08573020
    0.05444805
    0.07704731
