           1           2   1.02188069367943     
           2           3  0.886516760275715     
           3           4   1.31800243089242     
           4           5   1.55587093047855     
           4           6   1.33719702990652     
           6           7  0.864965806680857     
           7           8   1.02032487677060     
           4           9  0.968117969514302     
           5           9  0.135180664143303     
           9          10  0.977550806122051     
          10          11  0.992107600686445     
          11          12  0.964870131494897     
          11          13  0.134153948086830     
          12          13   1.53240772996534     
          12          14   1.34464336278492     
          14          15  0.854786909258036     
          15          16   1.02259798931025     
          12          17   1.32027611596208     
          17          18  0.886158766114445     
          18          19   1.02239179047586     
           1          20  0.980653698971303     
           1          21  0.976665959326001     
           1          22  0.975923744183354     
           2          23  0.969432107991925     
           2          24  0.964598336643793     
           7          25  0.968261635664963     
           7          26  0.963144156022155     
           8          27  0.983604217436658     
           8          28  0.974226870993656     
           8          29  0.980889074460421     
          10          30  0.958502842826609     
          10          31  0.949117178760610     
          15          32  0.966083345823344     
          15          33  0.968056699151557     
          16          34  0.979035146211802     
          16          35  0.981901652565452     
          16          36  0.972497916239018     
          18          37  0.964123802027277     
          18          38  0.969474518705604     
          19          39  0.975705069084491     
          19          40  0.976373490088856     
          19          41  0.980230395363516     
