           1           2   1.01820229414634     
           2           3  0.883552771990145     
           3           4   1.32157970320418     
           4           5   1.51191762129045     
           4           6   1.32056286437590     
           6           7  0.872196124035240     
           7           8   1.01891136597917     
           4           9   1.02905771206548     
           5           9  0.135650403783631     
           9          10  0.973968660712837     
          10          11  0.995516325527287     
          11          12  0.961859712444626     
          11          13  0.132184893429522     
          12          13   1.53424080794127     
          12          14   1.35216340909003     
          14          15  0.861783934870912     
          15          16   1.02147298510244     
          12          17   1.32393766021658     
          17          18  0.886728270828498     
          18          19   1.02229071757593     
           1          20  0.984168175934255     
           1          21  0.982081124076740     
           1          22  0.975474685948188     
           2          23  0.971490516990877     
           2          24  0.965385739646413     
           7          25  0.971429255927448     
           7          26  0.968477263847599     
           8          27  0.982232058086343     
           8          28  0.974579378412515     
           8          29  0.982155077891245     
          10          30  0.955872662838690     
          10          31  0.946912686240476     
          15          32  0.963113489264186     
          15          33  0.967255858895316     
          16          34  0.980192315628163     
          16          35  0.974270474948377     
          16          36  0.983339052545471     
          18          37  0.964384901452346     
          18          38  0.968940924994760     
          19          39  0.980409762257863     
          19          40  0.975749679125715     
          19          41  0.976883436311759     
