           1           2   1.01993697248550     
           2           3  0.873868049055813     
           3           4   1.30676134451686     
           4           5   1.54213195905144     
           4           6   1.30953678064405     
           6           7  0.887607849101398     
           7           8   1.02198906237661     
           4           9  0.999405717781480     
           5           9  0.102972090425250     
           9          10  0.970671976553101     
          10          11  0.996165547361052     
          11          12  0.946686187569713     
          11          13  0.133625328742515     
          12          13   1.54645707757500     
          12          14   1.34714366307069     
          14          15  0.865431329711559     
          15          16   1.02101591924409     
          12          17   1.33002229305267     
          17          18  0.884273287295874     
          18          19   1.02244198963465     
           1          20  0.982079916848659     
           1          21  0.983563680816185     
           1          22  0.974402737273487     
           2          23  0.965403054558359     
           2          24  0.971322884536241     
           7          25  0.963030466321267     
           7          26  0.965541340370809     
           8          27  0.975905235766634     
           8          28  0.975201157957109     
           8          29  0.978763845697658     
          10          30  0.954094800735568     
          10          31  0.954859098836515     
          15          32  0.963125344659900     
          15          33  0.968340265974554     
          16          34  0.980443725482851     
          16          35  0.974379829778810     
          16          36  0.983525043420489     
          18          37  0.964219832206222     
          18          38  0.969290256389287     
          19          39  0.975649673844639     
          19          40  0.980194456586233     
          19          41  0.975582811692789     
