$coord
         -5.813394994713          0.697115270222          0.001912960697     c 
         -3.057196450770          0.042965444131         -0.002523787587     c 
         -2.236604142249         -2.443676487724         -0.001227960362     c 
          0.322788156468         -2.996964731629          0.000398506353     c 
          2.129507775523         -1.107377167719          0.000619175510     c 
          1.301761878997          1.406133734847         -0.000076857800     c 
         -1.258008637030          1.957334604476         -0.001451944288     c 
          3.094419861503          3.260354481597          0.000215444065     o 
          4.904288994769         -1.662981119030          0.000642662347     c 
         -6.965394075891         -0.999597942474         -0.092282892693     h 
         -6.299274737921          1.727503403680          1.715847980127     h 
         -6.268887836186          1.896259845897         -1.606447712814     h 
         -3.598350534564         -3.963597536107         -0.001434501362     h 
          0.931278218191         -4.945746948952          0.001192512694     h 
         -1.872066550441          3.907022551007         -0.002104676040     h 
          2.298877737679          4.908500286653          0.001738878197     h 
          5.788760636653         -0.838462520101         -1.665530446263     h 
          5.794346208868         -0.811319985670          1.649840730873     h 
          5.243993329570         -3.687514334044          0.016105162947     h 
$end
