           1           2   1.02109909010506     
           2           3  0.881452999960799     
           3           4   1.32795619151804     
           4           5   1.55182579959567     
           4           6   1.35162464596973     
           6           7  0.862049114877650     
           7           8   1.02065714253152     
           4           9  0.967031410296767     
           5           9  0.137598197834871     
           9          10  0.974538959975679     
          10          11  0.997684234777817     
          11          12  0.957809511322775     
          11          13  0.133693316266167     
          12          13   1.54213156634687     
          12          14   1.36139025572760     
          14          15  0.857600309998480     
          15          16   1.02126815650773     
          12          17   1.33265527597674     
          17          18  0.882246585434944     
          18          19   1.01803088123807     
           1          20  0.975731942073914     
           1          21  0.981407394057617     
           1          22  0.983329639095028     
           2          23  0.964772350651727     
           2          24  0.969256144961197     
           7          25  0.963749951428278     
           7          26  0.970035168040690     
           8          27  0.982816252532922     
           8          28  0.982119952046554     
           8          29  0.973248248285542     
          10          30  0.961488280705991     
          10          31  0.948337457326749     
          15          32  0.964166986565119     
          15          33  0.967373422192024     
          16          34  0.982740211015983     
          16          35  0.981433279526385     
          16          36  0.973232346513639     
          18          37  0.968728555063804     
          18          38  0.970428372234126     
          19          39  0.983281241739752     
          19          40  0.975267831290196     
          19          41  0.981848850668140     
