   -0.12846929
    0.07206850
   -0.25083031
    0.38827322
   -0.46335338
   -0.26989947
    0.07026143
   -0.13166518
   -0.15059343
    0.04144101
   -0.13940096
    0.36547074
   -0.46406964
   -0.25355546
    0.07596321
   -0.13040438
   -0.25653916
    0.07366726
   -0.13011229
    0.07418663
    0.05254385
    0.08550737
    0.06264845
    0.09607538
    0.07717173
    0.09349198
    0.09116857
    0.06628679
    0.06629542
    0.08928723
    0.07648397
    0.07913238
    0.07205272
    0.07351092
    0.08866791
    0.06497275
    0.09544338
    0.06310621
    0.08542274
    0.05397845
    0.07431277
