   -0.12916717
    0.06364549
   -0.25895200
    0.37160170
   -0.46872376
   -0.10017931
    0.01448283
    0.09148397
    0.36779852
   -0.45546047
   -0.24933905
    0.06783739
   -0.12148662
   -0.13580591
    0.38474525
   -0.46550592
   -0.26245177
    0.01774684
   -0.24969105
    0.00597664
    0.07597125
    0.05278844
    0.06763379
    0.09240713
    0.06608079
    0.11961632
    0.11090676
    0.09273977
    0.07551202
    0.05091621
    0.06001983
    0.08156269
    0.11223797
    0.07780554
    0.07532374
    0.09312387
    0.11538536
    0.09141288
