           1           2   1.01431519770570     
           2           3  0.909614746449515     
           3           4   1.18732331247905     
           3           5  0.176167090445437     
           4           5   1.69990078874635     
           4           6  0.971850419371272     
           6           7  0.999039211910643     
           7           8  0.918177615493607     
           7           9  0.958434996272425     
           9          10   1.69914939520198     
           9          11   1.19346588332722     
          10          11  0.177281598295156     
          11          12  0.897388231272547     
          12          13   1.01527872900220     
           7          14  0.954775393413855     
          14          15  0.971084180968923     
          14          16  0.135806284778729     
          15          16   1.53703783196757     
          15          17   1.28860111133982     
          17          18  0.915185330202961     
          15          19   1.33176287824222     
          19          20  0.889495916357648     
           1          21  0.979004078866373     
           1          22  0.985502032998320     
           1          23  0.984160913641530     
           2          24  0.967584747778030     
           2          25  0.969756898098551     
           6          26  0.930574599726325     
           6          27  0.952311051780831     
          12          28  0.967004481505221     
          12          29  0.967974581168670     
          13          30  0.985545348403156     
          13          31  0.983995858860552     
          13          32  0.977449730290078     
          18          33  0.971232538504591     
          18          34  0.977670104202305     
          18          35  0.978146432189316     
          20          36  0.977566562327230     
          20          37  0.971176595829929     
          20          38  0.971901180148555     
