   -0.13085293
    0.07243856
   -0.24890281
    0.37442586
   -0.46325430
   -0.26155020
    0.07765302
   -0.13078436
   -0.13793503
    0.04003150
   -0.16334657
    0.38758542
   -0.46001171
   -0.27154184
    0.07419057
   -0.12559922
   -0.25798130
    0.07717780
   -0.13137451
    0.07491892
    0.05427254
    0.08432752
    0.06099189
    0.09508260
    0.09179704
    0.06290175
    0.06576493
    0.07114600
    0.08697489
    0.09639459
    0.09319862
    0.07486098
    0.09211231
    0.05469444
    0.08612191
    0.06505813
    0.06686429
    0.08053886
    0.08653878
    0.07481503
    0.06025599
