           1           2   1.02193345331114     
           2           3  0.886461454255806     
           3           4   1.32797438047428     
           4           5   1.54369189321289     
           4           6   1.34928378867527     
           6           7  0.864731938087510     
           7           8   1.02330262278131     
           4           9  0.943134538709235     
           5           9  0.133745295279208     
           9          10  0.988757781193061     
          10          11  0.988374064207774     
          11          12  0.968722685221650     
          11          13  0.137561491711801     
          12          13   1.51160947413164     
          12          14   1.31925620610974     
          14          15  0.870537503232010     
          15          16   1.02259199111429     
          12          17   1.32262204714752     
          17          18  0.877819845262637     
          18          19   1.01900427080919     
           1          20  0.981581511664856     
           1          21  0.978138081160002     
           1          22  0.976086053951280     
           2          23  0.967958987469094     
           2          24  0.963539280014737     
           7          25  0.964142224583379     
           7          26  0.962898134953087     
           8          27  0.974398080534685     
           8          28  0.981755265366859     
           8          29  0.974369141041416     
          10          30  0.951644500986596     
          10          31  0.952417973770472     
          15          32  0.967402465365565     
          15          33  0.964914625662803     
          16          34  0.977016146195683     
          16          35  0.975197967095274     
          16          36  0.983426164322800     
          18          37  0.960639828449985     
          18          38  0.966274063415161     
          19          39  0.974512476913399     
          19          40  0.982103644440656     
          19          41  0.982523275184004     
