   -0.13075327
    0.07929463
   -0.27127463
    0.38712337
   -0.46360888
   -0.27066325
    0.07161989
   -0.13458251
   -0.13120512
    0.04058571
   -0.13276966
    0.37687331
   -0.47015730
   -0.24989791
    0.07818082
   -0.12690559
   -0.26065344
    0.06798957
   -0.13332465
    0.05625366
    0.08405318
    0.07391241
    0.05278155
    0.09165531
    0.07259739
    0.09236792
    0.07047875
    0.06389581
    0.08949785
    0.08621975
    0.08917299
    0.05236058
    0.08382525
    0.05891456
    0.07703770
    0.07688401
    0.09665108
    0.07553423
    0.09022923
    0.06673407
    0.07307169
