           1           2   1.01422025341070     
           2           3  0.905149295386837     
           3           4   1.20314059141112     
           3           5  0.174420866113912     
           4           5   1.67448013788963     
           4           6  0.971745593579605     
           6           7  0.992796550728034     
           7           8  0.952270854063946     
           7           9  0.949488098589794     
           9          10   1.61921392356633     
           9          11   1.22220268718609     
          10          11  0.160386417903913     
          11          12  0.898012147417315     
          12          13   1.01308731164859     
           7          14  0.953200877520901     
          10          15  0.132471455270259     
          14          15  0.973205487366556     
          14          16  0.131084982770065     
          15          16   1.50960252737085     
          15          17   1.29338832815368     
          17          18  0.897856612706127     
          15          19   1.26552985181586     
          19          20  0.914129855532268     
           1          21  0.983487218749035     
           1          22  0.978227569987265     
           1          23  0.985923028218618     
           2          24  0.966414929899206     
           2          25  0.969966788850503     
           6          26  0.933572255917317     
           6          27  0.949796005123553     
          12          28  0.970788281614798     
          12          29  0.966012914671404     
          13          30  0.983488343609512     
          13          31  0.982469034390129     
          13          32  0.977610208383121     
          18          33  0.973186124089920     
          18          34  0.977424001436568     
          18          35  0.976288662675151     
          20          36  0.970390981420657     
          20          37  0.974058976301123     
          20          38  0.978848062918863     
