   -0.12910902
    0.07249076
   -0.25390446
    0.38803899
   -0.47091583
   -0.26655238
    0.07216829
   -0.13060512
   -0.15844866
    0.03788509
   -0.16099187
    0.36192097
   -0.45921645
   -0.25472747
    0.09479128
   -0.12694704
   -0.25971226
    0.07496298
   -0.12608879
    0.07353147
    0.05169121
    0.08892890
    0.06504711
    0.09585887
    0.07501369
    0.09408070
    0.06307996
    0.06964472
    0.08760511
    0.10511583
    0.10891240
    0.05515475
    0.06067063
    0.06790039
    0.08671972
    0.07079671
    0.06687101
    0.09454787
    0.08731081
    0.06827598
    0.05820314
