   -0.12750926
    0.07229157
   -0.25209498
    0.38251436
   -0.48268862
   -0.26657770
    0.08087180
   -0.13298391
   -0.15037679
    0.03191723
   -0.12404768
    0.37158117
   -0.45324571
   -0.27193926
    0.08885426
   -0.13070109
   -0.25777486
    0.07467769
   -0.13277581
    0.06815970
    0.05173400
    0.08453361
    0.06615450
    0.09483199
    0.05659370
    0.08129061
    0.07461157
    0.06563243
    0.08492954
    0.11815747
    0.10859623
    0.06530224
    0.06634280
    0.08505863
    0.06735367
    0.06769406
    0.09187905
    0.06210588
    0.08532634
    0.05846867
    0.07525086
