   -0.13213416
    0.07090341
   -0.26647358
    0.36505552
   -0.46723440
   -0.24415766
    0.07768641
   -0.11924997
   -0.14686336
    0.03723429
   -0.11623065
    0.36984532
   -0.47263402
   -0.25789285
    0.07509963
   -0.13122333
   -0.26712956
    0.07660387
   -0.13004994
    0.06301638
    0.07070078
    0.08812930
    0.09403085
    0.07236412
    0.06418863
    0.09407212
    0.04753300
    0.07875363
    0.06678845
    0.11506272
    0.06937136
    0.06350168
    0.09316001
    0.08752362
    0.07418130
    0.05726689
    0.07225435
    0.08618370
    0.07107246
    0.08658163
    0.06310806
