$hessian                                                                        
        0.7615612683  -0.0032887975  -0.1929309525  -0.4581828400   0.1074403766
        0.1856836707  -0.0348105724  -0.0007879903   0.0106911033  -0.0035537758
       -0.0015662845  -0.0004016760  -0.2124843788  -0.1282782575  -0.0228658975
       -0.0466134629   0.0224705459   0.0156073159  -0.0058235707   0.0032684764
        0.0043040891  -0.0013339703  -0.0005548561  -0.0006216875   0.0012109119
        0.0016282509   0.0005499335   0.0000303907  -0.0003314640  -0.0000158991
       -0.0032887975   0.4740106930   0.2168386902   0.1047972320  -0.1013394354
       -0.0720527822  -0.0114416250   0.0035110974   0.0059921696  -0.0045075547
        0.0001810492  -0.0004269015  -0.1263614044  -0.1344945743  -0.0223808162
        0.0212239271  -0.2317744278  -0.1178338238   0.0237775742  -0.0092835007
       -0.0124475508  -0.0027759481  -0.0016228290   0.0007456242  -0.0017678118
        0.0008539966   0.0016026746   0.0003444082  -0.0000420692  -0.0000372842
       -0.1929309525   0.2168386902   0.2732555742   0.1825104359  -0.0726316279
       -0.1250345163   0.0055883728   0.0013622236   0.0013704955  -0.0029657215
        0.0009957929  -0.0002410272  -0.0210922469  -0.0221455201  -0.0381522813
        0.0152616293  -0.1183158063  -0.1042330794   0.0151815393  -0.0063475817
       -0.0080558255  -0.0003703259   0.0000025180   0.0005499384  -0.0013182570
        0.0002875160   0.0006257708   0.0001355265  -0.0000462046  -0.0000850492
       -0.4581828400   0.1047972320   0.1825104359   0.7361698502  -0.0513817039
       -0.2037433305  -0.1416754286  -0.0692697312  -0.0073341366  -0.0468877744
       -0.0036204748  -0.0079390907  -0.0281712493   0.0042725329   0.0111773950
       -0.0048173999   0.0049229588   0.0045549012  -0.0451063769   0.0228247188
        0.0153237181  -0.0126156414  -0.0098295483   0.0053254815   0.0002284337
       -0.0035791473  -0.0003601773   0.0010584266   0.0008631631   0.0004848035
        0.1074403766  -0.1013394354  -0.0726316279  -0.0513817039   0.4688496079
        0.2034838460  -0.0729103094  -0.1178355433  -0.0115270100   0.0190766752
        0.0092228717   0.0025007082  -0.0163985620   0.0029493368   0.0075621077
        0.0238526309  -0.0106667779  -0.0128842241   0.0212546091  -0.2264997461
       -0.1129570076  -0.0120552539  -0.0074515578   0.0018699807  -0.0187097651
       -0.0187156258  -0.0053933816  -0.0001686974   0.0014868699  -0.0000233913
        0.1856836707  -0.0720527822  -0.1250345163  -0.2037433305   0.2034838460
        0.3017588693  -0.0037957158  -0.0095360550  -0.0641671414  -0.0114724293
       -0.0025419158   0.0023414588  -0.0020811185   0.0015271156  -0.0006837720
        0.0151051121  -0.0077996686  -0.0079191557   0.0147279408  -0.1136700435
       -0.1037477352   0.0214195586   0.0170570216   0.0000880885  -0.0151000311
       -0.0159276469  -0.0031805433  -0.0007436570  -0.0005398711   0.0005444471
       -0.0348105724  -0.0114416250   0.0055883728  -0.1416754286  -0.0729103094
       -0.0037957158   0.4243444225   0.0159903923  -0.0316682140  -0.1612495713
        0.0780365975  -0.0259165858  -0.0009887537   0.0005284286   0.0017860549
        0.0006618701  -0.0010195777  -0.0016761042   0.0005097287  -0.0002338905
       -0.0007929524  -0.0482436027  -0.0200005772   0.0460946390  -0.0406104412
        0.0112558921   0.0155856867   0.0020623485  -0.0002053308  -0.0052051811
       -0.0007879903   0.0035110974   0.0013622236  -0.0692697312  -0.1178355433
       -0.0095360550   0.0159903923   0.4556186947   0.0169918432   0.0661252720
       -0.0927171893   0.0251981468   0.0005119159   0.0040736310  -0.0062441440
        0.0029637653   0.0000520562   0.0022686239  -0.0197144966  -0.0172702610
       -0.0039620548  -0.0228773617  -0.0718450548   0.0702133913   0.0141432646
       -0.1506744424  -0.1023540189   0.0129149697  -0.0129129884   0.0060620439
        0.0106911033   0.0059921696   0.0013704955  -0.0073341366  -0.0115270100
       -0.0641671414  -0.0316682140   0.0169918432   0.5001587101  -0.0083317036
        0.0168859544  -0.0719026384   0.0050423994  -0.0055105407   0.0086399373
       -0.0002853880   0.0032342896  -0.0035321168  -0.0109446785  -0.0107661592
       -0.0003362359   0.0544106406   0.0703790227  -0.2204723727   0.0159998863
       -0.1016062844  -0.1409617397  -0.0275799088   0.0159267147  -0.0087968979
       -0.0035537758  -0.0045075547  -0.0029657215  -0.0468877744   0.0190766752
       -0.0114724293  -0.1612495713   0.0661252720  -0.0083317036   0.2774376544
       -0.0918741312  -0.0407640941  -0.0014838994  -0.0018649826   0.0038905062
        0.0001146253   0.0004016216  -0.0012124066   0.0025680878   0.0007838253
        0.0012171259   0.0002823237   0.0040594400  -0.0058439528  -0.0182569324
        0.0213366209   0.0006856943  -0.0489707380  -0.0135367865   0.0647969816
       -0.0015662845   0.0001810492   0.0009957929  -0.0036204748   0.0092228717
       -0.0025419158   0.0780365975  -0.0927171893   0.0168859544  -0.0918741312
        0.1953532684  -0.1895178189   0.0002903225   0.0000493482   0.0004464538
       -0.0006895767  -0.0001131016   0.0003159414   0.0007970597   0.0016713155
        0.0004414410   0.0148936631  -0.0122092285   0.0110233811   0.0301635501
       -0.0238194841   0.0038576968  -0.0264307259  -0.0776188496   0.1580930734
       -0.0004016760  -0.0004269015  -0.0002410272  -0.0079390907   0.0025007082
        0.0023414588  -0.0259165858   0.0251981468  -0.0719026384  -0.0407640941
       -0.1895178189   0.4206618976  -0.0002324426   0.0000803177   0.0003613659
       -0.0000686404   0.0001073874  -0.0000056775   0.0007539976   0.0005758725
        0.0000218419  -0.0266188724   0.0222901685  -0.0135151620   0.0125292734
       -0.0073600407   0.0083230608   0.0886581311   0.1465521600  -0.3460451200
       -0.2124843788  -0.1263614044  -0.0210922469  -0.0281712493  -0.0163985620
       -0.0020811185  -0.0009887537   0.0005119159   0.0050423994  -0.0014838994
        0.0002903225  -0.0002324426   0.2420551842   0.1419518092   0.0190665967
        0.0013199985   0.0003622194   0.0005458354   0.0004536449   0.0001088265
       -0.0016491436  -0.0011814342  -0.0009220663   0.0001065195   0.0002207883
        0.0004784382   0.0002460120   0.0002600995  -0.0000214990   0.0000475886
       -0.1282782575  -0.1344945743  -0.0221455201   0.0042725329   0.0029493368
        0.0015271156   0.0005284286   0.0040736310  -0.0055105407  -0.0018649826
        0.0000493482   0.0000803177   0.1419518092   0.1428024650   0.0286212040
       -0.0198909126  -0.0157599790  -0.0049579653   0.0016815717  -0.0002591120
        0.0024010163   0.0012687352   0.0008920502  -0.0000628105   0.0003290765
       -0.0000471928  -0.0000075256   0.0000019986  -0.0002059731   0.0000547085
       -0.0228658975  -0.0223808162  -0.0381522813   0.0111773950   0.0075621077
       -0.0006837720   0.0017860549  -0.0062441440   0.0086399373   0.0038905062
        0.0004464538   0.0003613659   0.0190665967   0.0286212040   0.0333476484
       -0.0107623660  -0.0103487852  -0.0002848432  -0.0008082124   0.0027451142
       -0.0036100257  -0.0017526441  -0.0010818154   0.0002134314   0.0002375067
        0.0005053338   0.0002497631   0.0000310606   0.0001753473  -0.0000812240
       -0.0466134629   0.0212239271   0.0152616293  -0.0048173999   0.0238526309
        0.0151051121   0.0006618701   0.0029637653  -0.0002853880   0.0001146253
       -0.0006895767  -0.0000686404   0.0013199985  -0.0198909126  -0.0107623660
        0.0527319127  -0.0272873629  -0.0236330526  -0.0031325682   0.0001627433
        0.0049994917   0.0002626769   0.0001237704  -0.0001693787  -0.0005131881
       -0.0005447427  -0.0004816006  -0.0000144645   0.0000857581   0.0000341933
        0.0224705459  -0.2317744278  -0.1183158063   0.0049229588  -0.0106667779
       -0.0077996686  -0.0010195777   0.0000520562   0.0032342896   0.0004016216
       -0.0001131016   0.0001073874   0.0003622194  -0.0157599790  -0.0103487852
       -0.0272873629   0.2550148377   0.1385566792   0.0002569974   0.0030974504
       -0.0058279485  -0.0006543461  -0.0003355375   0.0001649644   0.0004779959
        0.0005048864   0.0002976994   0.0000689477  -0.0000194069  -0.0000688114
        0.0156073159  -0.1178338238  -0.1042330794   0.0045549012  -0.0128842241
       -0.0079191557  -0.0016761042   0.0022686239  -0.0035321168  -0.0012124066
        0.0003159414  -0.0000056775   0.0005458354  -0.0049579653  -0.0002848432
       -0.0236330526   0.1385566792   0.1074737248   0.0049229150  -0.0055942581
        0.0087323834   0.0005709120   0.0002799714  -0.0002034073   0.0004323959
        0.0000039150   0.0000305052  -0.0001127119  -0.0001548597  -0.0000583337
       -0.0058235707   0.0237775742   0.0151815393  -0.0451063769   0.0212546091
        0.0147279408   0.0005097287  -0.0197144966  -0.0109446785   0.0025680878
        0.0007970597   0.0007539976   0.0004536449   0.0016815717  -0.0008082124
       -0.0031325682   0.0002569974   0.0049229150   0.0543842860  -0.0241360337
       -0.0228203173   0.0001385655  -0.0001901962  -0.0003473086  -0.0038838564
       -0.0034345225  -0.0005099838  -0.0001079409  -0.0002925632  -0.0001558922
        0.0032684764  -0.0092835007  -0.0063475817   0.0228247188  -0.2264997461
       -0.1136700435  -0.0002338905  -0.0172702610  -0.0107661592   0.0007838253
        0.0016713155   0.0005758725   0.0001088265  -0.0002591120   0.0027451142
        0.0001627433   0.0030974504  -0.0055942581  -0.0241360337   0.2508793535
        0.1338058111   0.0003088153   0.0000788166  -0.0001550000  -0.0030762405
       -0.0023029360  -0.0004813710  -0.0000112409  -0.0001113803  -0.0001123842
        0.0043040891  -0.0124475508  -0.0080558255   0.0153237181  -0.1129570076
       -0.1037477352  -0.0007929524  -0.0039620548  -0.0003362359   0.0012171259
        0.0004414410   0.0000218419  -0.0016491436   0.0024010163  -0.0036100257
        0.0049994917  -0.0058279485   0.0087323834  -0.0228203173   0.1338058111
        0.1059560941   0.0000097395  -0.0001604394  -0.0000102261  -0.0003667516
       -0.0010332086   0.0010779790  -0.0002249994  -0.0002600586  -0.0000282501
       -0.0013339703  -0.0027759481  -0.0003703259  -0.0126156414  -0.0120552539
        0.0214195586  -0.0482436027  -0.0228773617   0.0544106406   0.0002823237
        0.0148936631  -0.0266188724  -0.0011814342   0.0012687352  -0.0017526441
        0.0002626769  -0.0006543461   0.0005709120   0.0001385655   0.0003088153
        0.0000097395   0.0652386110   0.0192850561  -0.0496775471   0.0004705974
       -0.0008052448   0.0043007861  -0.0030181260   0.0034118849  -0.0022922472
       -0.0005548561  -0.0016228290   0.0000025180  -0.0098295483  -0.0074515578
        0.0170570216  -0.0200005772  -0.0718450548   0.0703790227   0.0040594400
       -0.0122092285   0.0222901685  -0.0009220663   0.0008920502  -0.0010818154
        0.0001237704  -0.0003355375   0.0002799714  -0.0001901962   0.0000788166
       -0.0001604394   0.0192850561   0.0871601649  -0.0903833934   0.0047468330
        0.0068552831  -0.0201516862   0.0032821447  -0.0015221071   0.0017686321
       -0.0006216875   0.0007456242   0.0005499384   0.0053254815   0.0018699807
        0.0000880885   0.0460946390   0.0702133913  -0.2204723727  -0.0058439528
        0.0110233811  -0.0135151620   0.0001065195  -0.0000628105   0.0002134314
       -0.0001693787   0.0001649644  -0.0002034073  -0.0003473086  -0.0001550000
       -0.0000102261  -0.0496775471  -0.0903833934   0.2578816878   0.0071371155
        0.0051023973  -0.0251184279  -0.0020038809   0.0014814649   0.0005864499
        0.0012109119  -0.0017678118  -0.0013182570   0.0002284337  -0.0187097651
       -0.0151000311  -0.0406104412   0.0141432646   0.0159998863  -0.0182569324
        0.0301635501   0.0125292734   0.0002207883   0.0003290765   0.0002375067
       -0.0005131881   0.0004779959   0.0004323959  -0.0038838564  -0.0030762405
       -0.0003667516   0.0004705974   0.0047468330   0.0071371155   0.0603010368
       -0.0263575251  -0.0195835011   0.0008326501   0.0000506223   0.0000323629
        0.0016282509   0.0008539966   0.0002875160  -0.0035791473  -0.0187156258
       -0.0159276469   0.0112558921  -0.1506744424  -0.1016062844   0.0213366209
       -0.0238194841  -0.0073600407   0.0004784382  -0.0000471928   0.0005053338
       -0.0005447427   0.0005048864   0.0000039150  -0.0034345225  -0.0023029360
       -0.0010332086  -0.0008052448   0.0068552831   0.0051023973  -0.0263575251
        0.1869926391   0.1206231649   0.0000219802   0.0003528758  -0.0005951464
        0.0005499335   0.0016026746   0.0006257708  -0.0003601773  -0.0053933816
       -0.0031805433   0.0155856867  -0.1023540189  -0.1409617397   0.0006856943
        0.0038576968   0.0083230608   0.0002460120  -0.0000075256   0.0002497631
       -0.0004816006   0.0002976994   0.0000305052  -0.0005099838  -0.0004813710
        0.0010779790   0.0043007861  -0.0201516862  -0.0251184279  -0.0195835011
        0.1206231649   0.1573467057  -0.0004328499   0.0020067476   0.0016069262
        0.0000303907   0.0003444082   0.0001355265   0.0010584266  -0.0001686974
       -0.0007436570   0.0020623485   0.0129149697  -0.0275799088  -0.0489707380
       -0.0264307259   0.0886581311   0.0002600995   0.0000019986   0.0000310606
       -0.0000144645   0.0000689477  -0.0001127119  -0.0001079409  -0.0000112409
       -0.0002249994  -0.0030181260   0.0032821447  -0.0020038809   0.0008326501
        0.0000219802  -0.0004328499   0.0478673540   0.0099762150  -0.0577267103
       -0.0003314640  -0.0000420692  -0.0000462046   0.0008631631   0.0014868699
       -0.0005398711  -0.0002053308  -0.0129129884   0.0159267147  -0.0135367865
       -0.0776188496   0.1465521600  -0.0000214990  -0.0002059731   0.0001753473
        0.0000857581  -0.0000194069  -0.0001548597  -0.0002925632  -0.0001113803
       -0.0002600586   0.0034118849  -0.0015221071   0.0014814649   0.0000506223
        0.0003528758   0.0020067476   0.0099762150   0.0905930288  -0.1651414405
       -0.0000158991  -0.0000372842  -0.0000850492   0.0004848035  -0.0000233913
        0.0005444471  -0.0052051811   0.0060620439  -0.0087968979   0.0647969816
        0.1580930734  -0.3460451200   0.0000475886   0.0000547085  -0.0000812240
        0.0000341933  -0.0000688114  -0.0000583337  -0.0001558922  -0.0001123842
       -0.0000282501  -0.0022922472   0.0017686321   0.0005864499   0.0000323629
       -0.0005951464   0.0016069262  -0.0577267103  -0.1651414405   0.3523570516
