           1           2   1.02289227067947     
           2           3  0.864903537988243     
           3           4   1.34418682565090     
           4           5   1.53258804508387     
           4           6   1.33521579862131     
           6           7  0.881984117017230     
           7           8   1.02277447377727     
           4           9  0.946710167695106     
           5           9  0.135854454504388     
           9          10  0.992544354791091     
          10          11  0.978824191488658     
          11          12  0.985196745146239     
          11          13  0.105754786049290     
          12          13   1.53229706777326     
          12          14   1.30808905912512     
          14          15  0.873570383284005     
          15          16   1.02273612540903     
          12          17   1.33215962986640     
          17          18  0.879321136742651     
          18          19   1.01881934984451     
           1          20  0.976421992053322     
           1          21  0.979287598670373     
           1          22  0.974216096531201     
           2          23  0.965351848202032     
           2          24  0.969649659247974     
           7          25  0.963942957211152     
           7          26  0.969580342625917     
           8          27  0.975142502131164     
           8          28  0.975257655257532     
           8          29  0.980156589432760     
          10          30  0.952359096442150     
          10          31  0.957326351679663     
          15          32  0.968708496439193     
          15          33  0.964987308518164     
          16          34  0.975575274625610     
          16          35  0.983651752926344     
          16          36  0.976916494224746     
          18          37  0.961465536040538     
          18          38  0.966343372237652     
          19          39  0.982485613580406     
          19          40  0.983003044508088     
          19          41  0.974673467218385     
