   -0.12627818
    0.07622158
   -0.26400203
    0.37578036
   -0.46249808
   -0.25638780
    0.08703729
   -0.11985601
   -0.15489314
    0.03888783
   -0.11623798
    0.36863337
   -0.45910292
   -0.26061003
    0.07391383
   -0.13287719
   -0.25091848
    0.07362650
   -0.13143518
    0.08519173
    0.05338707
    0.07150255
    0.09415726
    0.06502478
    0.04288108
    0.08684407
    0.05312652
    0.07516265
    0.06954743
    0.11141039
    0.08103823
    0.07105699
    0.08512681
    0.07033340
    0.06661803
    0.08602131
    0.09493640
    0.06279564
    0.05457355
    0.07545524
    0.08480513
