$coord
          3.349754932969          2.315368921937         -1.197588014081     c 
          2.272515216168         -0.270458574127         -0.473259584699     c 
          4.131986334976         -1.741228407094          1.168673843997     c 
          0.000660416700         -0.008756187482          0.946160657584     o 
         -2.271298887824          0.267374879828         -0.470639948323     c 
         -3.362625312924         -2.312548768252         -1.194650604979     c 
         -4.120991336816          1.749696767015          1.172090146315     c 
          3.761123800936          3.390632616753          0.503362606889     h 
          5.074839124795          2.075352242271         -2.282041603035     h 
          2.000523593739          3.374524972218         -2.329828821065     h 
          1.881748798881         -1.354873471698         -2.205178945709     h 
          3.346170805601         -3.576769624039          1.646556501691     h 
          4.472972967886         -0.705689707264          2.908212504256     h 
          5.904664692319         -1.999689387635          0.169331650608     h 
         -1.876200212383          1.348988362425         -2.202886167482     h 
         -3.772415991005         -3.387674716597          0.506311549744     h 
         -5.090295673136         -2.063018423921         -2.272861731058     h 
         -2.021799707720         -3.376260717817         -2.333311337301     h 
         -3.320806611569          3.577650416611          1.655581468864     h 
         -4.473201016423          0.712788732645          2.908531740763     h 
         -5.889954179815          2.025258729183          0.170602004138     h 
$end
