           1           2   1.02196175257490     
           2           3  0.888078204600773     
           3           4   1.31710551187742     
           4           5   1.51205817261999     
           4           6   1.31692600951436     
           6           7  0.879101054552185     
           7           8   1.02297147327783     
           4           9  0.968761877438301     
           5           9  0.134072692204316     
           9          10  0.989371779802206     
          10          11  0.983435324654887     
          11          12  0.983870291566004     
          11          13  0.123012062648482     
          12          13   1.54910027638156     
          12          14   1.28482037711433     
          14          15  0.888647735556537     
          15          16   1.02132350699527     
          12          17   1.33649991112327     
          17          18  0.866020794847787     
          18          19   1.02299602669222     
           1          20  0.982071408471736     
           1          21  0.971563581163407     
           1          22  0.976288407314069     
           2          23  0.967860106526674     
           2          24  0.963587186490390     
           7          25  0.967932619832728     
           7          26  0.965420670896264     
           8          27  0.976770782050294     
           8          28  0.975904217222622     
           8          29  0.981995668262698     
          10          30  0.949802319904024     
          10          31  0.956507208090668     
          15          32  0.965312837748975     
          15          33  0.965423634868137     
          16          34  0.982710667302785     
          16          35  0.977043840773016     
          16          36  0.977403947003274     
          18          37  0.963263729859517     
          18          38  0.964261914381424     
          19          39  0.974621209557682     
          19          40  0.975271905732735     
          19          41  0.982080626733994     
