$hessian                                                                        
        0.4856144043   0.0290467634   0.0000190350  -0.1871552352   0.0632764923
        0.0000147381  -0.0075318420   0.0087969281   0.0000009263   0.0013020048
        0.0001123322  -0.0000002836  -0.0006452969   0.0002225921  -0.0000000277
       -0.0016589004  -0.0035233845   0.0000010318  -0.0329701467   0.0066168796
        0.0000028199  -0.0001566022   0.0022425287  -0.0000007032  -0.0014049610
        0.0005555857   0.0000001492  -0.0426650118   0.0077400224   0.0158529495
       -0.0426599898   0.0077292763  -0.0158048668  -0.1712845613  -0.1218150372
       -0.0000857103   0.0013860209  -0.0017273920   0.0000002193  -0.0001632026
        0.0000707277  -0.0000000248   0.0000710929   0.0000132653   0.0000000654
        0.0002172457   0.0000661114   0.0000731651   0.0002180763   0.0000663237
       -0.0000731109  -0.0002194852   0.0005370866  -0.0000004765  -0.0002936098
       -0.0000271016   0.0000001043
        0.0290467634   0.5117163017  -0.0000117305   0.0561862794  -0.0960543206
       -0.0000065460   0.0278468354  -0.0216103050  -0.0000044890  -0.0015164717
       -0.0044300171  -0.0000010684   0.0007317776  -0.0001180433  -0.0000000519
       -0.0030848376  -0.0013738220  -0.0000002661  -0.0085184867   0.0074268625
        0.0000021752  -0.0002630877  -0.0011304807   0.0000030094  -0.0006931921
        0.0006990613  -0.0000001039   0.0106515480  -0.1187773250  -0.1116904081
        0.0106419496  -0.1190263208   0.1117855462  -0.1209419309  -0.1571531363
       -0.0000750930   0.0021155334   0.0008969656   0.0000003716   0.0013780430
       -0.0009881112   0.0000002539   0.0000816376   0.0001436335   0.0000001555
       -0.0014590643  -0.0000575747  -0.0007292806  -0.0014545415  -0.0000557068
        0.0007281645  -0.0003694183   0.0000389724  -0.0000004859  -0.0003793368
       -0.0001466334  -0.0000001530
        0.0000190350  -0.0000117305   0.4887012463   0.0000075376  -0.0000040154
       -0.0602366233   0.0000006682  -0.0000009316   0.0029450083  -0.0000005052
        0.0000001656   0.0072553529   0.0000008034  -0.0000016507  -0.0001117085
        0.0000009300   0.0000023730   0.0074936282   0.0000022851  -0.0000020141
        0.0003499452  -0.0000025493   0.0000018629  -0.0038968033  -0.0000014962
       -0.0000010854  -0.0000046971   0.0183234505  -0.1131907675  -0.1975630222
       -0.0182677926   0.1132831969  -0.1973329413  -0.0000836710  -0.0000758886
       -0.0443806625   0.0000001784  -0.0000001574  -0.0022663909   0.0000001295
       -0.0000001190  -0.0001562832  -0.0000001546   0.0000001519  -0.0014956369
        0.0008810978   0.0008084826   0.0004421226  -0.0008793505  -0.0008079513
        0.0004431868  -0.0000004103   0.0000000896   0.0000844852  -0.0000001857
       -0.0000000110  -0.0002702061
       -0.1871552352   0.0561862794   0.0000075376   0.6180024078   0.0072854734
       -0.0000298269  -0.0910481294   0.0496565690   0.0000031362   0.0211388688
        0.0272367482   0.0000005963  -0.0101880305  -0.0254452704  -0.0000007627
       -0.0657948832   0.0187402685   0.0000029243  -0.2385216175  -0.1339504768
        0.0000024786  -0.0000409011  -0.0083269024   0.0000013165   0.0014009057
        0.0053568958   0.0000004800  -0.0056215459   0.0088117985   0.0031717218
       -0.0056085415   0.0088099847  -0.0031618760  -0.0265481393   0.0068454322
        0.0000036031  -0.0026220486  -0.0256069873  -0.0000011838  -0.0043579800
        0.0032247652   0.0000007064   0.0006977449  -0.0007374062  -0.0000001270
       -0.0009250559   0.0012634579  -0.0010471207  -0.0009236643   0.0012637736
        0.0010469312  -0.0000628660   0.0003860401  -0.0000002508  -0.0018212889
       -0.0010004433  -0.0000002842
        0.0632764923  -0.0960543206  -0.0000040154   0.0072854734   0.6576560565
        0.0000265825  -0.0288603829  -0.3174167454  -0.0000100618   0.0866542933
       -0.0316210680  -0.0000051673  -0.0297733368  -0.0484696590  -0.0000007044
       -0.0358810266   0.0569612880   0.0000040457  -0.0629642249  -0.1523883219
       -0.0000014432  -0.0236102988  -0.0243767683  -0.0000012911   0.0071833787
       -0.0010350958  -0.0000001864   0.0177811778  -0.0125946631  -0.0027342174
        0.0177997516  -0.0126127230   0.0027255920  -0.0173550266   0.0082117001
        0.0000012391  -0.0026501897  -0.0190488242  -0.0000002433   0.0024468135
       -0.0000670464  -0.0000003863  -0.0005891941  -0.0003541094   0.0000001187
       -0.0007753003  -0.0000424570   0.0001624008  -0.0007766453  -0.0000441228
       -0.0001617044   0.0000171218  -0.0065226461  -0.0000003595   0.0007911235
       -0.0001804736  -0.0000001984
        0.0000147381  -0.0000065460  -0.0602366233  -0.0000298269   0.0000265825
        0.1476376191   0.0000008203  -0.0000143206  -0.0476031927   0.0000021875
       -0.0000026840   0.0000005088  -0.0000013465  -0.0000002656  -0.0038396363
        0.0000018753   0.0000018151  -0.0035468140   0.0000052947   0.0000021503
       -0.0497131496  -0.0000019840  -0.0000009908   0.0001428770   0.0000001517
       -0.0000005833   0.0058720639   0.0216116413  -0.0117334144   0.0000734519
       -0.0215938812   0.0117228378   0.0000809024  -0.0000118435   0.0000061319
        0.0001930123   0.0000000189   0.0000002430   0.0002136833   0.0000005973
       -0.0000004338   0.0076807094  -0.0000000459  -0.0000000094  -0.0000020145
        0.0000783332   0.0003283605   0.0006336077  -0.0000776296  -0.0003291335
        0.0006328908   0.0000007140   0.0000002116   0.0007761086   0.0000001852
        0.0000000488   0.0010039949
       -0.0075318420   0.0278468354   0.0000006682  -0.0910481294  -0.0288603829
        0.0000008203   0.6780024301  -0.0016275698  -0.0000226445  -0.2877062551
        0.1404733221   0.0000143578  -0.0685491884  -0.0345710727   0.0000012312
       -0.0169303492   0.0332468064   0.0000019525   0.0304957510  -0.0224407082
       -0.0000021240  -0.0039053606  -0.0025567666   0.0000001035   0.0002760784
       -0.0010909303   0.0000000526  -0.0028361484   0.0021702455   0.0001456046
       -0.0028404560   0.0021720542  -0.0001446940   0.0008085729   0.0026633537
        0.0000004543  -0.2226118667  -0.1159543811   0.0000033814  -0.0020642633
        0.0023163357   0.0000002244  -0.0036631142  -0.0030022590   0.0000003584
       -0.0000966857   0.0003554238  -0.0001702501  -0.0000969284   0.0003553076
        0.0001705884  -0.0001363726  -0.0011908876   0.0000000057   0.0004341276
       -0.0003047263  -0.0000000908
        0.0087969281  -0.0216103050  -0.0000009316   0.0496565690  -0.3174167454
       -0.0000143206  -0.0016275698   0.6484456821   0.0000213026   0.0621626047
       -0.1454523437  -0.0000052954   0.0234758471   0.0558151839   0.0000012500
        0.0321573083  -0.0439558557  -0.0000030494  -0.0759506785  -0.0385595781
        0.0000013280  -0.0023237144   0.0001547361   0.0000005962  -0.0033435683
       -0.0007333070  -0.0000001304   0.0008570270  -0.0001222217   0.0004916723
        0.0008605517  -0.0001227574  -0.0004911924  -0.0020457945   0.0010381923
       -0.0000001666  -0.1157100323  -0.1186884900   0.0000013301   0.0267714902
       -0.0175365705  -0.0000016939  -0.0037883403  -0.0008190897  -0.0000002374
       -0.0001029591   0.0000146129  -0.0000913458  -0.0001023294   0.0000142664
        0.0000909428   0.0001960120  -0.0008101274  -0.0000002630   0.0000606483
        0.0003447179   0.0000002045
        0.0000009263  -0.0000044890   0.0029450083   0.0000031362  -0.0000100618
       -0.0476031927  -0.0000226445   0.0000213026   0.1105336235   0.0000120386
       -0.0000089410  -0.0454421000   0.0000034097   0.0000033515   0.0018335805
        0.0000012233  -0.0000029897  -0.0049296090  -0.0000036490  -0.0000000891
        0.0003045403   0.0000002715  -0.0000010502   0.0069967902   0.0000002022
        0.0000002501  -0.0001412100   0.0005448253  -0.0004235180  -0.0003234339
       -0.0005440071   0.0004252065  -0.0003234211   0.0000002673   0.0000002734
       -0.0002106825   0.0000032557   0.0000015506  -0.0320205976   0.0000009722
       -0.0000006839   0.0005433891   0.0000002330  -0.0000001960   0.0075569067
       -0.0001159718  -0.0012633296  -0.0000095812   0.0001154707   0.0012639445
       -0.0000091958   0.0000000593  -0.0000005659   0.0002337927  -0.0000000189
        0.0000000350   0.0000653925
        0.0013020048  -0.0015164717  -0.0000005052   0.0211388688   0.0866542933
        0.0000021875  -0.2877062551   0.0621626047   0.0000120386   0.6632707083
       -0.0013496012  -0.0000206215  -0.2689360582  -0.0740971067   0.0000058307
        0.0330084051  -0.0818279118  -0.0000047051  -0.0633338006  -0.0022877409
        0.0000022022   0.0001511924  -0.0006476663   0.0000001573  -0.0003990718
        0.0022962443   0.0000000654  -0.0002139745   0.0006255806  -0.0001211357
       -0.0002128941   0.0006262448   0.0001218710   0.0002030611  -0.0000743597
       -0.0000000975  -0.0264743480   0.0103118202   0.0000014590  -0.0447228681
        0.0118234816   0.0000006876  -0.0263061880  -0.0131760737   0.0000003790
       -0.0001918846  -0.0000385476   0.0001184276  -0.0001912902  -0.0000385425
       -0.0001185085   0.0002198010  -0.0001151788   0.0000000172  -0.0006054083
        0.0006689315   0.0000002503
        0.0001123322  -0.0044300171   0.0000001656   0.0272367482  -0.0316210680
       -0.0000026840   0.1404733221  -0.1454523437  -0.0000089410  -0.0013496012
        0.6743441718   0.0000199463  -0.1512451396  -0.1649804256   0.0000011635
       -0.0228697793  -0.0389771197  -0.0000004155  -0.0023538098   0.0045195711
        0.0000008455   0.0003850665  -0.0010402631  -0.0000011120  -0.0000039275
       -0.0059548328  -0.0000004211   0.0006203977  -0.0004939774   0.0001971377
        0.0006214243  -0.0004945245  -0.0001974336  -0.0004255024  -0.0000217616
        0.0000001105  -0.0145822076   0.0063359221   0.0000007571   0.0121555537
       -0.2987974344  -0.0000094727   0.0116545234   0.0069072704  -0.0000001911
       -0.0001580430   0.0000524344  -0.0000827838  -0.0001579761   0.0000521909
        0.0000831139   0.0001089005   0.0002144669   0.0000001336  -0.0002222822
       -0.0001622598   0.0000000811
       -0.0000002836  -0.0000010684   0.0072553529   0.0000005963  -0.0000051673
        0.0000005088   0.0000143578  -0.0000052954  -0.0454421000  -0.0000206215
        0.0000199463   0.1134285222   0.0000029872  -0.0000015878  -0.0430080220
       -0.0000023274   0.0000015783  -0.0021088021   0.0000022609   0.0000005886
       -0.0031301117   0.0000000345  -0.0000001773  -0.0001340868   0.0000003345
       -0.0000004419   0.0068267893  -0.0012152346   0.0009912191   0.0001289127
        0.0012148110  -0.0009908591   0.0001283971   0.0000003428   0.0000002420
       -0.0000252391   0.0000006172  -0.0000002230  -0.0002963700   0.0000008011
       -0.0000094536  -0.0333839546   0.0000013085   0.0000007102  -0.0004537995
        0.0000055407   0.0000119745  -0.0000017835  -0.0000055755  -0.0000119797
       -0.0000017442   0.0000000316   0.0000000331  -0.0000207821   0.0000000186
       -0.0000000385   0.0002383128
       -0.0006452969   0.0007317776   0.0000008034  -0.0101880305  -0.0297733368
       -0.0000013465  -0.0685491884   0.0234758471   0.0000034097  -0.2689360582
       -0.1512451396   0.0000029872   0.6783044236   0.0074170903  -0.0000198701
       -0.0910103917   0.0631769647   0.0000040016   0.0205229503   0.0246059523
        0.0000003580  -0.0039929848   0.0026307780   0.0000005200  -0.0131681317
       -0.0452370514  -0.0000009934   0.0001108318  -0.0002430092  -0.0000949398
        0.0001107885  -0.0002435151   0.0000945187   0.0003232997   0.0001011872
        0.0000000617  -0.0042821869   0.0025519859   0.0000004519   0.0000721161
       -0.0007484689   0.0000000285  -0.2402480411   0.1045185876   0.0000104205
        0.0000246324   0.0005782359   0.0001659789   0.0000243647   0.0005776002
       -0.0001660419  -0.0004498939  -0.0003376528  -0.0000000622   0.0019767972
       -0.0025378328  -0.0000002861
        0.0002225921  -0.0001180433  -0.0000016507  -0.0254452704  -0.0484696590
       -0.0000002656  -0.0345710727   0.0558151839   0.0000033515  -0.0740971067
       -0.1649804256  -0.0000015878   0.0074170903   0.6539794276   0.0000191811
       -0.0220005792  -0.3127468969  -0.0000089418   0.0770365501  -0.0289935001
       -0.0000041870   0.0008866865   0.0015912622   0.0000006884  -0.0131014378
       -0.0362681623  -0.0000009148   0.0001323189  -0.0001340590   0.0000677286
        0.0001317221  -0.0001342860  -0.0000673716  -0.0000655800   0.0000607765
        0.0000004325   0.0031012015  -0.0002312613  -0.0000003069  -0.0256311413
       -0.0204870843   0.0000003630   0.1037811599  -0.0999367251  -0.0000058011
        0.0004968602  -0.0003977233  -0.0001921343   0.0004962082  -0.0003976513
        0.0001918176  -0.0003885498   0.0005503543  -0.0000001653   0.0015983479
        0.0012984729  -0.0000002358
       -0.0000000277  -0.0000000519  -0.0001117085  -0.0000007627  -0.0000007044
       -0.0038396363   0.0000012312   0.0000012500   0.0018335805   0.0000058307
        0.0000011635  -0.0430080220  -0.0000198701   0.0000191811   0.1057508373
        0.0000006357  -0.0000117174  -0.0483979163   0.0000023778  -0.0000019081
       -0.0010657059   0.0000007207  -0.0000005287   0.0070679564  -0.0000003416
       -0.0000000950   0.0054964856  -0.0000049763   0.0000311505   0.0000093236
        0.0000049422  -0.0000311607   0.0000092988  -0.0000000128   0.0000000905
        0.0000190575   0.0000005986  -0.0000003753   0.0073822955  -0.0000008835
       -0.0000007063   0.0003175843   0.0000104842  -0.0000058507  -0.0306048333
        0.0001520776  -0.0015611228   0.0001296401  -0.0001521074   0.0015614346
        0.0001298745   0.0000001163  -0.0000002647  -0.0000647358  -0.0000000328
        0.0000002157  -0.0010533759
       -0.0016589004  -0.0030848376   0.0000009300  -0.0657948832  -0.0358810266
        0.0000018753  -0.0169303492   0.0321573083   0.0000012233   0.0330084051
       -0.0228697793  -0.0000023274  -0.0910103917  -0.0220005792   0.0000006357
        0.6161046985  -0.0201849199  -0.0000189962  -0.2356070060   0.1307189013
        0.0000134222  -0.0051713378   0.0090036917  -0.0000024542  -0.1903060525
       -0.0746419953   0.0000028329   0.0005382425  -0.0003185916  -0.0004678123
        0.0005384360  -0.0003193420   0.0004676146  -0.0004419010   0.0007759649
        0.0000006440   0.0010471131   0.0011417370  -0.0000003187  -0.0032873542
       -0.0024188803   0.0000001046  -0.0064106983   0.0277479572   0.0000012994
        0.0004491567  -0.0016533434   0.0006237543   0.0004487892  -0.0016549571
       -0.0006243635   0.0003268215  -0.0029340078   0.0000007518  -0.0358427882
       -0.0135833004   0.0000011842
       -0.0035233845  -0.0013738220   0.0000023730   0.0187402685   0.0569612880
        0.0000018151   0.0332468064  -0.0439558557  -0.0000029897  -0.0818279118
       -0.0389771197   0.0000015783   0.0631769647  -0.3127468969  -0.0000117174
       -0.0201849199   0.6566803046   0.0000207824   0.0542215477  -0.1340652086
       -0.0000051883   0.0264427070  -0.0242599712  -0.0000038584  -0.1032938303
       -0.1483018791  -0.0000008835   0.0001324154  -0.0002009864  -0.0001958327
        0.0001328776  -0.0002008939   0.0001948622  -0.0007842109   0.0001885137
       -0.0000005135   0.0010181103  -0.0000020007  -0.0000002979  -0.0019294131
        0.0007256047  -0.0000004552   0.0029304030  -0.0160704822  -0.0000004015
        0.0003019344  -0.0046231252   0.0001114725   0.0003029288  -0.0046206307
       -0.0001121200   0.0007111507  -0.0002588301   0.0000006162   0.0101855560
        0.0151019913   0.0000007583
        0.0000010318  -0.0000002661   0.0074936282   0.0000029243   0.0000040457
       -0.0035468140   0.0000019525  -0.0000030494  -0.0049296090  -0.0000047051
       -0.0000004155  -0.0021088021   0.0000040016  -0.0000089418  -0.0483979163
       -0.0000189962   0.0000207824   0.1271114791   0.0000090832  -0.0000081746
       -0.0501447739   0.0000027493  -0.0000023585   0.0025362308   0.0000011538
       -0.0000021027  -0.0355344348  -0.0012029421   0.0004148314  -0.0000423661
        0.0012019487  -0.0004138039  -0.0000428000   0.0000009792  -0.0000004945
        0.0003181184   0.0000000256  -0.0000000663   0.0005301146   0.0000003500
       -0.0000001283   0.0080202747   0.0000003518  -0.0000014149   0.0006769721
       -0.0004525463   0.0009446579  -0.0005963192   0.0004511559  -0.0009447893
       -0.0005965133  -0.0000004531   0.0000003728   0.0004623759   0.0000019352
        0.0000013157  -0.0012088450
       -0.0329701467  -0.0085184867   0.0000022851  -0.2385216175  -0.0629642249
        0.0000052947   0.0304957510  -0.0759506785  -0.0000036490  -0.0633338006
       -0.0023538098   0.0000022609   0.0205229503   0.0770365501   0.0000023778
       -0.2356070060   0.0542215477   0.0000090832   0.6515194059   0.0070031240
       -0.0000210004  -0.0664855696   0.0057426242   0.0000006272  -0.0537418950
        0.0050243940   0.0000017932  -0.0006034920  -0.0011047062   0.0000053619
       -0.0006011009  -0.0011047156  -0.0000062153  -0.0053918808   0.0021657379
        0.0000002240   0.0006271817   0.0006546060   0.0000003605  -0.0006551888
       -0.0001011108  -0.0000000600   0.0008913148  -0.0005054115   0.0000002858
       -0.0011081101   0.0158558731  -0.0010302487  -0.0011045069   0.0158388513
        0.0010328056  -0.0007447856  -0.0290262354  -0.0000017059  -0.0031875033
       -0.0019139290   0.0000001192
        0.0066168796   0.0074268625  -0.0000020141  -0.1339504768  -0.1523883219
        0.0000021503  -0.0224407082  -0.0385595781  -0.0000000891  -0.0022877409
        0.0045195711   0.0000005886   0.0246059523  -0.0289935001  -0.0000019081
        0.1307189013  -0.1340652086  -0.0000081746   0.0070031240   0.6193327399
        0.0000251235   0.0004485183  -0.2158618788  -0.0000070882  -0.0222303795
        0.0059754753   0.0000002629   0.0008098774  -0.0009764378  -0.0009724086
        0.0008082290  -0.0009767790   0.0009731080   0.0028823408  -0.0012204284
       -0.0000002908   0.0000977935  -0.0055644601  -0.0000002903  -0.0001640346
        0.0010543838   0.0000001336   0.0004927325  -0.0055202700  -0.0000005608
        0.0065521500  -0.0179253491   0.0042386450   0.0065466672  -0.0179264387
       -0.0042462230  -0.0046022037  -0.0166217838  -0.0000010383  -0.0019076221
       -0.0017085982   0.0000000741
        0.0000028199   0.0000021752   0.0003499452   0.0000024786  -0.0000014432
       -0.0497131496  -0.0000021240   0.0000013280   0.0003045403   0.0000022022
        0.0000008455  -0.0031301117   0.0000003580  -0.0000041870  -0.0010657059
        0.0000134222  -0.0000051883  -0.0501447739  -0.0000210004   0.0000251235
        0.1405858872  -0.0000001849  -0.0000107363  -0.0592974838   0.0000005578
       -0.0000007403   0.0030544331   0.0002675129  -0.0000275508   0.0006776586
       -0.0002671522   0.0000262799   0.0006783369  -0.0000006780  -0.0000005005
        0.0010804420   0.0000001439  -0.0000006360   0.0069408853   0.0000000327
        0.0000000309   0.0000959619   0.0000002688  -0.0000004413   0.0068612779
       -0.0012326605   0.0244133218   0.0004672788   0.0012342413  -0.0244260800
        0.0004625719  -0.0000004843   0.0000084681   0.0002552329   0.0000002460
       -0.0000000692   0.0015367730
       -0.0001566022  -0.0002630877  -0.0000025493  -0.0000409011  -0.0236102988
       -0.0000019840  -0.0039053606  -0.0023237144   0.0000002715   0.0001511924
        0.0003850665   0.0000000345  -0.0039929848   0.0008866865   0.0000007207
       -0.0051713378   0.0264427070   0.0000027493  -0.0664855696   0.0004485183
       -0.0000001849   0.5317770266   0.0072633176  -0.0000027091   0.0005468126
        0.0027870148   0.0000003571  -0.0005196580  -0.0010923136  -0.0006281975
       -0.0005231838  -0.0010956183   0.0006292892   0.0000632296  -0.0005616227
        0.0000005673  -0.0001477317  -0.0014896573   0.0000000583   0.0001593526
        0.0000133170  -0.0000000727  -0.0003268295   0.0014007028  -0.0000000946
       -0.0972720363   0.0366170225  -0.0936988959  -0.0971436007   0.0365610073
        0.0936340780  -0.2574088246  -0.0823279377   0.0000668929   0.0003970068
       -0.0000411099  -0.0000003309
        0.0022425287  -0.0011304807   0.0000018629  -0.0083269024  -0.0243767683
       -0.0000009908  -0.0025567666   0.0001547361  -0.0000010502  -0.0006476663
       -0.0010402631  -0.0000001773   0.0026307780   0.0015912622  -0.0000005287
        0.0090036917  -0.0242599712  -0.0000023585   0.0057426242  -0.2158618788
       -0.0000107363   0.0072633176   0.4649289091  -0.0000107315   0.0006069123
        0.0010666295   0.0000011207   0.0004435359   0.0007428582   0.0003804832
        0.0004440919   0.0007431042  -0.0003817746   0.0004072498  -0.0002245325
        0.0000003243   0.0000149317  -0.0009396369  -0.0000002410   0.0000108970
        0.0000775406   0.0000000459   0.0000180273  -0.0008122403   0.0000001539
        0.0337907431  -0.0628904621   0.0611887619   0.0337365531  -0.0628707014
       -0.0611917641  -0.0841960972  -0.0744455734   0.0000276838  -0.0006284500
       -0.0004525314  -0.0000000835
       -0.0000007032   0.0000030094  -0.0038968033   0.0000013165  -0.0000012911
        0.0001428770   0.0000001035   0.0000005962   0.0069967902   0.0000001573
       -0.0000011120  -0.0001340868   0.0000005200   0.0000006884   0.0070679564
       -0.0000024542  -0.0000038584   0.0025362308   0.0000006272  -0.0000070882
       -0.0592974838  -0.0000027091  -0.0000107315   0.4889095816   0.0000023955
        0.0000020246  -0.0015418767   0.0011191392   0.0004590857   0.0004191666
       -0.0011205436  -0.0004609353   0.0004187684  -0.0000000113   0.0000003530
        0.0000709621   0.0000000371   0.0000000167   0.0000604647  -0.0000000832
        0.0000001676  -0.0015696836   0.0000000324  -0.0000001000  -0.0003683235
       -0.0943263598   0.0638258447  -0.1975927896   0.0942618303  -0.0638333749
       -0.1977371537   0.0000668545   0.0000265323  -0.0444900383  -0.0000001493
        0.0000001729   0.0000054414
       -0.0014049610  -0.0006931921  -0.0000014962   0.0014009057   0.0071833787
        0.0000001517   0.0002760784  -0.0033435683   0.0000002022  -0.0003990718
       -0.0000039275   0.0000003345  -0.0131681317  -0.0131014378  -0.0000003416
       -0.1903060525  -0.1032938303   0.0000011538  -0.0537418950  -0.0222303795
        0.0000005578   0.0005468126   0.0006069123   0.0000023955   0.5221268247
       -0.0703078394  -0.0000221537  -0.0002280394   0.0001476083   0.0003168446
       -0.0002278707   0.0001477824  -0.0003163333  -0.0008313246  -0.0000772689
        0.0000000130  -0.0005592586  -0.0003576037   0.0000002544  -0.0008882602
       -0.0014774189   0.0000001777   0.0026408548   0.0021074039  -0.0000002305
       -0.0001205230   0.0004165567  -0.0003866847  -0.0001202285   0.0004177111
        0.0003870688  -0.0010160753   0.0027770101  -0.0000015699  -0.2639797838
        0.2010821029   0.0000196558
        0.0005555857   0.0006990613  -0.0000010854   0.0053568958  -0.0010350958
       -0.0000005833  -0.0010909303  -0.0007333070   0.0000002501   0.0022962443
       -0.0059548328  -0.0000004419  -0.0452370514  -0.0362681623  -0.0000000950
       -0.0746419953  -0.1483018791  -0.0000021027   0.0050243940   0.0059754753
       -0.0000007403   0.0027870148   0.0010666295   0.0000020246  -0.0703078394
        0.3740913744   0.0000184625  -0.0001873088   0.0000593383   0.0001859891
       -0.0001873505   0.0000594793  -0.0001857465   0.0000786235  -0.0001147876
        0.0000000250  -0.0003017464  -0.0002205782   0.0000002284  -0.0019700278
       -0.0022742534   0.0000001463  -0.0008248004   0.0021541669   0.0000000629
        0.0000534145   0.0007201999  -0.0000628484   0.0000529139   0.0007209367
        0.0000629042   0.0019957136  -0.0003789479  -0.0000002967   0.1765482500
       -0.1902648175  -0.0000161528
        0.0000001492  -0.0000001039  -0.0000046971   0.0000004800  -0.0000001864
        0.0058720639   0.0000000526  -0.0000001304  -0.0001412100   0.0000000654
       -0.0000004211   0.0068267893  -0.0000009934  -0.0000009148   0.0054964856
        0.0000028329  -0.0000008835  -0.0355344348   0.0000017932   0.0000002629
        0.0030544331   0.0000003571   0.0000011207  -0.0015418767  -0.0000221537
        0.0000184625   0.0252113102   0.0000000755   0.0000309463  -0.0000044392
        0.0000000335  -0.0000308778  -0.0000043833   0.0000000286   0.0000000146
       -0.0000774595  -0.0000000791   0.0000000585  -0.0014061128  -0.0000000648
       -0.0000000661  -0.0001022293  -0.0000002138   0.0000000562  -0.0017702995
        0.0006666087   0.0004311756   0.0001257708  -0.0006669104  -0.0004313159
        0.0001260387  -0.0000008690  -0.0000001742  -0.0008432384   0.0000188076
       -0.0000170234  -0.0052825110
       -0.0426650118   0.0106515480   0.0183234505  -0.0056215459   0.0177811778
        0.0216116413  -0.0028361484   0.0008570270   0.0005448253  -0.0002139745
        0.0006203977  -0.0012152346   0.0001108318   0.0001323189  -0.0000049763
        0.0005382425   0.0001324154  -0.0012029421  -0.0006034920   0.0008098774
        0.0002675129  -0.0005196580   0.0004435359   0.0011191392  -0.0002280394
       -0.0001873088   0.0000000755   0.0503825414  -0.0140801106  -0.0188852074
        0.0014808107  -0.0013602962  -0.0014801498   0.0006953762  -0.0148215728
       -0.0189175567  -0.0001126351  -0.0000268751   0.0002522307  -0.0001810708
        0.0001550397  -0.0000024664  -0.0000088970  -0.0000335442   0.0002271645
        0.0000533700  -0.0002712821   0.0000669260  -0.0004802906  -0.0008493713
       -0.0006008632   0.0001208344   0.0000368649  -0.0001457311   0.0000887566
        0.0000101584   0.0000421618
        0.0077400224  -0.1187773250  -0.1131907675   0.0088117985  -0.0125946631
       -0.0117334144   0.0021702455  -0.0001222217  -0.0004235180   0.0006255806
       -0.0004939774   0.0009912191  -0.0002430092  -0.0001340590   0.0000311505
       -0.0003185916  -0.0002009864   0.0004148314  -0.0011047062  -0.0009764378
       -0.0000275508  -0.0010923136   0.0007428582   0.0004590857   0.0001476083
        0.0000593383   0.0000309463  -0.0140801106   0.1390825040   0.1305398658
       -0.0013660478   0.0094412648   0.0143433214  -0.0014035248  -0.0161399856
       -0.0205251505   0.0000449035   0.0001845823  -0.0003343452   0.0001046846
       -0.0001118152   0.0000138394   0.0000180727  -0.0000076879  -0.0001682292
        0.0001909099   0.0000963368   0.0000256963  -0.0001024397  -0.0000480406
       -0.0003345483  -0.0000751330  -0.0000264721  -0.0000848173  -0.0000679496
        0.0000267873  -0.0000276148
        0.0158529495  -0.1116904081  -0.1975630222   0.0031717218  -0.0027342174
        0.0000734519   0.0001456046   0.0004916723  -0.0003234339  -0.0001211357
        0.0001971377   0.0001289127  -0.0000949398   0.0000677286   0.0000093236
       -0.0004678123  -0.0001958327  -0.0000423661   0.0000053619  -0.0009724086
        0.0006776586  -0.0006281975   0.0003804832   0.0004191666   0.0003168446
        0.0001859891  -0.0000044392  -0.0188852074   0.1305398658   0.2283032323
        0.0014876328  -0.0143007782  -0.0294831137  -0.0011001541  -0.0025862248
       -0.0018127758   0.0000357846   0.0000863718  -0.0000640870  -0.0000037377
       -0.0000374099   0.0000259612   0.0000571039   0.0000128764  -0.0000130162
        0.0000519409   0.0000645523  -0.0007688383   0.0005360465   0.0004083049
        0.0004346572  -0.0002580168   0.0000609669  -0.0000018774  -0.0001017900
        0.0000213306   0.0000046060
       -0.0426599898   0.0106419496  -0.0182677926  -0.0056085415   0.0177997516
       -0.0215938812  -0.0028404560   0.0008605517  -0.0005440071  -0.0002128941
        0.0006214243   0.0012148110   0.0001107885   0.0001317221   0.0000049422
        0.0005384360   0.0001328776   0.0012019487  -0.0006011009   0.0008082290
       -0.0002671522  -0.0005231838   0.0004440919  -0.0011205436  -0.0002278707
       -0.0001873505   0.0000000335   0.0014808107  -0.0013660478   0.0014876328
        0.0503770834  -0.0140630366   0.0188207406   0.0006897834  -0.0148421326
        0.0189014972  -0.0001128208  -0.0000267474  -0.0002521561  -0.0001813210
        0.0001552403   0.0000023432  -0.0000088763  -0.0000335183  -0.0002270287
       -0.0004825981  -0.0008523448   0.0006013254   0.0000533443  -0.0002716055
       -0.0000666404   0.0001206184   0.0000368009   0.0001459084   0.0000887885
        0.0000101445  -0.0000419811
        0.0077292763  -0.1190263208   0.1132831969   0.0088099847  -0.0126127230
        0.0117228378   0.0021720542  -0.0001227574   0.0004252065   0.0006262448
       -0.0004945245  -0.0009908591  -0.0002435151  -0.0001342860  -0.0000311607
       -0.0003193420  -0.0002008939  -0.0004138039  -0.0011047156  -0.0009767790
        0.0000262799  -0.0010956183   0.0007431042  -0.0004609353   0.0001477824
        0.0000594793  -0.0000308778  -0.0013602962   0.0094412648  -0.0143007782
       -0.0140630366   0.1393747049  -0.1306468723  -0.0014098032  -0.0161640979
        0.0205078617   0.0000451554   0.0001852310   0.0003339502   0.0001048556
       -0.0001119515  -0.0000141453   0.0000181521  -0.0000076789   0.0001680331
       -0.0001037392  -0.0000481260   0.0003344293   0.0001902996   0.0000959578
       -0.0000249116  -0.0000756465  -0.0000264321   0.0000848415  -0.0000680924
        0.0000268291   0.0000277072
       -0.0158048668   0.1117855462  -0.1973329413  -0.0031618760   0.0027255920
        0.0000809024  -0.0001446940  -0.0004911924  -0.0003234211   0.0001218710
       -0.0001974336   0.0001283971   0.0000945187  -0.0000673716   0.0000092988
        0.0004676146   0.0001948622  -0.0000428000  -0.0000062153   0.0009731080
        0.0006783369   0.0006292892  -0.0003817746   0.0004187684  -0.0003163333
       -0.0001857465  -0.0000043833  -0.0014801498   0.0143433214  -0.0294831137
        0.0188207406  -0.1306468723   0.2280351596   0.0010992175   0.0025659289
       -0.0017821076  -0.0000358101  -0.0000864288  -0.0000638458   0.0000037254
        0.0000373738   0.0000259109  -0.0000570810  -0.0000129234  -0.0000128015
       -0.0005364591  -0.0004086696   0.0004349978  -0.0000534099  -0.0000649427
       -0.0007692622   0.0002581706  -0.0000610471  -0.0000018749   0.0001017475
       -0.0000213299   0.0000047794
       -0.1712845613  -0.1209419309  -0.0000836710  -0.0265481393  -0.0173550266
       -0.0000118435   0.0008085729  -0.0020457945   0.0000002673   0.0002030611
       -0.0004255024   0.0000003428   0.0003232997  -0.0000655800  -0.0000000128
       -0.0004419010  -0.0007842109   0.0000009792  -0.0053918808   0.0028823408
       -0.0000006780   0.0000632296   0.0004072498  -0.0000000113  -0.0008313246
        0.0000786235   0.0000000286   0.0006953762  -0.0014035248  -0.0011001541
        0.0006897834  -0.0014098032   0.0010992175   0.2014979965   0.1393666022
        0.0000960886   0.0001234419   0.0014414070  -0.0000003632   0.0001316121
       -0.0000107827   0.0000000053  -0.0000129774   0.0000325103  -0.0000001394
       -0.0000058613   0.0000965721  -0.0000476801  -0.0000056650   0.0000966767
        0.0000476826   0.0001015649   0.0000466428   0.0000000012  -0.0001156275
       -0.0000064693  -0.0000000598
       -0.1218150372  -0.1571531363  -0.0000758886   0.0068454322   0.0082117001
        0.0000061319   0.0026633537   0.0010381923   0.0000002734  -0.0000743597
       -0.0000217616   0.0000002420   0.0001011872   0.0000607765   0.0000000905
        0.0007759649   0.0001885137  -0.0000004945   0.0021657379  -0.0012204284
       -0.0000005005  -0.0005616227  -0.0002245325   0.0000003530  -0.0000772689
       -0.0001147876   0.0000000146  -0.0148215728  -0.0161399856  -0.0025862248
       -0.0148421326  -0.0161640979   0.0025659289   0.1393666022   0.1818109397
        0.0000904742   0.0003545560  -0.0006590269  -0.0000000207  -0.0000220464
        0.0000518980  -0.0000000307  -0.0000834160   0.0000098656  -0.0000000282
        0.0000141806   0.0001135018  -0.0002568691   0.0000145037   0.0001135935
        0.0002566782  -0.0000812640   0.0000845366  -0.0000001197   0.0000772019
        0.0000142391  -0.0000000098
       -0.0000857103  -0.0000750930  -0.0443806625   0.0000036031   0.0000012391
        0.0001930123   0.0000004543  -0.0000001666  -0.0002106825  -0.0000000975
        0.0000001105  -0.0000252391   0.0000000617   0.0000004325   0.0000190575
        0.0000006440  -0.0000005135   0.0003181184   0.0000002240  -0.0000002908
        0.0010804420   0.0000005673   0.0000003243   0.0000709621   0.0000000130
        0.0000000250  -0.0000774595  -0.0189175567  -0.0205251505  -0.0018127758
        0.0189014972   0.0205078617  -0.0017821076   0.0000960886   0.0000904742
        0.0464244914  -0.0000001892   0.0000006686   0.0001147657  -0.0000000057
        0.0000000086  -0.0000107956   0.0000000139   0.0000000065  -0.0000134574
       -0.0001361017  -0.0000935776  -0.0000021024   0.0001363284   0.0000936992
       -0.0000024357   0.0000000999  -0.0000000603   0.0001137250   0.0000000657
        0.0000000021  -0.0000168565
        0.0013860209   0.0021155334   0.0000001784  -0.0026220486  -0.0026501897
        0.0000000189  -0.2226118667  -0.1157100323   0.0000032557  -0.0264743480
       -0.0145822076   0.0000006172  -0.0042821869   0.0031012015   0.0000005986
        0.0010471131   0.0010181103   0.0000000256   0.0006271817   0.0000977935
        0.0000001439  -0.0001477317   0.0000149317   0.0000000371  -0.0005592586
       -0.0003017464  -0.0000000791  -0.0001126351   0.0000449035   0.0000357846
       -0.0001128208   0.0000451554  -0.0000358101   0.0001234419   0.0003545560
       -0.0000001892   0.2544646247   0.1277636142  -0.0000043873   0.0006885955
       -0.0004883394  -0.0000001505  -0.0016382561  -0.0007650733  -0.0000000025
        0.0000186427  -0.0000204624   0.0000597806   0.0000185813  -0.0000204579
       -0.0000597990   0.0000367789  -0.0000818765  -0.0000000067   0.0001501720
        0.0000645859  -0.0000000163
       -0.0017273920   0.0008969656  -0.0000001574  -0.0256069873  -0.0190488242
        0.0000002430  -0.1159543811  -0.1186884900   0.0000015506   0.0103118202
        0.0063359221  -0.0000002230   0.0025519859  -0.0002312613  -0.0000003753
        0.0011417370  -0.0000020007  -0.0000000663   0.0006546060  -0.0055644601
       -0.0000006360  -0.0014896573  -0.0009396369   0.0000000167  -0.0003576037
       -0.0002205782   0.0000000585  -0.0000268751   0.0001845823   0.0000863718
       -0.0000267474   0.0001852310  -0.0000864288   0.0014414070  -0.0006590269
        0.0000006686   0.1277636142   0.1369894808  -0.0000011132   0.0007936841
        0.0009230859   0.0000000935   0.0005264080   0.0002053592  -0.0000000061
       -0.0000199691   0.0000387522   0.0000075685  -0.0000199576   0.0000386614
       -0.0000075388   0.0000009554  -0.0005318760  -0.0000000397   0.0000433531
        0.0000881138   0.0000000134
        0.0000002193   0.0000003716  -0.0022663909  -0.0000011838  -0.0000002433
        0.0002136833   0.0000033814   0.0000013301  -0.0320205976   0.0000014590
        0.0000007571  -0.0002963700   0.0000004519  -0.0000003069   0.0073822955
       -0.0000003187  -0.0000002979   0.0005301146   0.0000003605  -0.0000002903
        0.0069408853   0.0000000583  -0.0000002410   0.0000604647   0.0000002544
        0.0000002284  -0.0014061128   0.0002522307  -0.0003343452  -0.0000640870
       -0.0002521561   0.0003339502  -0.0000638458  -0.0000003632  -0.0000000207
        0.0001147657  -0.0000043873  -0.0000011132   0.0233267359  -0.0000001289
        0.0000001850  -0.0026133949   0.0000001000   0.0000000116   0.0003509866
        0.0000110767  -0.0000016490  -0.0000131888  -0.0000110598   0.0000016466
       -0.0000132415   0.0000000025   0.0000000155  -0.0000337190   0.0000000033
        0.0000000113  -0.0001289833
       -0.0001632026   0.0013780430   0.0000001295  -0.0043579800   0.0024468135
        0.0000005973  -0.0020642633   0.0267714902   0.0000009722  -0.0447228681
        0.0121555537   0.0000008011   0.0000721161  -0.0256311413  -0.0000008835
       -0.0032873542  -0.0019294131   0.0000003500  -0.0006551888  -0.0001640346
        0.0000000327   0.0001593526   0.0000108970  -0.0000000832  -0.0008882602
       -0.0019700278  -0.0000000648  -0.0001810708   0.0001046846  -0.0000037377
       -0.0001813210   0.0001048556   0.0000037254   0.0001316121  -0.0000220464
       -0.0000000057   0.0006885955   0.0007936841  -0.0000001289   0.0545899286
       -0.0131741086  -0.0000015681   0.0007805948  -0.0008346240  -0.0000001339
       -0.0000194072  -0.0000172882   0.0000192144  -0.0000194245  -0.0000173118
       -0.0000192256   0.0000002170   0.0000363540   0.0000000048   0.0001179241
       -0.0000423799   0.0000000041
        0.0000707277  -0.0009881112  -0.0000001190   0.0032247652  -0.0000670464
       -0.0000004338   0.0023163357  -0.0175365705  -0.0000006839   0.0118234816
       -0.2987974344  -0.0000094536  -0.0007484689  -0.0204870843  -0.0000007063
       -0.0024188803   0.0007256047  -0.0000001283  -0.0001011108   0.0010543838
        0.0000000309   0.0000133170   0.0000775406   0.0000001676  -0.0014774189
       -0.0022742534  -0.0000000661   0.0001550397  -0.0001118152  -0.0000374099
        0.0001552403  -0.0001119515   0.0000373738  -0.0000107827   0.0000518980
        0.0000000086  -0.0004883394   0.0009230859   0.0000001850  -0.0131741086
        0.3365452961   0.0000111980   0.0004316381   0.0009140122   0.0000000928
        0.0000311328  -0.0000148401   0.0000514535   0.0000311132  -0.0000148109
       -0.0000514795  -0.0000421877   0.0000150778  -0.0000000029   0.0002085062
        0.0000970188  -0.0000000270
       -0.0000000248   0.0000002539  -0.0001562832   0.0000007064  -0.0000003863
        0.0076807094   0.0000002244  -0.0000016939   0.0005433891   0.0000006876
       -0.0000094727  -0.0333839546   0.0000000285   0.0000003630   0.0003175843
        0.0000001046  -0.0000004552   0.0080202747  -0.0000000600   0.0000001336
        0.0000959619  -0.0000000727   0.0000000459  -0.0015696836   0.0000001777
        0.0000001463  -0.0001022293  -0.0000024664   0.0000138394   0.0000259612
        0.0000023432  -0.0000141453   0.0000259109   0.0000000053  -0.0000000307
       -0.0000107956  -0.0000001505   0.0000000935  -0.0026133949  -0.0000015681
        0.0000111980   0.0238551604  -0.0000000945   0.0000001384  -0.0026892659
        0.0000038979   0.0002961041  -0.0000097007  -0.0000037740  -0.0002962504
       -0.0000097817   0.0000000168   0.0000001274  -0.0000135567   0.0000000185
       -0.0000000091  -0.0000063057
        0.0000710929   0.0000816376  -0.0000001546   0.0006977449  -0.0005891941
       -0.0000000459  -0.0036631142  -0.0037883403   0.0000002330  -0.0263061880
        0.0116545234   0.0000013085  -0.2402480411   0.1037811599   0.0000104842
       -0.0064106983   0.0029304030   0.0000003518   0.0008913148   0.0004927325
        0.0000002688  -0.0003268295   0.0000180273   0.0000000324   0.0026408548
       -0.0008248004  -0.0000002138  -0.0000088970   0.0000180727   0.0000571039
       -0.0000088763   0.0000181521  -0.0000570810  -0.0000129774  -0.0000834160
        0.0000000139  -0.0016382561   0.0005264080   0.0000001000   0.0007805948
        0.0004316381  -0.0000000945   0.2733443816  -0.1154081385  -0.0000122868
       -0.0000252218   0.0000947860  -0.0000358490  -0.0000252285   0.0000946984
        0.0000358764   0.0000708297  -0.0000172563   0.0000000181   0.0001775145
        0.0005689066  -0.0000000653
        0.0000132653   0.0001436335   0.0000001519  -0.0007374062  -0.0003541094
       -0.0000000094  -0.0030022590  -0.0008190897  -0.0000001960  -0.0131760737
        0.0069072704   0.0000007102   0.1045185876  -0.0999367251  -0.0000058507
        0.0277479572  -0.0160704822  -0.0000014149  -0.0005054115  -0.0055202700
       -0.0000004413   0.0014007028  -0.0008122403  -0.0000001000   0.0021074039
        0.0021541669   0.0000000562  -0.0000335442  -0.0000076879   0.0000128764
       -0.0000335183  -0.0000076789  -0.0000129234   0.0000325103   0.0000098656
        0.0000000065  -0.0007650733   0.0002053592   0.0000000116  -0.0008346240
        0.0009140122   0.0000001384  -0.1154081385   0.1141947224   0.0000069727
        0.0000500444  -0.0002743401   0.0000001050   0.0000499904  -0.0002741116
       -0.0000001487   0.0001115507   0.0001213201   0.0000000015  -0.0015359637
       -0.0005736151   0.0000000540
        0.0000000654   0.0000001555  -0.0014956369  -0.0000001270   0.0000001187
       -0.0000020145   0.0000003584  -0.0000002374   0.0075569067   0.0000003790
       -0.0000001911  -0.0004537995   0.0000104205  -0.0000058011  -0.0306048333
        0.0000012994  -0.0000004015   0.0006769721   0.0000002858  -0.0000005608
        0.0068612779  -0.0000000946   0.0000001539  -0.0003683235  -0.0000002305
        0.0000000629  -0.0017702995   0.0002271645  -0.0001682292  -0.0000130162
       -0.0002270287   0.0001680331  -0.0000128015  -0.0000001394  -0.0000000282
       -0.0000134574  -0.0000000025  -0.0000000061   0.0003509866  -0.0000001339
        0.0000000928  -0.0026892659  -0.0000122868   0.0000069727   0.0223091988
       -0.0000098719   0.0000507374   0.0000131211   0.0000100096  -0.0000508142
        0.0000131451   0.0000000450   0.0000000126   0.0000437722  -0.0000001123
       -0.0000000701  -0.0004019323
        0.0002172457  -0.0014590643   0.0008810978  -0.0009250559  -0.0007753003
        0.0000783332  -0.0000966857  -0.0001029591  -0.0001159718  -0.0001918846
       -0.0001580430   0.0000055407   0.0000246324   0.0004968602   0.0001520776
        0.0004491567   0.0003019344  -0.0004525463  -0.0011081101   0.0065521500
       -0.0012326605  -0.0972720363   0.0337907431  -0.0943263598  -0.0001205230
        0.0000534145   0.0006666087   0.0000533700   0.0001909099   0.0000519409
       -0.0004825981  -0.0001037392  -0.0005364591  -0.0000058613   0.0000141806
       -0.0001361017   0.0000186427  -0.0000199691   0.0000110767  -0.0000194072
        0.0000311328   0.0000038979  -0.0000252218   0.0000500444  -0.0000098719
        0.1114122040  -0.0431724618   0.1096897359   0.0068852554  -0.0039031261
        0.0123607151  -0.0188798598   0.0080713786  -0.0268239644   0.0000667369
        0.0001419143  -0.0002670888
        0.0000661114  -0.0000575747   0.0008084826   0.0012634579  -0.0000424570
        0.0003283605   0.0003554238   0.0000146129  -0.0012633296  -0.0000385476
        0.0000524344   0.0000119745   0.0005782359  -0.0003977233  -0.0015611228
       -0.0016533434  -0.0046231252   0.0009446579   0.0158558731  -0.0179253491
        0.0244133218   0.0366170225  -0.0628904621   0.0638258447   0.0004165567
        0.0007201999   0.0004311756  -0.0002712821   0.0000963368   0.0000645523
       -0.0008523448  -0.0000481260  -0.0004086696   0.0000965721   0.0001135018
       -0.0000935776  -0.0000204624   0.0000387522  -0.0000016490  -0.0000172882
       -0.0000148401   0.0002961041   0.0000947860  -0.0002743401   0.0000507374
       -0.0431724618   0.0772420779  -0.0721012919  -0.0039067335   0.0038392665
       -0.0073365004  -0.0051256474   0.0039701982  -0.0083367772  -0.0002859284
        0.0001866171  -0.0000722932
        0.0000731651  -0.0007292806   0.0004421226  -0.0010471207   0.0001624008
        0.0006336077  -0.0001702501  -0.0000913458  -0.0000095812   0.0001184276
       -0.0000827838  -0.0000017835   0.0001659789  -0.0001921343   0.0001296401
        0.0006237543   0.0001114725  -0.0005963192  -0.0010302487   0.0042386450
        0.0004672788  -0.0936988959   0.0611887619  -0.1975927896  -0.0003866847
       -0.0000628484   0.0001257708   0.0000669260   0.0000256963  -0.0007688383
        0.0006013254   0.0003344293   0.0004349978  -0.0000476801  -0.0002568691
       -0.0000021024   0.0000597806   0.0000075685  -0.0000131888   0.0000192144
        0.0000514535  -0.0000097007  -0.0000358490   0.0000001050   0.0000131211
        0.1096897359  -0.0721012919   0.2281665074  -0.0123871475   0.0073436386
       -0.0295136821  -0.0028712284   0.0002070599  -0.0018742297   0.0002567969
       -0.0001546775  -0.0000308310
        0.0002180763  -0.0014545415  -0.0008793505  -0.0009236643  -0.0007766453
       -0.0000776296  -0.0000969284  -0.0001023294   0.0001154707  -0.0001912902
       -0.0001579761  -0.0000055755   0.0000243647   0.0004962082  -0.0001521074
        0.0004487892   0.0003029288   0.0004511559  -0.0011045069   0.0065466672
        0.0012342413  -0.0971436007   0.0337365531   0.0942618303  -0.0001202285
        0.0000529139  -0.0006669104  -0.0004802906  -0.0001024397   0.0005360465
        0.0000533443   0.0001902996  -0.0000534099  -0.0000056650   0.0000145037
        0.0001363284   0.0000185813  -0.0000199576  -0.0000110598  -0.0000194245
        0.0000311132  -0.0000037740  -0.0000252285   0.0000499904   0.0000100096
        0.0068852554  -0.0039067335  -0.0123871475   0.1112563544  -0.0431101946
       -0.1096127703  -0.0188605668   0.0080678432   0.0268374913   0.0000666287
        0.0001417963   0.0002671610
        0.0000663237  -0.0000557068  -0.0008079513   0.0012637736  -0.0000441228
       -0.0003291335   0.0003553076   0.0000142664   0.0012639445  -0.0000385425
        0.0000521909  -0.0000119797   0.0005776002  -0.0003976513   0.0015614346
       -0.0016549571  -0.0046206307  -0.0009447893   0.0158388513  -0.0179264387
       -0.0244260800   0.0365610073  -0.0628707014  -0.0638333749   0.0004177111
        0.0007209367  -0.0004313159  -0.0008493713  -0.0000480406   0.0004083049
       -0.0002716055   0.0000959578  -0.0000649427   0.0000966767   0.0001135935
        0.0000936992  -0.0000204579   0.0000386614   0.0000016466  -0.0000173118
       -0.0000148109  -0.0002962504   0.0000946984  -0.0002741116  -0.0000508142
       -0.0039031261   0.0038392665   0.0073436386  -0.0431101946   0.0772214821
        0.0721105818  -0.0051204431   0.0039693043   0.0083411066  -0.0002859397
        0.0001865552   0.0000722751
       -0.0000731109   0.0007281645   0.0004431868   0.0010469312  -0.0001617044
        0.0006328908   0.0001705884   0.0000909428  -0.0000091958  -0.0001185085
        0.0000831139  -0.0000017442  -0.0001660419   0.0001918176   0.0001298745
       -0.0006243635  -0.0001121200  -0.0005965133   0.0010328056  -0.0042462230
        0.0004625719   0.0936340780  -0.0611917641  -0.1977371537   0.0003870688
        0.0000629042   0.0001260387  -0.0006008632  -0.0003345483   0.0004346572
       -0.0000666404  -0.0000249116  -0.0007692622   0.0000476826   0.0002566782
       -0.0000024357  -0.0000597990  -0.0000075388  -0.0000132415  -0.0000192256
       -0.0000514795  -0.0000097817   0.0000358764  -0.0000001487   0.0000131451
        0.0123607151  -0.0073365004  -0.0295136821  -0.1096127703   0.0721105818
        0.2283350872   0.0028825183  -0.0002119436  -0.0018935669  -0.0002569411
        0.0001546792  -0.0000308750
       -0.0002194852  -0.0003694183  -0.0000004103  -0.0000628660   0.0000171218
        0.0000007140  -0.0001363726   0.0001960120   0.0000000593   0.0002198010
        0.0001089005   0.0000000316  -0.0004498939  -0.0003885498   0.0000001163
        0.0003268215   0.0007111507  -0.0000004531  -0.0007447856  -0.0046022037
       -0.0000004843  -0.2574088246  -0.0841960972   0.0000668545  -0.0010160753
        0.0019957136  -0.0000008690   0.0001208344  -0.0000751330  -0.0002580168
        0.0001206184  -0.0000756465   0.0002581706   0.0001015649  -0.0000812640
        0.0000000999   0.0000367789   0.0000009554   0.0000000025   0.0000002170
       -0.0000421877   0.0000000168   0.0000708297   0.0001115507   0.0000000450
       -0.0188798598  -0.0051256474  -0.0028712284  -0.0188605668  -0.0051204431
        0.0028825183   0.2971656689   0.0963146434  -0.0000774874  -0.0003844047
        0.0006205426   0.0000003206
        0.0005370866   0.0000389724   0.0000000896   0.0003860401  -0.0065226461
        0.0000002116  -0.0011908876  -0.0008101274  -0.0000005659  -0.0001151788
        0.0002144669   0.0000000331  -0.0003376528   0.0005503543  -0.0000002647
       -0.0029340078  -0.0002588301   0.0000003728  -0.0290262354  -0.0166217838
        0.0000084681  -0.0823279377  -0.0744455734   0.0000265323   0.0027770101
       -0.0003789479  -0.0000001742   0.0000368649  -0.0000264721   0.0000609669
        0.0000368009  -0.0000264321  -0.0000610471   0.0000466428   0.0000845366
       -0.0000000603  -0.0000818765  -0.0005318760   0.0000000155   0.0000363540
        0.0000150778   0.0000001274  -0.0000172563   0.0001213201   0.0000000126
        0.0080713786   0.0039701982   0.0002070599   0.0080678432   0.0039693043
       -0.0002119436   0.0963146434   0.0901554406  -0.0000298243  -0.0002796319
        0.0005030177  -0.0000000099
       -0.0000004765  -0.0000004859   0.0000844852  -0.0000002508  -0.0000003595
        0.0007761086   0.0000000057  -0.0000002630   0.0002337927   0.0000000172
        0.0000001336  -0.0000207821  -0.0000000622  -0.0000001653  -0.0000647358
        0.0000007518   0.0000006162   0.0004623759  -0.0000017059  -0.0000010383
        0.0002552329   0.0000668929   0.0000276838  -0.0444900383  -0.0000015699
       -0.0000002967  -0.0008432384  -0.0001457311  -0.0000848173  -0.0000018774
        0.0001459084   0.0000848415  -0.0000018749   0.0000000012  -0.0000001197
        0.0001137250  -0.0000000067  -0.0000000397  -0.0000337190   0.0000000048
       -0.0000000029  -0.0000135567   0.0000000181   0.0000000015   0.0000437722
       -0.0268239644  -0.0083367772  -0.0018742297   0.0268374913   0.0083411066
       -0.0018935669  -0.0000774874  -0.0000298243   0.0470403552   0.0000001636
       -0.0000001935   0.0002277717
       -0.0002936098  -0.0003793368  -0.0000001857  -0.0018212889   0.0007911235
        0.0000001852   0.0004341276   0.0000606483  -0.0000000189  -0.0006054083
       -0.0002222822   0.0000000186   0.0019767972   0.0015983479  -0.0000000328
       -0.0358427882   0.0101855560   0.0000019352  -0.0031875033  -0.0019076221
        0.0000002460   0.0003970068  -0.0006284500  -0.0000001493  -0.2639797838
        0.1765482500   0.0000188076   0.0000887566  -0.0000679496  -0.0001017900
        0.0000887885  -0.0000680924   0.0001017475  -0.0001156275   0.0000772019
        0.0000000657   0.0001501720   0.0000433531   0.0000000033   0.0001179241
        0.0002085062   0.0000000185   0.0001775145  -0.0015359637  -0.0000001123
        0.0000667369  -0.0002859284   0.0002567969   0.0000666287  -0.0002859397
       -0.0002569411  -0.0003844047  -0.0002796319   0.0000001636   0.3026659616
       -0.1838517904  -0.0000207580
       -0.0000271016  -0.0001466334  -0.0000000110  -0.0010004433  -0.0001804736
        0.0000000488  -0.0003047263   0.0003447179   0.0000000350   0.0006689315
       -0.0001622598  -0.0000000385  -0.0025378328   0.0012984729   0.0000002157
       -0.0135833004   0.0151019913   0.0000013157  -0.0019139290  -0.0017085982
       -0.0000000692  -0.0000411099  -0.0004525314   0.0000001729   0.2010821029
       -0.1902648175  -0.0000170234   0.0000101584   0.0000267873   0.0000213306
        0.0000101445   0.0000268291  -0.0000213299  -0.0000064693   0.0000142391
        0.0000000021   0.0000645859   0.0000881138   0.0000000113  -0.0000423799
        0.0000970188  -0.0000000091   0.0005689066  -0.0005736151  -0.0000000701
        0.0001419143   0.0001866171  -0.0001546775   0.0001417963   0.0001865552
        0.0001546792   0.0006205426   0.0005030177  -0.0000001935  -0.1838517904
        0.1756145687   0.0000156106
        0.0000001043  -0.0000001530  -0.0002702061  -0.0000002842  -0.0000001984
        0.0010039949  -0.0000000908   0.0000002045   0.0000653925   0.0000002503
        0.0000000811   0.0002383128  -0.0000002861  -0.0000002358  -0.0010533759
        0.0000011842   0.0000007583  -0.0012088450   0.0000001192   0.0000000741
        0.0015367730  -0.0000003309  -0.0000000835   0.0000054414   0.0000196558
       -0.0000161528  -0.0052825110   0.0000421618  -0.0000276148   0.0000046060
       -0.0000419811   0.0000277072   0.0000047794  -0.0000000598  -0.0000000098
       -0.0000168565  -0.0000000163   0.0000000134  -0.0001289833   0.0000000041
       -0.0000000270  -0.0000063057  -0.0000000653   0.0000000540  -0.0004019323
       -0.0002670888  -0.0000722932  -0.0000308310   0.0002671610   0.0000722751
       -0.0000308750   0.0000003206  -0.0000000099   0.0002277717  -0.0000207580
        0.0000156106   0.0053436502
