   -0.12958556
    0.07497282
   -0.25899259
    0.36602019
   -0.47714757
   -0.26083883
    0.08454076
   -0.12371004
   -0.09925411
    0.03196701
   -0.11871425
    0.36739203
   -0.48530543
   -0.26562008
    0.07690950
   -0.12594464
   -0.24579330
    0.08264306
   -0.12723855
    0.07082548
    0.05466159
    0.08695029
    0.06493820
    0.09221557
    0.05734616
    0.08454092
    0.05387436
    0.08217568
    0.07168146
    0.07670638
    0.12289398
    0.09216319
    0.06225989
    0.08420675
    0.05157393
    0.07150622
    0.08613473
    0.05377869
    0.07484867
    0.08192139
    0.05649602
