   -0.12332967
    0.07267645
   -0.26993089
    0.37547668
   -0.46623933
   -0.25394348
    0.08537026
   -0.12085135
   -0.14409531
    0.03802411
   -0.10965955
    0.36829893
   -0.47672095
   -0.25747196
    0.07036246
   -0.13394099
   -0.24999880
    0.07369183
   -0.12975972
    0.05110555
    0.08444090
    0.06570668
    0.07104932
    0.09565779
    0.08184674
    0.05208768
    0.07445046
    0.07716093
    0.05004802
    0.10952458
    0.07782951
    0.07221919
    0.09628588
    0.07136420
    0.06782014
    0.08821278
    0.09418215
    0.05957325
    0.08358260
    0.05250037
    0.07539256
