           1           2   1.01950834348218     
           2           3  0.861968228154093     
           3           4   1.35166870982531     
           4           5   1.55283140295050     
           4           6   1.31037986971660     
           6           7  0.887740452169636     
           7           8   1.02187226480319     
           4           9  0.944781454882616     
           5           9  0.139331627120975     
           9          10  0.984030350129887     
          10          11  0.985666634030169     
          11          12   1.01016364221031     
          11          13  0.132939802265248     
          12          13   1.49595129773637     
          12          14   1.32489555593046     
          14          15  0.885854521621606     
          15          16   1.01773383947276     
          12          17   1.33618223849681     
          17          18  0.874290286348202     
          18          19   1.02269407943012     
           1          20  0.981016653482667     
           1          21  0.982619811189582     
           1          22  0.972856229961754     
           2          23  0.969558646497001     
           2          24  0.965154172416716     
           7          25  0.963964834314999     
           7          26  0.969508850942453     
           8          27  0.975982140015368     
           8          28  0.975318064110805     
           8          29  0.981054160444720     
          10          30  0.944365830691335     
          10          31  0.958194775982479     
          15          32  0.971407192127649     
          15          33  0.967052004115038     
          16          34  0.975850256967780     
          16          35  0.983535289471466     
          16          36  0.981803391976307     
          18          37  0.963518281576531     
          18          38  0.964561794626826     
          19          39  0.976350272949499     
          19          40  0.975160360676174     
          19          41  0.981768358901894     
