           1           2   1.01308224031108     
           2           3  0.909434040244833     
           3           4   1.20393773778583     
           3           5  0.176342907972401     
           4           5   1.67311106229546     
           4           6  0.968790604407077     
           6           7  0.975602417730682     
           7           8  0.920027507312046     
           7           9  0.956092803365869     
           9          10   1.64166726375491     
           9          11   1.23374795383586     
          10          11  0.168772896139791     
          11          12  0.894088512178719     
          12          13   1.01319313234327     
           7          14  0.969456710199920     
          10          15  0.143953622408896     
          14          15  0.964083760208395     
          14          16  0.140943056194213     
          15          16   1.49317668317958     
          15          17   1.30956448216491     
          17          18  0.896056684776132     
          15          19   1.27805067635249     
          19          20  0.912857930962246     
           1          21  0.979157038827234     
           1          22  0.985267660383605     
           1          23  0.983451077267450     
           2          24  0.968076473753804     
           2          25  0.968072444561273     
           6          26  0.946930449296701     
           6          27  0.955400711574284     
          12          28  0.963763432852430     
          12          29  0.970677144845701     
          13          30  0.982538841918870     
          13          31  0.976613764214238     
          13          32  0.983487639128477     
          18          33  0.978521523292619     
          18          34  0.974044650440542     
          18          35  0.972753928906685     
          20          36  0.972426300718519     
          20          37  0.976655250895988     
          20          38  0.979479920021493     
