           1           2   1.02169954018399     
           2           3  0.860572828696675     
           3           4   1.35105708780714     
           4           5   1.55317952535426     
           4           6   1.32656828378920     
           6           7  0.886665185156261     
           7           8   1.01960923371168     
           4           9  0.956054705985128     
           5           9  0.140212967959463     
           9          10  0.975679464677001     
          10          11  0.995574975747304     
          11          12  0.951548409765616     
          11          13  0.134462163964694     
          12          13   1.53921397595487     
          12          14   1.36488829097068     
          14          15  0.858794769147763     
          15          16   1.02160931100229     
          12          17   1.32766751138318     
          17          18  0.884980660599033     
          18          19   1.01810348693141     
           1          20  0.982234016036643     
           1          21  0.973739731070867     
           1          22  0.981585342472768     
           2          23  0.966831725675686     
           2          24  0.966566213275541     
           7          25  0.967033683563446     
           7          26  0.967613316576811     
           8          27  0.982027627884143     
           8          28  0.976946817281342     
           8          29  0.978175469706385     
          10          30  0.963026871169551     
          10          31  0.947949212688224     
          15          32  0.963443933743924     
          15          33  0.966528349788124     
          16          34  0.982853715547365     
          16          35  0.980485329497899     
          16          36  0.973882948053730     
          18          37  0.968721457252207     
          18          38  0.969799512978697     
          19          39  0.981811501728262     
          19          40  0.983147346772658     
          19          41  0.975703335289036     
