           1           2   1.02284179288422     
           2           3  0.879399125960950     
           3           4   1.31670810994913     
           4           5   1.50028980882387     
           4           6   1.31671903901386     
           6           7  0.887978212888720     
           7           8   1.02175656057999     
           4           9  0.978216978574647     
           5           9  0.134105378347764     
           9          10  0.981587771643460     
          10          11  0.996525785706147     
          11          12  0.945101081499201     
          11          13  0.140486349116975     
          12          13   1.52359286098417     
          12          14   1.36356626797164     
          14          15  0.858404753723628     
          15          16   1.02452237475113     
          12          17   1.31641828714212     
          17          18  0.888482586916844     
          18          19   1.01908855834655     
           1          20  0.981766367731775     
           1          21  0.975952833327327     
           1          22  0.976715778089254     
           2          23  0.965548197553813     
           2          24  0.968561873290061     
           7          25  0.963568038179520     
           7          26  0.966420636561773     
           8          27  0.975718267091232     
           8          28  0.972691791469711     
           8          29  0.980416084479130     
          10          30  0.946907489905261     
          10          31  0.940800958913849     
          15          32  0.964580488470293     
          15          33  0.970418003634676     
          16          34  0.972050391666749     
          16          35  0.969226853248929     
          16          36  0.980899637904303     
          18          37  0.966822662918515     
          18          38  0.967291933477917     
          19          39  0.981752344147112     
          19          40  0.976910881070099     
          19          41  0.977314150118000     
