   -0.11864733
    0.08993291
   -0.29457023
    0.38802152
   -0.45671361
   -0.27125779
    0.07718570
   -0.13595688
   -0.12590100
    0.03113817
   -0.16832446
    0.37513915
   -0.44106231
   -0.25797225
    0.08760581
   -0.12983232
   -0.26549041
    0.08368414
   -0.13255837
    0.08332493
    0.05867933
    0.05614706
    0.06264149
    0.08081192
    0.06479455
    0.08948260
    0.09095277
    0.07373177
    0.06564171
    0.13023691
    0.09477099
    0.06034913
    0.07896584
    0.08587445
    0.07003290
    0.06800496
    0.05833181
    0.06358473
    0.06967961
    0.08466273
    0.07487739
