           1           2   1.02147817859167     
           2           3  0.896011476853798     
           3           4   1.28832557106867     
           4           5   1.53379977552013     
           4           6   1.30114839496022     
           6           7  0.882349312647364     
           7           8   1.02219861227541     
           4           9  0.965756922651532     
           5           9  0.102481837794087     
           9          10   1.00315333453435     
          10          11  0.950441195694993     
          11          12   1.04482783439754     
          12          13   1.53873689624008     
          12          14   1.31451750831940     
          14          15  0.884929577900726     
          15          16   1.02084190155362     
          12          17   1.27313395218408     
          17          18  0.875068854190874     
          18          19   1.02211654625934     
           1          20  0.981804271345822     
           1          21  0.974561555587192     
           1          22  0.976907146662062     
           2          23  0.968110007808212     
           2          24  0.964098370402513     
           7          25  0.965636447911058     
           7          26  0.966576447982392     
           8          27  0.975861774497831     
           8          28  0.981980194085044     
           8          29  0.977078361042135     
          10          30  0.953646219965074     
          10          31  0.951800743500497     
          15          32  0.964624127614973     
          15          33  0.964052424084266     
          16          34  0.981830007421104     
          16          35  0.976959773657368     
          16          36  0.976115254126263     
          18          37  0.965913328508591     
          18          38  0.966606676855079     
          19          39  0.982374793786003     
          19          40  0.975356851717103     
          19          41  0.980560708587003     
