           1           2   1.02319939471570     
           2           3  0.881960819035961     
           3           4   1.33421057135343     
           4           5   1.54429784578865     
           4           6   1.35290768975893     
           6           7  0.870561316519936     
           7           8   1.02009532792005     
           4           9  0.955952324157293     
           5           9  0.137918684123816     
           9          10  0.985242123935612     
          10          11  0.987256190002676     
          11          12  0.931474765145521     
          11          13  0.138444750592565     
          12          13   1.53304737129366     
          12          14   1.35841883474474     
          14          15  0.857112072441450     
          15          16   1.02407987494678     
          12          17   1.32932720355597     
          17          18  0.883959938900032     
          18          19   1.01809463420878     
           1          20  0.975571017108727     
           1          21  0.973770212627613     
           1          22  0.981786766821974     
           2          23  0.963281517470451     
           2          24  0.967732723449412     
           7          25  0.968157950980072     
           7          26  0.965862099214632     
           8          27  0.980747278617523     
           8          28  0.983128218576458     
           8          29  0.975209903338671     
          10          30  0.958366080769393     
          10          31  0.954242802768068     
          15          32  0.963815738841034     
          15          33  0.970446383625353     
          16          34  0.973415640623858     
          16          35  0.976274224950017     
          16          36  0.982606198377812     
          18          37  0.966256789357515     
          18          38  0.971778295462818     
          19          39  0.981773799143462     
          19          40  0.982918837094588     
          19          41  0.975211493700209     
