   -0.12738456
    0.07332023
   -0.26693053
    0.37748545
   -0.43521528
   -0.26612844
    0.07937478
   -0.12722275
   -0.16140775
    0.04117090
   -0.14800572
    0.38127650
   -0.45768896
   -0.25996251
    0.07373752
   -0.12918955
   -0.26879355
    0.07485992
   -0.12120093
    0.05144734
    0.08553080
    0.07106942
    0.06590915
    0.09338061
    0.06412996
    0.08299215
    0.05947699
    0.08443100
    0.07420057
    0.10054023
    0.09745512
    0.06539541
    0.09293081
    0.05511650
    0.08553374
    0.07089661
    0.07429979
    0.09224868
    0.05703679
    0.05960225
    0.08428128
