   -0.12945647
    0.07584441
   -0.26325274
    0.36033203
   -0.47216374
   -0.26476414
    0.09333532
   -0.12285196
   -0.11976419
    0.03263252
   -0.10528009
    0.38141095
   -0.49591875
   -0.26533514
    0.07494481
   -0.13235145
   -0.25669905
    0.07673513
   -0.13741232
    0.05370723
    0.08631847
    0.07262092
    0.06143551
    0.09171761
    0.05197290
    0.07731238
    0.08227838
    0.07284220
    0.05312376
    0.12685319
    0.07287702
    0.08937280
    0.07570347
    0.08899188
    0.07057958
    0.06849640
    0.08719872
    0.05512804
    0.07850929
    0.08556294
    0.06741217
