           1           2   1.02117124811171     
           2           3  0.865031364218110     
           3           4   1.35135195027855     
           4           5   1.54590382869709     
           4           6   1.32438533572216     
           6           7  0.887437992477598     
           7           8   1.02250149472304     
           4           9  0.944426183386173     
           5           9  0.133895626603791     
           9          10  0.989741443493251     
          10          11  0.988943870035968     
          11          12  0.937778799642243     
          11          13  0.142578405263897     
          12          13   1.53866428276001     
          12          14   1.31654114373893     
          14          15  0.885432726329419     
          15          16   1.02258817084821     
          12          17   1.35516317860084     
          17          18  0.867106129141051     
          18          19   1.02158595959603     
           1          20  0.980149450848734     
           1          21  0.974267815030702     
           1          22  0.983194579757779     
           2          23  0.963082985536514     
           2          24  0.966259802298089     
           7          25  0.964258835463628     
           7          26  0.968960602784118     
           8          27  0.980857458810784     
           8          28  0.976073779667378     
           8          29  0.976360811062292     
          10          30  0.954070371870498     
          10          31  0.943109744406225     
          15          32  0.962223510808414     
          15          33  0.966271103765747     
          16          34  0.975772359572831     
          16          35  0.972716376085225     
          16          36  0.981836346814690     
          18          37  0.968482051401621     
          18          38  0.966553703535522     
          19          39  0.981640907016094     
          19          40  0.974582368563782     
          19          41  0.982699623963697     
