   -0.13477620
    0.08377733
   -0.25736580
    0.39230242
   -0.48735648
   -0.26945497
    0.07903527
   -0.11827420
   -0.15698484
    0.03552871
   -0.13180590
    0.38517837
   -0.45254885
   -0.26811633
    0.08253009
   -0.13238095
   -0.25827832
    0.07241228
   -0.13169630
    0.07108795
    0.08901141
    0.07803964
    0.06157644
    0.06949265
    0.08765849
    0.06548028
    0.08386128
    0.04481844
    0.06188522
    0.11154092
    0.10569365
    0.06660601
    0.07837584
    0.08552355
    0.07026934
    0.06539620
    0.09299352
    0.06385923
    0.08497721
    0.05508229
    0.07504511
