   -0.12105663
    0.07317161
   -0.27478325
    0.39018743
   -0.48929612
   -0.25720870
    0.07501870
   -0.13049115
   -0.10710351
    0.03578042
   -0.13598161
    0.35129020
   -0.46853286
   -0.25395228
    0.07431833
   -0.12651248
   -0.26374695
    0.07012706
   -0.12540531
    0.05318176
    0.08381163
    0.05953082
    0.07367379
    0.09264207
    0.09362522
    0.06177705
    0.08744861
    0.05496793
    0.07416367
    0.11919170
    0.07343533
    0.08936433
    0.07421160
    0.06367993
    0.09083866
    0.06836864
    0.07542108
    0.09563014
    0.05183501
    0.08513448
    0.06224368
