           1           2   1.01608242931146     
           2           3   1.00566233088864     
           3           4  0.991237640852722     
           4           5   1.01393425877647     
           5           6   1.01394566884382     
           2           7   1.00567431295958     
           6           7  0.991232675690826     
           1           8  0.972454230122014     
           1           9  0.981705967873909     
           1          10  0.981702611336204     
           3          11  0.972891716969818     
           3          12  0.970696558940684     
           4          13  0.964881941371825     
           4          14  0.974638021925313     
           5          15  0.953330254506454     
           6          16  0.964867642683940     
           6          17  0.974637816420066     
           7          18  0.972891396754665     
           7          19  0.970693531245700     
