           1           2  0.978579070817479     
           2           3  0.959662663450252     
           2           4  0.963320869380193     
           4           5  0.959584247694882     
           4           6  0.958333591174674     
           6           7  0.960170996068156     
           6           8  0.952253162177439     
           8           9  0.949920967618287     
           1          10  0.971055398694129     
           8          10  0.957399177372244     
           8          11   1.02520623184061     
           6          12  0.997827640408548     
           4          13  0.998015192554202     
           2          14   1.00641021194772     
           1          15  0.965505669790355     
           1          16  0.966117323815849     
          11          17  0.833164457461008     
          12          18  0.845778496453750     
          13          19  0.843730857078484     
          14          20  0.848203398916605     
