           1           2   1.01769889649428     
           2           3  0.881924638136089     
           3           4   1.32642450275896     
           4           5   1.51705994417158     
           4           6   1.32450820688034     
           6           7  0.877704139949191     
           7           8   1.02225758916537     
           4           9   1.01459443040247     
           5           9  0.133165230591339     
           9          10  0.973701332930116     
          10          11  0.996686701895163     
          11          12  0.965662167131102     
          11          13  0.132692656571934     
          12          13   1.53562719205498     
          12          14   1.36059314177584     
          14          15  0.859266136088985     
          15          16   1.02126086831971     
          12          17   1.33324473868825     
          17          18  0.880761746904708     
          18          19   1.01813078978944     
           1          20  0.983592610872297     
           1          21  0.981988903717737     
           1          22  0.975180695135468     
           2          23  0.971313595218484     
           2          24  0.967529967761295     
           7          25  0.967384092347321     
           7          26  0.966593638544763     
           8          27  0.976041548111771     
           8          28  0.975824309480071     
           8          29  0.981693509014818     
          10          30  0.958495046202238     
          10          31  0.948066814382116     
          15          32  0.963999125467586     
          15          33  0.968034710254615     
          16          34  0.983217483980183     
          16          35  0.980798884012685     
          16          36  0.973736763008000     
          18          37  0.969099511163086     
          18          38  0.970233903653488     
          19          39  0.981989290606202     
          19          40  0.983171549865709     
          19          41  0.975052971863482     
