           1           2   1.02390008468407     
           2           3  0.864394718172743     
           3           4   1.35868939375067     
           4           5   1.52506685963470     
           4           6   1.31722109406576     
           6           7  0.887497310528562     
           7           8   1.02165194946779     
           4           9  0.941990019909264     
           5           9  0.140499054647563     
           9          10  0.994138847839624     
          10          11  0.978150499992735     
          11          12  0.998563344598335     
          11          13  0.125796295461828     
          12          13   1.54968796089565     
          12          14   1.32999751363447     
          14          15  0.867897682924071     
          15          16   1.02210072541160     
          12          17   1.27367363942574     
          17          18  0.878230905526659     
          18          19   1.02209593845985     
           1          20  0.981955110571229     
           1          21  0.972699272971111     
           1          22  0.969102855462932     
           2          23  0.964471592200653     
           2          24  0.970156556211498     
           7          25  0.962794182463753     
           7          26  0.963317755976427     
           8          27  0.976890755293110     
           8          28  0.983014158516505     
           8          29  0.977383498152757     
          10          30  0.955102620585005     
          10          31  0.950879638705771     
          15          32  0.965989877543934     
          15          33  0.967114327448812     
          16          34  0.982687014957635     
          16          35  0.973542718138438     
          16          36  0.974894684849938     
          18          37  0.965625572883673     
          18          38  0.967078778981236     
          19          39  0.975133610178966     
          19          40  0.981185557228399     
          19          41  0.981874811513694     
