$coord
          2.670171939928          2.146683799867         -1.638253661731     c 
          2.352230253054          0.169494885702          0.440050055439     c 
          4.704633501069         -1.488753437175          0.629995298551     c 
          0.012947076373         -1.456238454011         -0.075857210304     c 
         -2.448825371672         -0.061168198346          0.267180737131     c 
         -2.641464057242          1.848556785112          1.529438975704     o 
         -4.667477801106         -1.232551737767         -1.059905120073     c 
          1.011162052580          3.357394053365         -1.732709555773     h 
          4.306809856115          3.329316043172         -1.259874054490     h 
          2.931460879479          1.237615893208         -3.463972768407     h 
          2.063396015354          1.152182347556          2.239172666641     h 
          4.519657034960         -2.848322255193          2.159544561873     h 
          6.363672446167         -0.332672196458          0.990909444408     h 
          4.998965663982         -2.513778841328         -1.127168133226     h 
         -0.033470211286         -3.032841531777          1.260409398167     h 
          0.092149910599         -2.255458915222         -1.973673170688     h 
         -4.653761740253         -3.270841774834         -0.825348241344     h 
         -6.424621073475         -0.437952276710         -0.355158700130     h 
         -4.510846580974         -0.818070314284         -3.068419222512     h 
$end
