           1           2   1.02218319762654     
           2           3  0.885502653325034     
           3           4   1.32621785516332     
           4           5   1.51469806888331     
           4           6   1.29237233954776     
           6           7  0.883926639660619     
           7           8   1.02217355480773     
           4           9   1.00989060385139     
           5           9  0.134001624851873     
           9          10  0.975664357294085     
          10          11  0.986899606007155     
          11          12  0.949889411519778     
          11          13  0.110037514649371     
          12          13   1.54714767543494     
          12          14   1.36260003851433     
          14          15  0.849687733000376     
          15          16   1.02067981993280     
          12          17   1.30679690921890     
          17          18  0.887992579387840     
          18          19   1.02080847643105     
           1          20  0.975820239551011     
           1          21  0.981166972880939     
           1          22  0.975588717553337     
           2          23  0.968037477812421     
           2          24  0.964866955970313     
           7          25  0.968308154716215     
           7          26  0.965257781410747     
           8          27  0.982022734850610     
           8          28  0.975263566079071     
           8          29  0.976390365497794     
          10          30  0.954196910200483     
          10          31  0.953599567275255     
          15          32  0.970718400458662     
          15          33  0.968426516922735     
          16          34  0.971143600183321     
          16          35  0.981586133660391     
          16          36  0.982798321626651     
          18          37  0.967343982046983     
          18          38  0.965477083717506     
          19          39  0.980255325204479     
          19          40  0.976384936274287     
          19          41  0.983050625220645     
