           1           2   1.01910513051672     
           2           3   1.00775537302108     
           3           4   1.00700766327864     
           4           5   1.00701990969589     
           5           6   1.00695938306883     
           6           7   1.00658239214426     
           7           8  0.983131300861241     
           8           9   1.70394549760727     
           8          10   1.15252742436032     
           9          10  0.167236718589117     
          10          11  0.938883690531619     
           1          12  0.987230916500670     
           1          13  0.987753710550793     
           1          14  0.987769080847986     
           2          15  0.978543940063377     
           2          16  0.978542767162043     
           3          17  0.977286304459870     
           3          18  0.977311392548120     
           4          19  0.977268098969795     
           4          20  0.977315435412969     
           5          21  0.976652050759728     
           5          22  0.976704446701197     
           6          23  0.976308393239758     
           6          24  0.976338012510669     
           7          25  0.946912502271220     
           7          26  0.945951942229591     
          11          27  0.976688678925569     
          11          28  0.976576489135770     
          11          29  0.976536305008311     
