   -0.12952997
    0.07400430
   -0.26709491
    0.36456325
   -0.46877438
   -0.26287539
    0.09266259
   -0.12482677
   -0.11052414
    0.03064418
   -0.10449153
    0.37310022
   -0.48098264
   -0.25915012
    0.08737546
   -0.12635055
   -0.26660518
    0.07923948
   -0.12921550
    0.07250925
    0.05354621
    0.08655102
    0.06460512
    0.09185172
    0.06587174
    0.05078194
    0.05998372
    0.07622670
    0.08496703
    0.12838265
    0.08640930
    0.05623624
    0.07381190
    0.07613649
    0.06033989
    0.08355260
    0.05437683
    0.08793808
    0.05978786
    0.08248828
    0.07247701
