           1           2   1.02136913285536     
           2           3  0.888243869314182     
           3           4   1.30557408049834     
           4           5   1.53154684632488     
           4           6   1.35824627330695     
           6           7  0.862051177672184     
           7           8   1.02342074452946     
           4           9  0.964969292730793     
           5           9  0.138865256033598     
           9          10  0.986052169376380     
          10          11  0.984385097536286     
          11          12  0.973847878028573     
          11          13  0.136999060992558     
          12          13   1.52354341493745     
          12          14   1.32868531580183     
          14          15  0.880033131707148     
          15          16   1.02387169248667     
          12          17   1.35853174457459     
          17          18  0.862389427332523     
          18          19   1.02082668733107     
           1          20  0.981053621752003     
           1          21  0.975979443220282     
           1          22  0.975975475485228     
           2          23  0.969418782709068     
           2          24  0.964306422005883     
           7          25  0.970068827843606     
           7          26  0.965623630022037     
           8          27  0.982151734428879     
           8          28  0.971062228300927     
           8          29  0.973345640564282     
          10          30  0.954472710405598     
          10          31  0.938819860501657     
          15          32  0.963392922669286     
          15          33  0.966994129604272     
          16          34  0.982249951121221     
          16          35  0.975166829381011     
          16          36  0.972824934907262     
          18          37  0.964084676980777     
          18          38  0.970917195939890     
          19          39  0.981738788461574     
          19          40  0.973383121466292     
          19          41  0.983743211998260     
