           1           2   1.01862712403041     
           2           3  0.880638715716249     
           3           4   1.33606893543541     
           4           5   1.51587075519903     
           4           6   1.36420129359620     
           6           7  0.855907868385740     
           7           8   1.02291988061341     
           4           9  0.961341182821316     
           5           9  0.137474022339603     
           9          10  0.989394945447818     
          10          11  0.978370928808564     
          11          12  0.997000270811500     
          11          13  0.127057569088293     
          12          13   1.54243001899668     
          12          14   1.27311869512533     
          14          15  0.886041911897254     
          15          16   1.02217967528689     
          12          17   1.33677954888198     
          17          18  0.865320021729866     
          18          19   1.02156890924089     
           1          20  0.983559143274098     
           1          21  0.981731752375918     
           1          22  0.975098846476645     
           2          23  0.970524647584324     
           2          24  0.967119025003513     
           7          25  0.970593593136257     
           7          26  0.965359452224201     
           8          27  0.976019083409185     
           8          28  0.973613330644913     
           8          29  0.982804519528011     
          10          30  0.944510303517147     
          10          31  0.954971992403705     
          15          32  0.964719828216871     
          15          33  0.966736299529197     
          16          34  0.977218856240558     
          16          35  0.983031048122158     
          16          36  0.976782787660551     
          18          37  0.967193445979635     
          18          38  0.966131163427108     
          19          39  0.974101781567822     
          19          40  0.981992254166406     
          19          41  0.977910889551781     
