   -0.12999533
    0.07543094
   -0.26083489
    0.35698211
   -0.45021567
   -0.26490040
    0.08864454
   -0.13034780
   -0.14415605
    0.04024632
   -0.12023731
    0.36625126
   -0.47858571
   -0.25995109
    0.07510335
   -0.13353217
   -0.26125610
    0.06772722
   -0.12485488
    0.07642545
    0.05333650
    0.08585438
    0.06051437
    0.09212168
    0.07454873
    0.06855057
    0.06568017
    0.08841389
    0.06723520
    0.11804695
    0.06909623
    0.08271958
    0.07330143
    0.09254205
    0.06902686
    0.06968529
    0.07915582
    0.10018601
    0.06202136
    0.05300429
    0.08701485
