   -0.13427608
    0.08160762
   -0.25144385
    0.37817270
   -0.47379794
   -0.25561960
    0.07859702
   -0.12759395
   -0.13526266
    0.03777609
   -0.14495803
    0.38401600
   -0.46507148
   -0.26898219
    0.07260448
   -0.12539024
   -0.25666987
    0.08173462
   -0.12792882
    0.07153137
    0.07799067
    0.08400670
    0.06342477
    0.06022989
    0.06177601
    0.09011282
    0.08421213
    0.07570589
    0.05481175
    0.10101156
    0.10050483
    0.07401019
    0.09444093
    0.08590076
    0.06625515
    0.05376258
    0.07852108
    0.05877625
    0.05811780
    0.07465483
    0.08272821
