   -0.12924296
    0.08604347
   -0.26190098
    0.37328279
   -0.43456576
   -0.26162209
    0.08163747
   -0.13518954
   -0.16565019
    0.03947485
   -0.13918957
    0.37644715
   -0.46395247
   -0.26368722
    0.08281348
   -0.12680782
   -0.25616274
    0.07353565
   -0.12943025
    0.05982114
    0.07376671
    0.08304434
    0.07387902
    0.05836079
    0.06537040
    0.07380985
    0.07234832
    0.08984305
    0.07532638
    0.09988695
    0.10311722
    0.08357791
    0.06230972
    0.07237026
    0.08476571
    0.05397635
    0.09419300
    0.06541500
    0.05360162
    0.06981600
    0.08556698
