           1           2   1.01811309616072     
           2           3  0.908755118135466     
           3           4   1.20584419080315     
           3           5  0.177415626939604     
           4           5   1.67113537956969     
           4           6  0.968978875392781     
           6           7  0.974280093181371     
           7           8  0.918386172328583     
           7           9  0.957746988772834     
           9          10   1.62236116499187     
           9          11   1.24841876473506     
          10          11  0.167767019130821     
          11          12  0.889954724835422     
          12          13   1.01746529601527     
           7          14  0.970144745188540     
          10          15  0.165656309938493     
          14          15  0.971310380558803     
          14          16  0.142130521019455     
          15          16   1.45239612653036     
          15          17   1.29879090296554     
          17          18  0.911678362172251     
          15          19   1.27444217347393     
          19          20  0.919032401396677     
           1          21  0.983039178545316     
           1          22  0.982337811859648     
           1          23  0.978870964210094     
           2          24  0.963775853707820     
           2          25  0.969311893576177     
           6          26  0.946641810357729     
           6          27  0.954408178334785     
          12          28  0.962555609879459     
          12          29  0.969607236818206     
          13          30  0.982684514254381     
          13          31  0.981201450442025     
          13          32  0.976136929171539     
          18          33  0.973546925138485     
          18          34  0.978401040812421     
          18          35  0.972991296582357     
          20          36  0.977624680304699     
          20          37  0.978350025685708     
          20          38  0.974222435166762     
