           1           2   1.01824330142046     
           2           3  0.884104786483889     
           3           4   1.32710542921587     
           4           5   1.50307552973724     
           4           6   1.32563165589753     
           6           7  0.868278716942115     
           7           8   1.02374117419037     
           4           9   1.01273425043713     
           5           9  0.141186590221691     
           9          10  0.978876134787106     
          10          11  0.992871099150507     
          11          12  0.964630014566776     
          11          13  0.135699202236895     
          12          13   1.52831733380099     
          12          14   1.35410255307128     
          14          15  0.863536865198500     
          15          16   1.02083568564108     
          12          17   1.33039366226700     
          17          18  0.882095904640323     
          18          19   1.02389452300923     
           1          20  0.975521342817559     
           1          21  0.984004640560413     
           1          22  0.982204783757438     
           2          23  0.971629275203796     
           2          24  0.964476950144725     
           7          25  0.965831738035831     
           7          26  0.969926656173296     
           8          27  0.975517776538751     
           8          28  0.974622983535750     
           8          29  0.982895369267103     
          10          30  0.957172607362224     
          10          31  0.945611255998828     
          15          32  0.963558106291338     
          15          33  0.967937141698675     
          16          34  0.980911051581217     
          16          35  0.974351112373738     
          16          36  0.983556444455963     
          18          37  0.966382988418732     
          18          38  0.962765386872189     
          19          39  0.974316755142967     
          19          40  0.975483858186294     
          19          41  0.982318017323299     
