           1           2   1.02220213526673     
           2           3  0.886019843246275     
           3           4   1.31813827112728     
           4           5   1.53661144895245     
           4           6   1.35819609515786     
           6           7  0.866375668354339     
           7           8   1.02099964000101     
           4           9  0.932537260533662     
           5           9  0.140815914264140     
           9          10  0.987626650161690     
          10          11  0.990833762908250     
          11          12  0.944529534879377     
          11          13  0.134086610182084     
          12          13   1.54464775211878     
          12          14   1.35047867553432     
          14          15  0.863936405105285     
          15          16   1.02092183795212     
          12          17   1.32836841857768     
          17          18  0.886305753953467     
          18          19   1.02267536572657     
           1          20  0.975747781328409     
           1          21  0.975152609700649     
           1          22  0.982113958207102     
           2          23  0.962261460598035     
           2          24  0.964754879611317     
           7          25  0.967302625353325     
           7          26  0.964528470453851     
           8          27  0.982729272165855     
           8          28  0.974558552494883     
           8          29  0.980258816334775     
          10          30  0.942166428598457     
          10          31  0.953449653407981     
          15          32  0.963227475139773     
          15          33  0.967167860792751     
          16          34  0.980703124072447     
          16          35  0.974032470354879     
          16          36  0.983192356389749     
          18          37  0.964027201458590     
          18          38  0.969276924570977     
          19          39  0.976049246410059     
          19          40  0.980488282732030     
          19          41  0.975823277353761     
