   -0.13100183
    0.08025576
   -0.27095242
    0.37724176
   -0.45005704
   -0.26824042
    0.07604596
   -0.12455468
   -0.16310778
    0.03695316
   -0.15404138
    0.36470520
   -0.44615795
   -0.26077488
    0.08751310
   -0.12966310
   -0.25429809
    0.07003963
   -0.12799360
    0.08620242
    0.07156116
    0.06889261
    0.06832752
    0.06836461
    0.06560557
    0.09200705
    0.06910457
    0.05334737
    0.08348837
    0.11500411
    0.10649569
    0.06197931
    0.07468750
    0.06802112
    0.06644792
    0.08429463
    0.07500240
    0.09723877
    0.06626609
    0.05785548
    0.08789431
