   -0.13359240
    0.08367181
   -0.26473351
    0.36685204
   -0.46553850
   -0.26138079
    0.08598419
   -0.12255385
   -0.12939160
    0.03142721
   -0.13263982
    0.37759144
   -0.47465549
   -0.25816349
    0.08058094
   -0.13277782
   -0.26389387
    0.07482350
   -0.12743101
    0.07422017
    0.08602626
    0.07042675
    0.06481230
    0.06233725
    0.07887856
    0.05802405
    0.05984669
    0.06482711
    0.08688129
    0.11702268
    0.11203191
    0.06139437
    0.07690888
    0.06318807
    0.08734042
    0.07636913
    0.09243143
    0.06382205
    0.07162379
    0.08752212
    0.04988574
