           1           2   1.01431913938229     
           2           3  0.903393318518492     
           3           4   1.20741779809989     
           3           5  0.174160172303698     
           4           5   1.66967494780114     
           4           6  0.973303706941013     
           6           7  0.989413754076387     
           7           8  0.950685642381385     
           7           9  0.949673537246782     
           9          10   1.58137424578699     
           9          11   1.23983296494750     
          10          11  0.152077109123780     
          11          12  0.892872077773527     
          12          13   1.01210289260758     
           7          14  0.957901222832010     
          10          15  0.211208846492213     
          14          15  0.968406271610691     
          14          16  0.125566845794849     
          15          16   1.47290691729473     
          15          17   1.25052031158240     
          17          18  0.917906069901908     
          15          19   1.28150534946777     
          19          20  0.917550729194279     
           1          21  0.983544167832835     
           1          22  0.977991479024828     
           1          23  0.985787409827813     
           2          24  0.966404424478786     
           2          25  0.969600778083958     
           6          26  0.932187249076966     
           6          27  0.951061004227881     
          12          28  0.963800749531314     
          12          29  0.970711029162366     
          13          30  0.977356217876277     
          13          31  0.983154093776804     
          13          32  0.983406115962553     
          18          33  0.979535416621477     
          18          34  0.974877462422163     
          18          35  0.972031327823643     
          20          36  0.970016197413414     
          20          37  0.973168998624894     
          20          38  0.979153496710235     
