$coord
          5.724706805617         -1.931149651820         -0.235369725260     c 
          3.147797861155         -0.970589436515          0.618892561067     c 
          2.567475225220          1.644220980320         -0.452957969698     c 
         -0.034520453317          2.606603746351          0.377843982374     c 
         -2.122009574826          1.007498358112         -0.659604678213     c 
         -3.809943848116         -0.216806927607          0.717964375869     c 
         -5.887695333507         -1.816299156732         -0.323053505360     c 
          5.797671934731         -2.067908118539         -2.284830897495     h 
          7.210593864332         -0.650872635759          0.379999033027     h 
          6.100768757146         -3.790629894981          0.553052606796     h 
          3.094878451315         -0.884584326432          2.680799129010     h 
          1.680110935417         -2.289290525825          0.012958403012     h 
          4.014550645468          2.975173048819          0.176060091849     h 
          2.637093709015          1.566370829502         -2.514960778738     h 
         -0.270710003298          4.543017332793         -0.306418474407     h 
         -0.134887185062          2.638293946720          2.438541529732     h 
         -2.186208799297          0.875695779709         -2.701391146135     h 
         -3.740070291947         -0.087879025263          2.759490729250     h 
         -7.716880099685         -1.081111699887          0.269900198848     h 
         -5.728450181892         -3.740312659127          0.391620912055     h 
         -5.822626935632         -1.860802018968         -2.375767218531     h 
$end
