           1           2   1.01368779368314     
           2           3  0.909303182955461     
           3           4   1.19375516171357     
           3           5  0.178715166444845     
           4           5   1.70003558617393     
           4           6  0.965643862233711     
           6           7  0.990519692588471     
           7           8  0.930724666344255     
           7           9  0.957678977034172     
           9          10   1.65621771375192     
           9          11   1.22987731177002     
          10          11  0.170378292852350     
          11          12  0.892716472759123     
          12          13   1.01436568701187     
           7          14  0.957381401181758     
          10          15  0.109525187384065     
          14          15  0.956255018124723     
          14          16  0.128993282692239     
          15          16   1.52276638808993     
          15          17   1.29269694329294     
          17          18  0.899844619952559     
          15          19   1.31198920250891     
          19          20  0.908289869095275     
           1          21  0.985576798052607     
           1          22  0.978935158642522     
           1          23  0.983790652047598     
           2          24  0.970047913471303     
           2          25  0.967483851758687     
           6          26  0.930309049859089     
           6          27  0.961233346738023     
          12          28  0.968945294355805     
          12          29  0.965107883364595     
          13          30  0.983758546571455     
          13          31  0.984624697926271     
          13          32  0.976709521559406     
          18          33  0.978001795925803     
          18          34  0.970194006291777     
          18          35  0.972646545820448     
          20          36  0.970549700200951     
          20          37  0.977034992101943     
          20          38  0.976695236760676     
