$coord
         -5.190638046881          0.002662336246          1.387674983615     c 
         -3.725891312488         -0.003275295503         -1.106179921639     c 
         -0.929706325816         -0.001705956148         -0.615224670652     c 
          0.382184095930         -2.258926129970         -0.339343988629     c 
          2.942952057690         -2.260945352603          0.189656790430     c 
          4.229819483362          0.001774558302          0.454914783375     c 
          2.940467696401          2.262799376526          0.187330825213     c 
          0.379750171615          2.257330393033         -0.341575495326     c 
         -4.716320103589          1.671259040496          2.489872499245     h 
         -4.715778117714         -1.660240475186          2.497983221917     h 
         -7.213648431340          0.001384460474          1.030997918920     h 
         -4.243000315244          1.666062730473         -2.201846222946     h 
         -4.242758792583         -1.678236373574         -2.193212535437     h 
         -0.612606192299         -4.030641239195         -0.547008654907     h 
          3.937817270342         -4.031572505024          0.394495418983     h 
          6.228445508977          0.003218515852          0.866583813144     h 
          3.933258307245          4.034583644996          0.390598755132     h 
         -0.617113821369          4.027591258740         -0.550698029428     h 
$end
