           1           2  0.984275215859023     
           2           3  0.956962981018003     
           2           4  0.952603760708872     
           4           5  0.958419055973809     
           4           6  0.968666762817369     
           6           7  0.957065036288973     
           6           8  0.959620738942052     
           8           9  0.950173872857137     
           1          10  0.954513948569805     
           8          10  0.998944049901383     
           8          11  0.974126801006510     
           6          12   1.00049442058826     
           4          13  0.996252510387286     
           2          14   1.00717563681682     
           1          15  0.967713319730613     
           1          16  0.966432692699000     
          11          17  0.837092189809290     
          12          18  0.842448516135731     
          13          19  0.847439278489778     
          14          20  0.837990418174873     
