   -0.11804252
    0.07324811
   -0.25675176
    0.35243304
   -0.46822322
   -0.25043363
    0.07377323
   -0.13179599
   -0.16025122
    0.03351763
   -0.15452689
    0.35249304
   -0.43779823
   -0.24298302
    0.09101403
   -0.13011357
   -0.25966069
    0.07318491
   -0.13112595
    0.04753420
    0.06294411
    0.08280989
    0.09639164
    0.07439972
    0.08936122
    0.07193451
    0.06891719
    0.08737813
    0.06363185
    0.12434239
    0.10002679
    0.06360979
    0.05291477
    0.08262351
    0.06904739
    0.07584176
    0.09105403
    0.06869635
    0.06952747
    0.08599127
    0.06306473
