           1           2   1.02279326346333     
           2           3  0.875091753665323     
           3           4   1.32913711884257     
           4           5   1.51742011598165     
           4           6   1.32817903967363     
           6           7  0.882824941284911     
           7           8   1.01803026232574     
           4           9  0.983916695250544     
           5           9  0.133300773110304     
           9          10  0.986270891438160     
          10          11  0.986125025464507     
          11          12  0.983913517323296     
          11          13  0.133261195842731     
          12          13   1.51740317452941     
          12          14   1.32924944421718     
          14          15  0.875035741054921     
          15          16   1.02280421834104     
          12          17   1.32823280197590     
          17          18  0.882795422479713     
          18          19   1.01802997125340     
           1          20  0.975828516359943     
           1          21  0.982115517033212     
           1          22  0.975468062733098     
           2          23  0.965835532956431     
           2          24  0.966651261970874     
           7          25  0.966574586511510     
           7          26  0.971488649855745     
           8          27  0.983316247285220     
           8          28  0.975451849617695     
           8          29  0.982068219897324     
          10          30  0.954098617720994     
          10          31  0.954134892045419     
          15          32  0.965843277980327     
          15          33  0.966629147822306     
          16          34  0.982121451056554     
          16          35  0.975466666751434     
          16          36  0.975795534863324     
          18          37  0.966529865615993     
          18          38  0.971521320409926     
          19          39  0.982050059480802     
          19          40  0.983337374080701     
          19          41  0.975451432184520     
