           1           2   1.02251245355280     
           2           3  0.886522960148186     
           3           4   1.32794577155630     
           4           5   1.51509392311276     
           4           6   1.31612039297256     
           6           7  0.880473325462571     
           7           8   1.02261074542464     
           4           9  0.974540059009159     
           5           9  0.132225518774513     
           9          10  0.987326249569575     
          10          11  0.984766328345185     
          11          12  0.981198218385791     
          11          13  0.126324228050174     
          12          13   1.52242513173850     
          12          14   1.31068065836514     
          14          15  0.878971851188029     
          15          16   1.02247581799832     
          12          17   1.31829912733712     
          17          18  0.877280664815846     
          18          19   1.01971446345993     
           1          20  0.981299397980308     
           1          21  0.975529108642656     
           1          22  0.975893664765749     
           2          23  0.968003422609032     
           2          24  0.964023781681201     
           7          25  0.967375492778808     
           7          26  0.965986600356789     
           8          27  0.975703479480909     
           8          28  0.976064590526371     
           8          29  0.981946975825429     
          10          30  0.954663892222207     
          10          31  0.954018849020977     
          15          32  0.965319368254919     
          15          33  0.968851400180893     
          16          34  0.973884503833731     
          16          35  0.981824152647989     
          16          36  0.975939329701683     
          18          37  0.969937703722922     
          18          38  0.965092408991701     
          19          39  0.982172159642541     
          19          40  0.974740754921355     
          19          41  0.976837326503356     
