           1           2   1.02347901751046     
           2           3  0.878019839859857     
           3           4   1.30632453655208     
           4           5   1.54050512306269     
           4           6   1.30290969685241     
           6           7  0.892086561894863     
           7           8   1.02215108876069     
           4           9  0.987318953455163     
           9          10  0.978335749070782     
          10          11  0.988902036829626     
          11          12  0.998599163178225     
          11          13  0.135217012261760     
          12          13   1.50360949024431     
          12          14   1.31347455636922     
          14          15  0.877798745067625     
          15          16   1.02214128432379     
          12          17   1.32183505428209     
          17          18  0.887749859951533     
          18          19   1.02232648267493     
           1          20  0.981793686092520     
           1          21  0.975665088289214     
           1          22  0.976154220336592     
           2          23  0.965087112521511     
           2          24  0.968070949083806     
           7          25  0.963467848353116     
           7          26  0.967448041828895     
           8          27  0.977067478999469     
           8          28  0.974148559558500     
           8          29  0.978869960350594     
          10          30  0.955984685549065     
          10          31  0.950967047968002     
          15          32  0.969523569723269     
          15          33  0.965890697759618     
          16          34  0.975799492895911     
          16          35  0.983201416166976     
          16          36  0.981079096359230     
          18          37  0.964763810861769     
          18          38  0.967506923019818     
          19          39  0.975124492440024     
          19          40  0.981492678816308     
          19          41  0.976088526867731     
