           1           2   1.01740681201453     
           2           3  0.889163959798120     
           3           4   1.30551670958947     
           4           5   1.52580629344577     
           4           6   1.38093979489300     
           6           7  0.856822481736454     
           7           8   1.02439860678402     
           4           9  0.973379681256883     
           5           9  0.138132766741212     
           9          10  0.983897946599522     
          10          11  0.985959275887114     
          11          12  0.976582794543033     
          11          13  0.135514441560206     
          12          13   1.50518892508698     
          12          14   1.33505636627103     
          14          15  0.880375036818603     
          15          16   1.02375004398223     
          12          17   1.36525423566252     
          17          18  0.861155358720412     
          18          19   1.02334327667125     
           1          20  0.983891009440798     
           1          21  0.982289817545031     
           1          22  0.975999120244396     
           2          23  0.969121365285672     
           2          24  0.966849838889417     
           7          25  0.964520401696651     
           7          26  0.966761988340481     
           8          27  0.972963372701163     
           8          28  0.970003852182957     
           8          29  0.980726693507038     
          10          30  0.953533762711717     
          10          31  0.938544130503798     
          15          32  0.963409324435763     
          15          33  0.967112798118551     
          16          34  0.982353404664251     
          16          35  0.975298773262831     
          16          36  0.973360636926251     
          18          37  0.965515629472760     
          18          38  0.968960954978170     
          19          39  0.976182825840424     
          19          40  0.981731360291279     
          19          41  0.973960294323239     
