           1           2   1.02187357822757     
           2           3  0.890876576021016     
           3           4   1.31372044841953     
           4           5   1.54974264964091     
           4           6   1.34266428093065     
           6           7  0.866778814832162     
           7           8   1.02404046549066     
           4           9  0.942320184515963     
           5           9  0.135275569448864     
           9          10  0.985546941899556     
          10          11  0.989657320113596     
          11          12  0.943103098728511     
          11          13  0.138238957586887     
          12          13   1.53939971505549     
          12          14   1.32329051951429     
          14          15  0.886982843036350     
          15          16   1.02279027284615     
          12          17   1.32674220769401     
          17          18  0.865942453461978     
          18          19   1.02411381735712     
           1          20  0.981811431216755     
           1          21  0.975912477164850     
           1          22  0.976555967546781     
           2          23  0.968007270084982     
           2          24  0.964192305258943     
           7          25  0.964031086863834     
           7          26  0.966133832668209     
           8          27  0.974605813653895     
           8          28  0.976525182414390     
           8          29  0.981576481732496     
          10          30  0.954399011777129     
          10          31  0.955457117214655     
          15          32  0.968565385987141     
          15          33  0.964178404516603     
          16          34  0.981520279833313     
          16          35  0.975363459582032     
          16          36  0.975857777550549     
          18          37  0.969835000371849     
          18          38  0.964344652600403     
          19          39  0.974945388597870     
          19          40  0.974257711958844     
          19          41  0.981551225928347     
