           1           2   1.01957197630157     
           2           3  0.872254364484437     
           3           4   1.33533562404635     
           4           5   1.50309194007784     
           4           6   1.32103431465824     
           6           7  0.889396502907474     
           7           8   1.02238083519610     
           4           9  0.999855653137074     
           5           9  0.133839768983767     
           9          10  0.990992717575245     
          10          11  0.979111914406725     
          11          12  0.950346980732831     
          11          13  0.143457937634913     
          12          13   1.54298355179832     
          12          14   1.35192742002083     
          14          15  0.864172438420459     
          15          16   1.02141068242162     
          12          17   1.32928803318189     
          17          18  0.886634868538723     
          18          19   1.02151408194016     
           1          20  0.974555091706829     
           1          21  0.981665782204370     
           1          22  0.982391649306340     
           2          23  0.962428017589206     
           2          24  0.970341092020914     
           7          25  0.964599992704069     
           7          26  0.967961162371099     
           8          27  0.981327843187106     
           8          28  0.976364006742773     
           8          29  0.975313277150268     
          10          30  0.945824363220435     
          10          31  0.961683232146713     
          15          32  0.966558562838695     
          15          33  0.967587283545524     
          16          34  0.974234352402923     
          16          35  0.981484359335558     
          16          36  0.982531894324984     
          18          37  0.965073309770518     
          18          38  0.964142781099133     
          19          39  0.976870775303793     
          19          40  0.983089083993637     
          19          41  0.979934424897374     
