   -0.12688438
    0.07014429
   -0.27438797
    0.37275935
   -0.45599376
   -0.26630105
    0.09064089
   -0.12186555
   -0.13178552
    0.03551241
   -0.10835473
    0.39028500
   -0.49260310
   -0.26519896
    0.07402094
   -0.12102797
   -0.25928690
    0.07430738
   -0.13051189
    0.06741140
    0.05901927
    0.08751456
    0.07089079
    0.09663193
    0.05185082
    0.08058568
    0.05212309
    0.07933446
    0.06939348
    0.11875470
    0.07700459
    0.06977166
    0.09634176
    0.06177470
    0.05125698
    0.08535657
    0.09353661
    0.06506144
    0.07297616
    0.08613324
    0.05380762
