           1           2   1.02163263656983     
           2           3  0.861272892516358     
           3           4   1.36277259654760     
           4           5   1.55621224730308     
           4           6   1.31427439650517     
           6           7  0.887406727858344     
           7           8   1.01691882497683     
           4           9  0.928248623994217     
           5           9  0.133397898586064     
           9          10  0.988542568800364     
          10          11  0.987084247172606     
          11          12  0.963532361681717     
          11          13  0.140031113368286     
          12          13   1.50861742667194     
          12          14   1.33224703878746     
          14          15  0.883333589382274     
          15          16   1.02263202646618     
          12          17   1.33126758173936     
          17          18  0.875058439508196     
          18          19   1.01921238183144     
           1          20  0.973758800742544     
           1          21  0.982248706584172     
           1          22  0.978271043219605     
           2          23  0.960737152726160     
           2          24  0.965707265266401     
           7          25  0.965348841771164     
           7          26  0.967068110561052     
           8          27  0.983835498837509     
           8          28  0.975833352157625     
           8          29  0.982211523303677     
          10          30  0.953604133873239     
          10          31  0.955139592625173     
          15          32  0.962924008132669     
          15          33  0.967763807197483     
          16          34  0.974276270015119     
          16          35  0.981787696357564     
          16          36  0.975921953323567     
          18          37  0.971894322079282     
          18          38  0.963817551224364     
          19          39  0.976486422068169     
          19          40  0.982122111282594     
          19          41  0.974406525159043     
