           1           2   1.03134080741430     
           2           3   1.40510553725802     
           3           4   1.44274969796577     
           4           5   1.41175200022529     
           3           6  0.107588307576927     
           5           6   1.41146860841979     
           2           7   1.40478590626861     
           4           7  0.107653656973365     
           6           7   1.44310916547578     
           5           8  0.948158914629699     
           1           9  0.979275338007568     
           1          10  0.978941604734929     
           1          11  0.960225651716665     
           3          12  0.965400800024754     
           4          13  0.967446001260575     
           6          14  0.967443971613890     
           7          15  0.965421194032076     
