   1478
         14          1         14
         12         15         26
         11         27         37
         10         38         47
         10         48         57
          1         58         58
         21         59         79
          1         80         80
         13         81         93
          5         94         98
          1         99         99
          2        100        101
         10        102        111
          7        112        118
          1        119        119
          7        120        126
          9        127        135
         17        136        152
         17        153        169
          7        170        176
          6        177        182
          2        183        184
          5        185        189
          8        190        197
          3        198        200
          1        201        201
         11        202        212
          4        213        216
         10        217        226
          9        227        235
         10        236        245
          1        246        246
          1        247        247
          7        248        254
          5        255        259
          4        260        263
          2        264        265
          6        266        271
          2        272        273
          1        274        274
          6        275        280
          4        281        284
          7        285        291
          4        292        295
          6        296        301
          1        302        302
          3        303        305
          2        306        307
          2        308        309
          5        310        314
          2        315        316
          5        317        321
          1        322        322
          4        323        326
          4        327        330
          2        331        332
          1        333        333
          5        334        338
          1        339        339
          1        340        340
          1        341        341
          8        342        349
          4        350        353
          8        354        361
          8        362        369
          8        370        377
          3        378        380
          5        381        385
          1        386        386
          2        387        388
          1        389        389
          2        390        391
         11        392        402
          5        403        407
          6        408        413
          1        414        414
          2        415        416
          3        417        419
          1        420        420
         11        421        431
          4        432        435
          4        436        439
         14        440        453
          7        454        460
          1        461        461
          3        462        464
          1        465        465
          1        466        466
          5        467        471
          5        472        476
          1        477        477
         12        478        489
          9        490        498
          5        499        503
          3        504        506
          3        507        509
         12        510        521
          3        522        524
          5        525        529
          6        530        535
          4        536        539
          2        540        541
          7        542        548
          2        549        550
          1        551        551
          8        552        559
          1        560        560
          7        561        567
          1        568        568
          2        569        570
          9        571        579
          2        580        581
          1        582        582
          2        583        584
          1        585        585
          3        586        588
          4        589        592
         13        593        605
          3        606        608
          1        609        609
          1        610        610
         11        611        621
          2        622        623
          1        624        624
          1        625        625
          2        626        627
          3        628        630
          9        631        639
          7        640        646
          5        647        651
          2        652        653
          1        654        654
          1        655        655
          4        656        659
          1        660        660
          1        661        661
          8        662        669
          4        670        673
          7        674        680
          2        681        682
          1        683        683
          1        684        684
          2        685        686
          2        687        688
          3        689        691
          4        692        695
          2        696        697
          5        698        702
          5        703        707
          1        708        708
          3        709        711
          3        712        714
          6        715        720
          2        721        722
          5        723        727
          4        728        731
          2        732        733
          3        734        736
          1        737        737
          3        738        740
          1        741        741
          3        742        744
          1        745        745
          3        746        748
          1        749        749
          3        750        752
          4        753        756
          1        757        757
          4        758        761
          1        762        762
          7        763        769
          1        770        770
          2        771        772
          3        773        775
          2        776        777
          6        778        783
          1        784        784
          1        785        785
          3        786        788
          1        789        789
          1        790        790
          1        791        791
          2        792        793
          4        794        797
          1        798        798
          1        799        799
          1        800        800
          5        801        805
          1        806        806
          2        807        808
          2        809        810
          4        811        814
          1        815        815
          2        816        817
          2        818        819
          4        820        823
          1        824        824
          3        825        827
          1        828        828
          3        829        831
          1        832        832
          2        833        834
          5        835        839
          5        840        844
          4        845        848
          2        849        850
          2        851        852
          3        853        855
          5        856        860
          2        861        862
          2        863        864
          1        865        865
          1        866        866
          1        867        867
          1        868        868
          2        869        870
          1        871        871
          1        872        872
          1        873        873
          1        874        874
          1        875        875
          2        876        877
          5        878        882
          4        883        886
          4        887        890
          3        891        893
          6        894        899
          1        900        900
          7        901        907
          6        908        913
          2        914        915
          5        916        920
          3        921        923
          5        924        928
          1        929        929
          3        930        932
          8        933        940
         12        941        952
          1        953        953
          2        954        955
          1        956        956
          1        957        957
          3        958        960
          2        961        962
          3        963        965
          7        966        972
          2        973        974
          4        975        978
          3        979        981
          2        982        983
          2        984        985
         13        986        998
          1        999        999
          1       1000       1000
          1       1001       1001
          1       1002       1002
          9       1003       1011
          6       1012       1017
          2       1018       1019
          3       1020       1022
          1       1023       1023
          2       1024       1025
          2       1026       1027
          1       1028       1028
          1       1029       1029
          1       1030       1030
          1       1031       1031
          2       1032       1033
          1       1034       1034
          2       1035       1036
          2       1037       1038
          2       1039       1040
          4       1041       1044
          2       1045       1046
          1       1047       1047
          1       1048       1048
          5       1049       1053
          5       1054       1058
          2       1059       1060
          1       1061       1061
          3       1062       1064
          7       1065       1071
          5       1072       1076
          6       1077       1082
          1       1083       1083
          8       1084       1091
          1       1092       1092
          1       1093       1093
          1       1094       1094
          1       1095       1095
          1       1096       1096
          1       1097       1097
          1       1098       1098
          3       1099       1101
          1       1102       1102
          1       1103       1103
          1       1104       1104
          2       1105       1106
          7       1107       1113
          1       1114       1114
          6       1115       1120
          4       1121       1124
          2       1125       1126
          3       1127       1129
          3       1130       1132
          1       1133       1133
          5       1134       1138
          1       1139       1139
          2       1140       1141
          3       1142       1144
          5       1145       1149
          1       1150       1150
          4       1151       1154
          4       1155       1158
          4       1159       1162
          1       1163       1163
          3       1164       1166
          4       1167       1170
          2       1171       1172
          1       1173       1173
          1       1174       1174
          1       1175       1175
          3       1176       1178
          4       1179       1182
          2       1183       1184
          1       1185       1185
          1       1186       1186
          4       1187       1190
          5       1191       1195
          1       1196       1196
          3       1197       1199
          1       1200       1200
          1       1201       1201
          1       1202       1202
          2       1203       1204
          2       1205       1206
          1       1207       1207
          7       1208       1214
          6       1215       1220
          6       1221       1226
          4       1227       1230
          1       1231       1231
          8       1232       1239
          1       1240       1240
          1       1241       1241
          1       1242       1242
          3       1243       1245
          1       1246       1246
          4       1247       1250
          1       1251       1251
          4       1252       1255
          1       1256       1256
          1       1257       1257
          1       1258       1258
          3       1259       1261
          1       1262       1262
          2       1263       1264
          1       1265       1265
          2       1266       1267
          5       1268       1272
          9       1273       1281
          2       1282       1283
          6       1284       1289
          1       1290       1290
          1       1291       1291
          1       1292       1292
          1       1293       1293
          3       1294       1296
          3       1297       1299
          1       1300       1300
          1       1301       1301
          2       1302       1303
          1       1304       1304
          4       1305       1308
          1       1309       1309
          2       1310       1311
          4       1312       1315
          3       1316       1318
          4       1319       1322
          2       1323       1324
          6       1325       1330
          9       1331       1339
          1       1340       1340
          1       1341       1341
          1       1342       1342
          1       1343       1343
          2       1344       1345
          4       1346       1349
          1       1350       1350
          1       1351       1351
          1       1352       1352
          1       1353       1353
          2       1354       1355
          2       1356       1357
          1       1358       1358
          4       1359       1362
          2       1363       1364
          1       1365       1365
          2       1366       1367
          2       1368       1369
          4       1370       1373
          3       1374       1376
          4       1377       1380
          1       1381       1381
          3       1382       1384
          2       1385       1386
          1       1387       1387
          2       1388       1389
          2       1390       1391
          2       1392       1393
          4       1394       1397
          2       1398       1399
          5       1400       1404
          1       1405       1405
          1       1406       1406
          2       1407       1408
          1       1409       1409
          5       1410       1414
          1       1415       1415
          1       1416       1416
          2       1417       1418
          2       1419       1420
          3       1421       1423
          6       1424       1429
          4       1430       1433
          3       1434       1436
          4       1437       1440
          1       1441       1441
          1       1442       1442
          1       1443       1443
          1       1444       1444
          1       1445       1445
          1       1446       1446
          4       1447       1450
          1       1451       1451
          1       1452       1452
          1       1453       1453
          4       1454       1457
         15       1458       1472
          1       1473       1473
          2       1474       1475
          1       1476       1476
          1       1477       1477
          1       1478       1478
          1       1479       1479
          1       1480       1480
          1       1481       1481
          2       1482       1483
          3       1484       1486
          4       1487       1490
          3       1491       1493
          1       1494       1494
          2       1495       1496
          6       1497       1502
          1       1503       1503
          6       1504       1509
          2       1510       1511
          1       1512       1512
          1       1513       1513
          1       1514       1514
          1       1515       1515
          1       1516       1516
          1       1517       1517
          1       1518       1518
          1       1519       1519
          1       1520       1520
          1       1521       1521
          1       1522       1522
          1       1523       1523
          1       1524       1524
          1       1525       1525
          1       1526       1526
          2       1527       1528
          3       1529       1531
          1       1532       1532
          1       1533       1533
          2       1534       1535
          1       1536       1536
          2       1537       1538
          1       1539       1539
          1       1540       1540
          3       1541       1543
          2       1544       1545
          1       1546       1546
          2       1547       1548
          1       1549       1549
          1       1550       1550
          1       1551       1551
          1       1552       1552
          1       1553       1553
          1       1554       1554
          1       1555       1555
          5       1556       1560
          1       1561       1561
          2       1562       1563
          1       1564       1564
          1       1565       1565
          1       1566       1566
          1       1567       1567
          6       1568       1573
          3       1574       1576
          1       1577       1577
          3       1578       1580
          2       1581       1582
          1       1583       1583
          4       1584       1587
          1       1588       1588
          4       1589       1592
          1       1593       1593
          1       1594       1594
          1       1595       1595
          1       1596       1596
          4       1597       1600
          2       1601       1602
          1       1603       1603
          1       1604       1604
          5       1605       1609
          1       1610       1610
          3       1611       1613
          1       1614       1614
          5       1615       1619
          1       1620       1620
          1       1621       1621
          2       1622       1623
          1       1624       1624
          4       1625       1628
          2       1629       1630
          2       1631       1632
          8       1633       1640
          2       1641       1642
          1       1643       1643
          3       1644       1646
          2       1647       1648
          1       1649       1649
          5       1650       1654
          4       1655       1658
          4       1659       1662
          1       1663       1663
          3       1664       1666
          1       1667       1667
          2       1668       1669
          1       1670       1670
          5       1671       1675
          6       1676       1681
          1       1682       1682
          1       1683       1683
          1       1684       1684
          1       1685       1685
          1       1686       1686
          1       1687       1687
          4       1688       1691
          1       1692       1692
          3       1693       1695
          1       1696       1696
          1       1697       1697
          6       1698       1703
          1       1704       1704
          3       1705       1707
          1       1708       1708
          2       1709       1710
          4       1711       1714
          2       1715       1716
          1       1717       1717
          1       1718       1718
          3       1719       1721
          5       1722       1726
          3       1727       1729
          1       1730       1730
          1       1731       1731
          4       1732       1735
          1       1736       1736
          1       1737       1737
          1       1738       1738
          1       1739       1739
          1       1740       1740
          1       1741       1741
          1       1742       1742
          3       1743       1745
          1       1746       1746
          9       1747       1755
          1       1756       1756
          1       1757       1757
          3       1758       1760
          2       1761       1762
          2       1763       1764
          2       1765       1766
          1       1767       1767
          1       1768       1768
          3       1769       1771
          2       1772       1773
          2       1774       1775
          3       1776       1778
          8       1779       1786
          1       1787       1787
          5       1788       1792
          2       1793       1794
          1       1795       1795
          1       1796       1796
          1       1797       1797
          4       1798       1801
          2       1802       1803
          2       1804       1805
          1       1806       1806
          3       1807       1809
          1       1810       1810
          3       1811       1813
          2       1814       1815
          2       1816       1817
          1       1818       1818
          4       1819       1822
          3       1823       1825
          2       1826       1827
          3       1828       1830
          4       1831       1834
          1       1835       1835
          1       1836       1836
          3       1837       1839
          4       1840       1843
          9       1844       1852
          1       1853       1853
          4       1854       1857
          2       1858       1859
          2       1860       1861
          5       1862       1866
          2       1867       1868
          2       1869       1870
          1       1871       1871
          4       1872       1875
          4       1876       1879
          1       1880       1880
          2       1881       1882
          2       1883       1884
          1       1885       1885
          1       1886       1886
          2       1887       1888
          1       1889       1889
          1       1890       1890
          1       1891       1891
          7       1892       1898
          1       1899       1899
          2       1900       1901
          2       1902       1903
          3       1904       1906
          6       1907       1912
          2       1913       1914
          1       1915       1915
          1       1916       1916
          1       1917       1917
          3       1918       1920
          2       1921       1922
          2       1923       1924
          2       1925       1926
          1       1927       1927
          1       1928       1928
          5       1929       1933
          1       1934       1934
          2       1935       1936
          1       1937       1937
          1       1938       1938
          1       1939       1939
          1       1940       1940
          1       1941       1941
          1       1942       1942
          3       1943       1945
          4       1946       1949
          2       1950       1951
          1       1952       1952
          1       1953       1953
          2       1954       1955
          1       1956       1956
          4       1957       1960
          1       1961       1961
          3       1962       1964
          2       1965       1966
          2       1967       1968
          1       1969       1969
          4       1970       1973
          5       1974       1978
          2       1979       1980
          1       1981       1981
          3       1982       1984
          1       1985       1985
          1       1986       1986
          6       1987       1992
          1       1993       1993
          1       1994       1994
          2       1995       1996
          2       1997       1998
          2       1999       2000
          1       2001       2001
          3       2002       2004
          2       2005       2006
          1       2007       2007
          5       2008       2012
          4       2013       2016
          1       2017       2017
          2       2018       2019
          1       2020       2020
          2       2021       2022
          6       2023       2028
          1       2029       2029
          1       2030       2030
          1       2031       2031
          1       2032       2032
          1       2033       2033
          3       2034       2036
          1       2037       2037
          2       2038       2039
          4       2040       2043
          2       2044       2045
          2       2046       2047
          1       2048       2048
          2       2049       2050
          2       2051       2052
          1       2053       2053
          3       2054       2056
          1       2057       2057
          5       2058       2062
          2       2063       2064
          1       2065       2065
          1       2066       2066
          2       2067       2068
          1       2069       2069
          2       2070       2071
          1       2072       2072
          2       2073       2074
          1       2075       2075
          1       2076       2076
          3       2077       2079
          4       2080       2083
          1       2084       2084
          4       2085       2088
          1       2089       2089
          2       2090       2091
          1       2092       2092
          1       2093       2093
          1       2094       2094
          1       2095       2095
          3       2096       2098
          1       2099       2099
          5       2100       2104
          1       2105       2105
          1       2106       2106
          1       2107       2107
          1       2108       2108
          1       2109       2109
          4       2110       2113
          1       2114       2114
          2       2115       2116
          2       2117       2118
          1       2119       2119
          2       2120       2121
          3       2122       2124
          1       2125       2125
          1       2126       2126
          3       2127       2129
          3       2130       2132
          4       2133       2136
          2       2137       2138
          2       2139       2140
          1       2141       2141
          1       2142       2142
          3       2143       2145
          1       2146       2146
          3       2147       2149
          1       2150       2150
          1       2151       2151
          1       2152       2152
          1       2153       2153
          1       2154       2154
          1       2155       2155
          1       2156       2156
          1       2157       2157
          1       2158       2158
          1       2159       2159
          2       2160       2161
          2       2162       2163
          1       2164       2164
          1       2165       2165
          1       2166       2166
          3       2167       2169
          2       2170       2171
          1       2172       2172
          2       2173       2174
          1       2175       2175
          1       2176       2176
          1       2177       2177
          2       2178       2179
          3       2180       2182
          4       2183       2186
          2       2187       2188
          1       2189       2189
          5       2190       2194
          1       2195       2195
          2       2196       2197
          1       2198       2198
          1       2199       2199
          1       2200       2200
          1       2201       2201
          1       2202       2202
          1       2203       2203
          1       2204       2204
          1       2205       2205
          1       2206       2206
          4       2207       2210
          1       2211       2211
          3       2212       2214
          5       2215       2219
          1       2220       2220
          1       2221       2221
          1       2222       2222
          1       2223       2223
          1       2224       2224
          3       2225       2227
          1       2228       2228
          2       2229       2230
          1       2231       2231
          1       2232       2232
          5       2233       2237
          1       2238       2238
          1       2239       2239
          1       2240       2240
          1       2241       2241
          3       2242       2244
          1       2245       2245
          3       2246       2248
          1       2249       2249
          1       2250       2250
          1       2251       2251
          1       2252       2252
          1       2253       2253
          1       2254       2254
          1       2255       2255
          2       2256       2257
          1       2258       2258
          1       2259       2259
          2       2260       2261
          1       2262       2262
          2       2263       2264
          6       2265       2270
          1       2271       2271
          1       2272       2272
          2       2273       2274
          1       2275       2275
          1       2276       2276
          1       2277       2277
          4       2278       2281
          1       2282       2282
          1       2283       2283
          2       2284       2285
          1       2286       2286
          1       2287       2287
          5       2288       2292
          2       2293       2294
          5       2295       2299
          4       2300       2303
          1       2304       2304
          4       2305       2308
          1       2309       2309
          7       2310       2316
          2       2317       2318
          1       2319       2319
          1       2320       2320
          2       2321       2322
          2       2323       2324
          1       2325       2325
          1       2326       2326
          1       2327       2327
          1       2328       2328
          2       2329       2330
          2       2331       2332
          1       2333       2333
          3       2334       2336
          2       2337       2338
          1       2339       2339
          1       2340       2340
          1       2341       2341
          1       2342       2342
          1       2343       2343
          3       2344       2346
          1       2347       2347
          1       2348       2348
          1       2349       2349
          2       2350       2351
          1       2352       2352
          1       2353       2353
          3       2354       2356
          2       2357       2358
          1       2359       2359
          1       2360       2360
          4       2361       2364
          1       2365       2365
          3       2366       2368
          1       2369       2369
          1       2370       2370
          4       2371       2374
          3       2375       2377
          5       2378       2382
          1       2383       2383
          1       2384       2384
          2       2385       2386
          1       2387       2387
          1       2388       2388
          1       2389       2389
          1       2390       2390
          1       2391       2391
          3       2392       2394
          1       2395       2395
          1       2396       2396
          1       2397       2397
          1       2398       2398
          1       2399       2399
          1       2400       2400
          1       2401       2401
          5       2402       2406
          1       2407       2407
          2       2408       2409
          1       2410       2410
          1       2411       2411
          3       2412       2414
          1       2415       2415
          1       2416       2416
          2       2417       2418
          3       2419       2421
          1       2422       2422
          2       2423       2424
          2       2425       2426
          1       2427       2427
          3       2428       2430
          1       2431       2431
          1       2432       2432
          1       2433       2433
          2       2434       2435
          1       2436       2436
          1       2437       2437
          1       2438       2438
          2       2439       2440
          1       2441       2441
          1       2442       2442
          2       2443       2444
          1       2445       2445
          1       2446       2446
          2       2447       2448
          1       2449       2449
          3       2450       2452
          1       2453       2453
          2       2454       2455
          2       2456       2457
          2       2458       2459
          1       2460       2460
          1       2461       2461
          2       2462       2463
          2       2464       2465
          2       2466       2467
          1       2468       2468
          1       2469       2469
          1       2470       2470
          2       2471       2472
          2       2473       2474
          1       2475       2475
          2       2476       2477
          1       2478       2478
          1       2479       2479
          1       2480       2480
          1       2481       2481
          1       2482       2482
          1       2483       2483
          1       2484       2484
          2       2485       2486
          1       2487       2487
          2       2488       2489
          1       2490       2490
          1       2491       2491
          1       2492       2492
          1       2493       2493
          1       2494       2494
          1       2495       2495
          1       2496       2496
          2       2497       2498
          2       2499       2500
          1       2501       2501
          1       2502       2502
          1       2503       2503
          3       2504       2506
          1       2507       2507
          1       2508       2508
          2       2509       2510
          2       2511       2512
          3       2513       2515
          1       2516       2516
          3       2517       2519
          1       2520       2520
          2       2521       2522
          1       2523       2523
          1       2524       2524
          1       2525       2525
          1       2526       2526
          2       2527       2528
          1       2529       2529
          1       2530       2530
          1       2531       2531
          2       2532       2533
          2       2534       2535
          4       2536       2539
          1       2540       2540
          1       2541       2541
          1       2542       2542
          2       2543       2544
          2       2545       2546
          2       2547       2548
          2       2549       2550
          1       2551       2551
          2       2552       2553
          1       2554       2554
          1       2555       2555
          1       2556       2556
          1       2557       2557
          1       2558       2558
          2       2559       2560
          1       2561       2561
          1       2562       2562
          1       2563       2563
          1       2564       2564
          1       2565       2565
          1       2566       2566
          1       2567       2567
          2       2568       2569
          1       2570       2570
          1       2571       2571
          1       2572       2572
          1       2573       2573
          1       2574       2574
          2       2575       2576
          1       2577       2577
          1       2578       2578
          1       2579       2579
          2       2580       2581
          1       2582       2582
          1       2583       2583
          1       2584       2584
          1       2585       2585
          1       2586       2586
          1       2587       2587
          1       2588       2588
          2       2589       2590
          1       2591       2591
          3       2592       2594
          1       2595       2595
          2       2596       2597
          1       2598       2598
          2       2599       2600
          1       2601       2601
          1       2602       2602
          3       2603       2605
          1       2606       2606
          2       2607       2608
          1       2609       2609
          6       2610       2615
          1       2616       2616
          3       2617       2619
          1       2620       2620
          5       2621       2625
          1       2626       2626
          1       2627       2627
          3       2628       2630
          2       2631       2632
          2       2633       2634
          1       2635       2635
          1       2636       2636
          3       2637       2639
          1       2640       2640
          1       2641       2641
          5       2642       2646
          1       2647       2647
          2       2648       2649
          1       2650       2650
          2       2651       2652
          2       2653       2654
          1       2655       2655
          1       2656       2656
          3       2657       2659
          3       2660       2662
          2       2663       2664
          4       2665       2668
          1       2669       2669
          2       2670       2671
          1       2672       2672
          1       2673       2673
          1       2674       2674
          4       2675       2678
          1       2679       2679
          1       2680       2680
          1       2681       2681
          1       2682       2682
          1       2683       2683
          2       2684       2685
          1       2686       2686
          1       2687       2687
          1       2688       2688
          1       2689       2689
          1       2690       2690
          2       2691       2692
          1       2693       2693
          1       2694       2694
          1       2695       2695
          1       2696       2696
          1       2697       2697
          3       2698       2700
          1       2701       2701
          3       2702       2704
          1       2705       2705
          1       2706       2706
          1       2707       2707
          1       2708       2708
          3       2709       2711
          1       2712       2712
          2       2713       2714
          1       2715       2715
          1       2716       2716
          1       2717       2717
          1       2718       2718
          3       2719       2721
          4       2722       2725
          2       2726       2727
          3       2728       2730
          1       2731       2731
          1       2732       2732
          2       2733       2734
          2       2735       2736
          1       2737       2737
          1       2738       2738
          1       2739       2739
          2       2740       2741
          1       2742       2742
          1       2743       2743
          1       2744       2744
          1       2745       2745
          1       2746       2746
          4       2747       2750
          4       2751       2754
          1       2755       2755
          1       2756       2756
          1       2757       2757
          1       2758       2758
          1       2759       2759
          1       2760       2760
          1       2761       2761
          1       2762       2762
          1       2763       2763
          1       2764       2764
          1       2765       2765
          1       2766       2766
          1       2767       2767
          1       2768       2768
          3       2769       2771
          1       2772       2772
          2       2773       2774
          1       2775       2775
          1       2776       2776
          1       2777       2777
          1       2778       2778
          1       2779       2779
          3       2780       2782
          1       2783       2783
          1       2784       2784
          1       2785       2785
          2       2786       2787
          3       2788       2790
          3       2791       2793
          1       2794       2794
          2       2795       2796
          2       2797       2798
          2       2799       2800
          1       2801       2801
          1       2802       2802
          1       2803       2803
          1       2804       2804
          1       2805       2805
          1       2806       2806
          1       2807       2807
          1       2808       2808
          1       2809       2809
          1       2810       2810
          1       2811       2811
          2       2812       2813
          1       2814       2814
          1       2815       2815
          1       2816       2816
          1       2817       2817
          2       2818       2819
          1       2820       2820
          4       2821       2824
          1       2825       2825
          2       2826       2827
          2       2828       2829
          1       2830       2830
          2       2831       2832
          2       2833       2834
          4       2835       2838
          1       2839       2839
          4       2840       2843
          1       2844       2844
          1       2845       2845
          1       2846       2846
          1       2847       2847
          1       2848       2848
          2       2849       2850
          1       2851       2851
          1       2852       2852
          1       2853       2853
          2       2854       2855
          2       2856       2857
          1       2858       2858
          2       2859       2860
          2       2861       2862
          1       2863       2863
          1       2864       2864
          3       2865       2867
          2       2868       2869
          1       2870       2870
          1       2871       2871
          1       2872       2872
          2       2873       2874
          1       2875       2875
          3       2876       2878
          1       2879       2879
          3       2880       2882
          1       2883       2883
          2       2884       2885
          1       2886       2886
          2       2887       2888
          2       2889       2890
          1       2891       2891
          3       2892       2894
          1       2895       2895
          1       2896       2896
          1       2897       2897
          2       2898       2899
          1       2900       2900
          1       2901       2901
          1       2902       2902
          1       2903       2903
          1       2904       2904
          1       2905       2905
          2       2906       2907
          1       2908       2908
          1       2909       2909
          1       2910       2910
          1       2911       2911
          3       2912       2914
          1       2915       2915
          1       2916       2916
          1       2917       2917
          1       2918       2918
          2       2919       2920
          1       2921       2921
          1       2922       2922
          1       2923       2923
          2       2924       2925
          2       2926       2927
          1       2928       2928
          1       2929       2929
          1       2930       2930
          1       2931       2931
          1       2932       2932
          1       2933       2933
          1       2934       2934
          2       2935       2936
          4       2937       2940
          2       2941       2942
          1       2943       2943
          2       2944       2945
          1       2946       2946
          2       2947       2948
          1       2949       2949
          1       2950       2950
          2       2951       2952
          3       2953       2955
          1       2956       2956
          2       2957       2958
          1       2959       2959
          2       2960       2961
          1       2962       2962
          1       2963       2963
          1       2964       2964
          5       2965       2969
          1       2970       2970
          2       2971       2972
          1       2973       2973
          1       2974       2974
          2       2975       2976
          1       2977       2977
          1       2978       2978
          1       2979       2979
          1       2980       2980
          2       2981       2982
          1       2983       2983
          3       2984       2986
          3       2987       2989
          1       2990       2990
          2       2991       2992
          2       2993       2994
          1       2995       2995
          1       2996       2996
          2       2997       2998
          3       2999       3001
          4       3002       3005
          2       3006       3007
          1       3008       3008
          6       3009       3014
          1       3015       3015
          1       3016       3016
          2       3017       3018
          2       3019       3020
          1       3021       3021
          2       3022       3023
          1       3024       3024
          1       3025       3025
          1       3026       3026
          1       3027       3027
          1       3028       3028
          1       3029       3029
          2       3030       3031
          1       3032       3032
          1       3033       3033
          1       3034       3034
          1       3035       3035
          1       3036       3036
          2       3037       3038
          2       3039       3040
          1       3041       3041
          2       3042       3043
          1       3044       3044
          1       3045       3045
          1       3046       3046
          1       3047       3047
          1       3048       3048
          1       3049       3049
          1       3050       3050
          3       3051       3053
          1       3054       3054
          1       3055       3055
          1       3056       3056
          2       3057       3058
          2       3059       3060
          2       3061       3062
          4       3063       3066
          1       3067       3067
          1       3068       3068
          1       3069       3069
          1       3070       3070
          1       3071       3071
          1       3072       3072
          1       3073       3073
          1       3074       3074
          2       3075       3076
          1       3077       3077
          1       3078       3078
          2       3079       3080
          1       3081       3081
          1       3082       3082
          1       3083       3083
          1       3084       3084
          1       3085       3085
          1       3086       3086
          1       3087       3087
          1       3088       3088
          1       3089       3089
          1       3090       3090
          1       3091       3091
          2       3092       3093
          3       3094       3096
          1       3097       3097
          1       3098       3098
          1       3099       3099
          2       3100       3101
          1       3102       3102
          3       3103       3105
          1       3106       3106
          1       3107       3107
          1       3108       3108
          2       3109       3110
          1       3111       3111
          1       3112       3112
          2       3113       3114
          1       3115       3115
          1       3116       3116
          1       3117       3117
          1       3118       3118
          1       3119       3119
          1       3120       3120
          1       3121       3121
          1       3122       3122
          1       3123       3123
          1       3124       3124
          3       3125       3127
          1       3128       3128
          1       3129       3129
          1       3130       3130
          2       3131       3132
          1       3133       3133
          2       3134       3135
          1       3136       3136
          1       3137       3137
          3       3138       3140
          1       3141       3141
          1       3142       3142
          1       3143       3143
          1       3144       3144
          2       3145       3146
          1       3147       3147
          1       3148       3148
          1       3149       3149
          1       3150       3150
          1       3151       3151
          2       3152       3153
          1       3154       3154
          1       3155       3155
          1       3156       3156
          3       3157       3159
          1       3160       3160
          1       3161       3161
          1       3162       3162
          2       3163       3164
          1       3165       3165
          2       3166       3167
          1       3168       3168
          1       3169       3169
          1       3170       3170
          1       3171       3171
          1       3172       3172
          1       3173       3173
          1       3174       3174
          1       3175       3175
          2       3176       3177
          3       3178       3180
          1       3181       3181
          1       3182       3182
          1       3183       3183
          1       3184       3184
          1       3185       3185
          2       3186       3187
          1       3188       3188
          1       3189       3189
          1       3190       3190
          1       3191       3191
          2       3192       3193
          1       3194       3194
          1       3195       3195
          1       3196       3196
          1       3197       3197
          1       3198       3198
          1       3199       3199
          1       3200       3200
          1       3201       3201
          1       3202       3202
          1       3203       3203
          2       3204       3205
          1       3206       3206
          1       3207       3207
          1       3208       3208
          1       3209       3209
          1       3210       3210
          1       3211       3211
          1       3212       3212
          1       3213       3213
          1       3214       3214
          1       3215       3215
          2       3216       3217
          1       3218       3218
          1       3219       3219
          1       3220       3220
          1       3221       3221
          1       3222       3222
          1       3223       3223
          2       3224       3225
          1       3226       3226
          1       3227       3227
