           1           2   1.01802132474024     
           2           3  0.884752818989864     
           3           4   1.32425448347773     
           4           5   1.51044123693252     
           4           6   1.32727321296360     
           6           7  0.868850375916944     
           7           8   1.02229914487569     
           4           9  0.998010075734095     
           5           9  0.134732562845262     
           9          10  0.982111113268851     
          10          11  0.993345070483470     
          11          12  0.933025126633060     
          11          13  0.139351585121519     
          12          13   1.54478874784341     
          12          14   1.35876929631208     
          14          15  0.864902496550373     
          15          16   1.02116475574465     
          12          17   1.31418872965166     
          17          18  0.889668725575383     
          18          19   1.02148659543241     
           1          20  0.975622845670629     
           1          21  0.983258445124710     
           1          22  0.982115264995758     
           2          23  0.971949037063458     
           2          24  0.966945390331048     
           7          25  0.965677032829218     
           7          26  0.967512259103717     
           8          27  0.982635523210577     
           8          28  0.974505811215085     
           8          29  0.982080879583299     
          10          30  0.949195677139148     
          10          31  0.954762308442692     
          15          32  0.964196619102507     
          15          33  0.967120785532414     
          16          34  0.982797890434279     
          16          35  0.980596875141721     
          16          36  0.974267531567301     
          18          37  0.961735251976405     
          18          38  0.963912817867112     
          19          39  0.978379612434378     
          19          40  0.976994142001299     
          19          41  0.983126877507169     
