   -0.12978517
    0.06121399
   -0.24839564
    0.37447335
   -0.46785335
   -0.09472208
    0.00529939
    0.13158074
    0.37594298
   -0.42781655
   -0.22463912
    0.06180180
   -0.13193310
   -0.13444055
    0.35364497
   -0.48539119
   -0.25103903
    0.02707864
   -0.28591884
    0.03190938
    0.05112683
    0.07118749
    0.07798867
    0.09352197
    0.06643430
    0.11933918
    0.08206718
    0.06942796
    0.10433546
    0.05639243
    0.08316794
    0.07603965
    0.07382858
    0.10142344
    0.09181322
    0.07078379
    0.07037661
    0.09973467
