           1           2   1.01390296480534     
           2           3  0.909179585743489     
           3           4   1.19313277296294     
           3           5  0.178028427940201     
           4           5   1.69924330949404     
           4           6  0.959647073594686     
           6           7  0.986959787520009     
           7           8  0.929086804040693     
           7           9  0.959004449545753     
           9          10   1.66369414522442     
           9          11   1.22149471244065     
          10          11  0.171075391642916     
          11          12  0.891631881123966     
          12          13   1.01288746149093     
           7          14  0.958857292931760     
          10          15  0.103706938564478     
          14          15  0.973710718382900     
          14          16  0.130667486795975     
          15          16   1.52980458035980     
          15          17   1.27691643641221     
          17          18  0.917226612932301     
          15          19   1.33025805002164     
          19          20  0.887388344829066     
           1          21  0.978864268595678     
           1          22  0.984793827426430     
           1          23  0.983763340127894     
           2          24  0.967372861162603     
           2          25  0.970094896352507     
           6          26  0.966532328513570     
           6          27  0.937460823567963     
          12          28  0.965803522916358     
          12          29  0.970536197631571     
          13          30  0.976698635569951     
          13          31  0.984915960301818     
          13          32  0.982741639197210     
          18          33  0.976386248102280     
          18          34  0.976383376048215     
          18          35  0.972703861865800     
          20          36  0.971564732895294     
          20          37  0.973330416499838     
          20          38  0.977110018852002     
