           1           2   1.01953505924891     
           2           3  0.871547859813586     
           3           4   1.31970046850386     
           4           5   1.50392337707515     
           4           6   1.31672009471292     
           6           7  0.890040022922725     
           7           8   1.01989296899253     
           4           9   1.01816528791680     
           5           9  0.135870676071598     
           9          10  0.964336106437909     
          10          11   1.00370290831585     
          11          12  0.948171608973237     
          11          13  0.133885265653237     
          12          13   1.54793393592362     
          12          14   1.34763715137637     
          14          15  0.861583428504638     
          15          16   1.02261392427143     
          12          17   1.32066742462336     
          17          18  0.886118019229239     
          18          19   1.02226743028111     
           1          20  0.981875424147464     
           1          21  0.983188694927731     
           1          22  0.974274901168530     
           2          23  0.966060160842827     
           2          24  0.971600700479258     
           7          25  0.967456444396719     
           7          26  0.966858869639408     
           8          27  0.982555728083567     
           8          28  0.977253333656107     
           8          29  0.979920912206288     
          10          30  0.962347669939559     
          10          31  0.948491799597934     
          15          32  0.966542580074822     
          15          33  0.966570939647273     
          16          34  0.982583247840523     
          16          35  0.973559334121548     
          16          36  0.980548094141958     
          18          37  0.963398661858820     
          18          38  0.969678620023662     
          19          39  0.981407662211625     
          19          40  0.975898650672763     
          19          41  0.977342619875721     
