   -0.12578624
    0.07361964
   -0.24927730
    0.36921946
   -0.45589833
   -0.26002145
    0.07511785
   -0.12406594
   -0.16926015
    0.03915560
   -0.12945111
    0.37307258
   -0.46094151
   -0.25378939
    0.07365302
   -0.13198669
   -0.26156349
    0.07985868
   -0.13264714
    0.05137877
    0.08711540
    0.07002532
    0.06529494
    0.09479355
    0.06154051
    0.09658722
    0.06764629
    0.05319969
    0.08357065
    0.08935974
    0.10650842
    0.06296861
    0.09329948
    0.07493502
    0.05686609
    0.08571633
    0.08009864
    0.06890496
    0.08631205
    0.06750566
    0.06736461
