           1           2   1.02116398500738     
           2           3  0.886282883910045     
           3           4   1.32889319217549     
           4           5   1.53856078727476     
           4           6   1.30801305131318     
           6           7  0.889483192520550     
           7           8   1.02194965959599     
           4           9  0.951845206842845     
           5           9  0.114856024603808     
           9          10  0.979415256892467     
          10          11  0.991544381965439     
          11          12  0.949070789396116     
          11          13  0.133625072369930     
          12          13   1.54750053941397     
          12          14   1.32775913255972     
          14          15  0.884954863282027     
          15          16   1.02246302423910     
          12          17   1.34646864047521     
          17          18  0.866062824586364     
          18          19   1.02108461076853     
           1          20  0.976201705385536     
           1          21  0.975969007217233     
           1          22  0.978994756735622     
           2          23  0.964512856922461     
           2          24  0.963517150557439     
           7          25  0.968543264957873     
           7          26  0.962921546608965     
           8          27  0.981699126122568     
           8          28  0.974715408085855     
           8          29  0.976329787399555     
          10          30  0.955377100564553     
          10          31  0.952759881724439     
          15          32  0.969301621729282     
          15          33  0.964399606787007     
          16          34  0.980491858364205     
          16          35  0.975833024011509     
          16          36  0.975675486160130     
          18          37  0.968309778588615     
          18          38  0.963468050527782     
          19          39  0.974466694006781     
          19          40  0.980565640364945     
          19          41  0.983486983919324     
