           1           2   1.01873659981303     
           2           3  0.870064071178466     
           3           4   1.32069571659910     
           4           5   1.54776076270599     
           4           6   1.29016612978417     
           6           7  0.881625741532543     
           7           8   1.02193994524588     
           4           9  0.995973619171730     
           5           9  0.129053015687523     
           9          10  0.972844180356775     
          10          11  0.994084964860252     
          11          12  0.970295972872914     
          11          13  0.131182990901024     
          12          13   1.52996885134395     
          12          14   1.33092975477319     
          14          15  0.884293516960825     
          15          16   1.02195583455053     
          12          17   1.35075223339588     
          17          18  0.859839956123024     
          18          19   1.02404449047571     
           1          20  0.982673713282712     
           1          21  0.983154883153248     
           1          22  0.974304346898009     
           2          23  0.967427437627098     
           2          24  0.970698109533050     
           7          25  0.965340574520426     
           7          26  0.964900862184028     
           8          27  0.976308273910522     
           8          28  0.981916829192954     
           8          29  0.975475993491059     
          10          30  0.948347832173723     
          10          31  0.951291577159169     
          15          32  0.968995496102119     
          15          33  0.964537551767290     
          16          34  0.975574906772122     
          16          35  0.980785120560046     
          16          36  0.976011935329894     
          18          37  0.965847029212429     
          18          38  0.967038750314780     
          19          39  0.981867289530133     
          19          40  0.973773613123015     
          19          41  0.974601658964692     
