           1           2   1.01294072286202     
           2           3  0.905320704237395     
           3           4   1.20727158436225     
           3           5  0.180996964425348     
           4           5   1.68729032059027     
           4           6  0.963678291031153     
           6           7  0.969152840946838     
           7           8  0.944514351940090     
           7           9  0.953332725038690     
           9          10   1.70275736360834     
           9          11   1.18155475943582     
          10          11  0.170065667351236     
          11          12  0.896605796351996     
          12          13   1.02020607858168     
           7          14  0.957706919780333     
          14          15  0.967698796478423     
          14          16  0.131322215510667     
          15          16   1.52421007693485     
          15          17   1.29263066417548     
          17          18  0.911889996498664     
          15          19   1.33426646628477     
          19          20  0.885338831987220     
           1          21  0.983396896569710     
           1          22  0.978247879939872     
           1          23  0.985612122953178     
           2          24  0.967429836197769     
           2          25  0.969985427813746     
           6          26  0.963435221584401     
           6          27  0.948329410080862     
          12          28  0.967766786691259     
          12          29  0.969275859430987     
          13          30  0.981515278041260     
          13          31  0.982765866533822     
          13          32  0.977655446192518     
          18          33  0.975441020886463     
          18          34  0.976480389335059     
          18          35  0.971501270925485     
          20          36  0.976510700259404     
          20          37  0.970713279346288     
          20          38  0.972029063924875     
