   -0.13018593
    0.07493908
   -0.25830131
    0.37827706
   -0.48077936
   -0.25606716
    0.06873617
   -0.13555251
   -0.11501649
    0.03941659
   -0.14090370
    0.36948292
   -0.46729769
   -0.25122995
    0.08550063
   -0.12288383
   -0.26628177
    0.07104728
   -0.13262797
    0.05291858
    0.08425511
    0.07574425
    0.06119495
    0.09408141
    0.07455805
    0.09475378
    0.06734364
    0.08760861
    0.06968562
    0.10339035
    0.07060894
    0.04773385
    0.08024700
    0.07691627
    0.05623456
    0.07581619
    0.07296355
    0.09509912
    0.06450384
    0.09070806
    0.07336222
