           1           2   1.02247052651421     
           2           3  0.887812001047546     
           3           4   1.32292313951195     
           4           5   1.52879730218684     
           4           6   1.35468182027313     
           6           7  0.858547670344342     
           7           8   1.02201958294101     
           4           9  0.946461184043332     
           5           9  0.134639449637455     
           9          10  0.997198275966663     
          10          11  0.973686114947464     
          11          12  0.961516704246428     
          11          13  0.140387210534423     
          12          13   1.53285077521128     
          12          14   1.32817398148095     
          14          15  0.888321899040546     
          15          16   1.01955715133116     
          12          17   1.34732352311991     
          17          18  0.861117988753672     
          18          19   1.02366544134475     
           1          20  0.976556744070305     
           1          21  0.976004639366461     
           1          22  0.980322904506640     
           2          23  0.969646777196524     
           2          24  0.964150790107782     
           7          25  0.970355500556020     
           7          26  0.964445076489297     
           8          27  0.979345045739323     
           8          28  0.973879277236304     
           8          29  0.980801046690264     
          10          30  0.963912159015934     
          10          31  0.947623506760595     
          15          32  0.967180553251155     
          15          33  0.967272315007088     
          16          34  0.982062590697484     
          16          35  0.977871202220785     
          16          36  0.977300586886073     
          18          37  0.971136154508444     
          18          38  0.964347813806175     
          19          39  0.971785668394060     
          19          40  0.973276122368753     
          19          41  0.981570180897491     
