           1           2   1.01292240925410     
           2           3  0.908072678762249     
           3           4   1.18332156992508     
           3           5  0.180102905579945     
           4           5   1.71326222797213     
           4           6  0.959913144656061     
           6           7  0.961752196388322     
           7           8  0.939128275194015     
           7           9  0.949652424259587     
           9          10   1.64488136448579     
           9          11   1.24471777176757     
          10          11  0.170709502215579     
          11          12  0.889101657260228     
          12          13   1.01373165303298     
           7          14  0.972391598821967     
          10          15  0.153170842331830     
          14          15  0.970886849058701     
          14          16  0.129311012951252     
          15          16   1.46450318758547     
          15          17   1.30065102340228     
          17          18  0.913064476983942     
          15          19   1.25778874168084     
          19          20  0.916591517331023     
           1          21  0.984222399896492     
           1          22  0.978667646540330     
           1          23  0.985145807650095     
           2          24  0.968426195087335     
           2          25  0.969531807125420     
           6          26  0.956597661968179     
           6          27  0.956974676224083     
          12          28  0.969595175507601     
          12          29  0.964402512765540     
          13          30  0.984808991987160     
          13          31  0.976352333090803     
          13          32  0.982879827011789     
          18          33  0.978495219808695     
          18          34  0.973610777396012     
          18          35  0.972751944512110     
          20          36  0.974716498544508     
          20          37  0.979170814120116     
          20          38  0.974418606923706     
