           1           2   1.01824933775816     
           2           3  0.883196316804855     
           3           4   1.33191932936984     
           4           5   1.52535224414732     
           4           6   1.36333218821345     
           6           7  0.856724669668889     
           7           8   1.02324847146450     
           4           9  0.949158984325061     
           5           9  0.135584242828159     
           9          10  0.998507105240655     
          10          11  0.974029235490028     
          11          12  0.996285282950404     
          11          13  0.144610947312262     
          12          13   1.50096677569022     
          12          14   1.32909027917521     
          14          15  0.889094734159754     
          15          16   1.02010474238434     
          12          17   1.32100792641990     
          17          18  0.871890074783462     
          18          19   1.02374417587562     
           1          20  0.983117848215832     
           1          21  0.981645119732848     
           1          22  0.975438437935847     
           2          23  0.969618051343809     
           2          24  0.968792569914225     
           7          25  0.970273076746722     
           7          26  0.964091937669660     
           8          27  0.976873691989413     
           8          28  0.973582649997825     
           8          29  0.981412019692810     
          10          30  0.962661345396785     
          10          31  0.945670889162565     
          15          32  0.966413317668342     
          15          33  0.967102817913128     
          16          34  0.978118369535650     
          16          35  0.977141239252149     
          16          36  0.982340469396478     
          18          37  0.964079679228113     
          18          38  0.970911244854770     
          19          39  0.982679565895758     
          19          40  0.975560345348440     
          19          41  0.975678874585012     
