   -0.13289307
    0.07122680
   -0.26683124
    0.36876745
   -0.46857961
   -0.25102845
    0.08527604
   -0.12186130
   -0.13920586
    0.03925943
   -0.11702006
    0.36817259
   -0.46885002
   -0.25359184
    0.07123348
   -0.13385477
   -0.26146790
    0.07511561
   -0.12901379
    0.07351061
    0.09057070
    0.06527692
    0.09455490
    0.07259222
    0.08054038
    0.04803593
    0.05589591
    0.07633551
    0.07551676
    0.10405573
    0.07099826
    0.08988110
    0.07221421
    0.07301730
    0.08994377
    0.06686001
    0.09395129
    0.06071920
    0.05183479
    0.07509567
    0.08374535
