           1           2   1.01397983340231     
           2           3  0.908717766712427     
           3           4   1.19319185663156     
           3           5  0.180228286320017     
           4           5   1.70279752935768     
           4           6  0.964581761140629     
           6           7  0.986678970056556     
           7           8  0.927205031709935     
           7           9  0.951434153951632     
           9          10   1.67338614388063     
           9          11   1.21799322898489     
          10          11  0.175093547026407     
          11          12  0.896346072397294     
          12          13   1.01388293480603     
           7          14  0.960123944074894     
          14          15  0.974368662988343     
          14          16  0.133639046347115     
          15          16   1.52991803619894     
          15          17   1.32999384268795     
          17          18  0.890333531035932     
          15          19   1.28083519550740     
          19          20  0.914618135172047     
           1          21  0.984721508296424     
           1          22  0.978533928259942     
           1          23  0.982944708834303     
           2          24  0.969522060058277     
           2          25  0.967862118409672     
           6          26  0.933875802108752     
           6          27  0.962637116174741     
          12          28  0.964569895140279     
          12          29  0.970698383046021     
          13          30  0.984881990477116     
          13          31  0.983228616972234     
          13          32  0.977049380732813     
          18          33  0.974878879688541     
          18          34  0.971605174528348     
          18          35  0.977238059053949     
          20          36  0.975261305121045     
          20          37  0.971868663094310     
          20          38  0.977489138996190     
