           1           2   1.02287478319491     
           2           3  0.884752093867537     
           3           4   1.32591937013598     
           4           5   1.50217970330712     
           4           6   1.31338934023980     
           6           7  0.879856369032406     
           7           8   1.02322000144888     
           4           9  0.987582416142841     
           5           9  0.135559968191569     
           9          10  0.983969512329042     
          10          11  0.992348447202857     
          11          12  0.941314168986741     
          11          13  0.140704178724237     
          12          13   1.52936201882705     
          12          14   1.36007530877016     
          14          15  0.864194611192144     
          15          16   1.02405010147116     
          12          17   1.31641447550686     
          17          18  0.888341707869165     
          18          19   1.02172777681948     
           1          20  0.974184354062920     
           1          21  0.981790789391768     
           1          22  0.976164780641700     
           2          23  0.962962506515239     
           2          24  0.968517944016902     
           7          25  0.965608536392973     
           7          26  0.965319244583490     
           8          27  0.975932620614585     
           8          28  0.982270354520374     
           8          29  0.975441607592227     
          10          30  0.949295503485115     
          10          31  0.953798747352180     
          15          32  0.964333955123789     
          15          33  0.970284243656798     
          16          34  0.972732887400907     
          16          35  0.970621306613495     
          16          36  0.981815203710255     
          18          37  0.963488353253937     
          18          38  0.963263316882324     
          19          39  0.976616988137194     
          19          40  0.983047898691520     
          19          41  0.977452517214534     
