           1           2   1.01328635039376     
           2           3  0.908396225000197     
           3           4   1.19637576573786     
           3           5  0.180085255386189     
           4           5   1.70070706172222     
           4           6  0.959945124668063     
           6           7  0.979182354526156     
           7           8  0.928055635875350     
           7           9  0.951626254797920     
           9          10   1.65656462360207     
           9          11   1.22979213306640     
          10          11  0.172948711308246     
          11          12  0.895843351358402     
          12          13   1.01985560649874     
           7          14  0.959837675510604     
          14          15  0.969669805347948     
          14          16  0.132649119343602     
          15          16   1.51720173413499     
          15          17   1.33141370343037     
          17          18  0.888121831465982     
          15          19   1.27632148655402     
          19          20  0.915528462826867     
           1          21  0.978396241933730     
           1          22  0.984828834000936     
           1          23  0.983987581794740     
           2          24  0.967086713361100     
           2          25  0.969663499298748     
           6          26  0.947780731549592     
           6          27  0.963854754980516     
          12          28  0.967132257028885     
          12          29  0.967050799641248     
          13          30  0.981973734194576     
          13          31  0.977393533633987     
          13          32  0.982564750097249     
          18          33  0.971367911483661     
          18          34  0.977582540283993     
          18          35  0.973354171025856     
          20          36  0.973046942100330     
          20          37  0.978318821055346     
          20          38  0.973740267883145     
