   -0.13444315
    0.07185667
   -0.26167196
    0.36466849
   -0.45206912
   -0.25445197
    0.07919433
   -0.12186556
   -0.13682831
    0.03006088
   -0.13349320
    0.35413750
   -0.47643974
   -0.25240254
    0.07977548
   -0.13404947
   -0.26820137
    0.08105707
   -0.11931186
    0.06960003
    0.08830325
    0.06692010
    0.08794724
    0.07154216
    0.06183285
    0.09293012
    0.05160751
    0.07927991
    0.06699850
    0.12585306
    0.10656537
    0.06108188
    0.07693365
    0.06697877
    0.08731129
    0.07671327
    0.08937593
    0.06111735
    0.06690255
    0.08219027
    0.04649281
