   -0.13240872
    0.09401494
   -0.25022377
    0.35202895
   -0.45551867
   -0.26101346
    0.07380466
   -0.13413296
   -0.14517765
    0.03701746
   -0.11046372
    0.37143681
   -0.48408866
   -0.26651886
    0.07609973
   -0.13097015
   -0.25605583
    0.07471189
   -0.13136924
    0.06962327
    0.07915895
    0.08342426
    0.06406499
    0.04728703
    0.06835813
    0.08930166
    0.06502796
    0.08868547
    0.07334414
    0.07131426
    0.11953367
    0.08674383
    0.07253491
    0.06449854
    0.08719935
    0.07158802
    0.09405178
    0.06323216
    0.08763751
    0.05702693
    0.07519040
