           1           2   1.01944932596963     
           2           3  0.872789482976517     
           3           4   1.30741050618286     
           4           5   1.51053754362786     
           4           6   1.31440395694512     
           6           7  0.888483886262741     
           7           8   1.02224092290821     
           4           9   1.00836054747655     
           5           9  0.137187689496187     
           9          10  0.976374138777550     
          10          11  0.992303647392875     
          11          12   1.00284417996902     
          11          13  0.134184910662211     
          12          13   1.49500683223343     
          12          14   1.32324736783688     
          14          15  0.885605902640215     
          15          16   1.02012810403353     
          12          17   1.33353600721991     
          17          18  0.874717558144672     
          18          19   1.02326995818147     
           1          20  0.981862493640534     
           1          21  0.973881265663243     
           1          22  0.981713734490746     
           2          23  0.966041044768931     
           2          24  0.970706302713160     
           7          25  0.964519093013919     
           7          26  0.967555238629282     
           8          27  0.975033121789658     
           8          28  0.981661300697115     
           8          29  0.976117445981773     
          10          30  0.944621992839112     
          10          31  0.957516386147506     
          15          32  0.965946330052981     
          15          33  0.969261186233558     
          16          34  0.980381779384051     
          16          35  0.983123378499368     
          16          36  0.976643761428215     
          18          37  0.964116529910417     
          18          38  0.964841594704644     
          19          39  0.973275359860123     
          19          40  0.975595016799812     
          19          41  0.982069684753411     
