   -0.12351690
    0.08802872
   -0.26447797
    0.36598705
   -0.46369653
   -0.26062195
    0.07645302
   -0.12774657
   -0.14141373
    0.03406364
   -0.16043363
    0.37205373
   -0.45404930
   -0.25464511
    0.07365541
   -0.12692563
   -0.25943452
    0.07531401
   -0.13287121
    0.08598053
    0.05457591
    0.06759833
    0.08090345
    0.06353866
    0.09094829
    0.06596573
    0.08704825
    0.05627281
    0.06618171
    0.11149872
    0.10574509
    0.06374719
    0.09492404
    0.08780267
    0.07422410
    0.04623096
    0.08558025
    0.07271766
    0.08731591
    0.06612393
    0.06935328
