           1           2   1.02021136354761     
           2           3  0.888081772082705     
           3           4   1.32163708225827     
           4           5   1.49145468460995     
           4           6   1.35119217980142     
           6           7  0.882133927372554     
           7           8   1.01915519634154     
           4           9  0.984933262361401     
           5           9  0.147261562891553     
           9          10  0.978616192350829     
          10          11  0.988078083013004     
          11          12   1.01404163010667     
          11          13  0.125526213471406     
          12          13   1.53373462250770     
          12          14   1.33257093547356     
          14          15  0.867612982847535     
          15          16   1.02190478968002     
          12          17   1.28103417164547     
          17          18  0.887285903238680     
          18          19   1.02189607206956     
           1          20  0.975974424853078     
           1          21  0.976206087482144     
           1          22  0.981675391514897     
           2          23  0.966168361449029     
           2          24  0.963922495435690     
           7          25  0.966673690193222     
           7          26  0.962950166890964     
           8          27  0.982240099218001     
           8          28  0.975822470281176     
           8          29  0.979442677457123     
          10          30  0.957208536755268     
          10          31  0.941973029254491     
          15          32  0.966633674655932     
          15          33  0.967209654568146     
          16          34  0.975222885565764     
          16          35  0.982568273114345     
          16          36  0.973571533048518     
          18          37  0.966030124428387     
          18          38  0.965116815749763     
          19          39  0.977018656093264     
          19          40  0.982506186750373     
          19          41  0.976093787242739     
