   269
         16          1         16
          1         17         17
         15         18         32
          1         33         33
          2         34         35
          2         36         37
         15         38         52
         13         53         65
          2         66         67
          1         68         68
          5         69         73
          9         74         82
          3         83         85
          7         86         92
          4         93         96
          3         97         99
          4        100        103
          3        104        106
         20        107        126
          4        127        130
          1        131        131
          1        132        132
          3        133        135
          6        136        141
          5        142        146
          4        147        150
         15        151        165
         10        166        175
          2        176        177
          4        178        181
          2        182        183
          2        184        185
          6        186        191
          7        192        198
          2        199        200
          2        201        202
          3        203        205
          1        206        206
          5        207        211
          2        212        213
          4        214        217
         10        218        227
          1        228        228
          4        229        232
          5        233        237
          1        238        238
          1        239        239
          5        240        244
          1        245        245
          1        246        246
          3        247        249
          2        250        251
         12        252        263
          3        264        266
          2        267        268
          1        269        269
          1        270        270
          2        271        272
          1        273        273
          1        274        274
          3        275        277
          9        278        286
          1        287        287
          2        288        289
          2        290        291
         17        292        308
          2        309        310
          2        311        312
          1        313        313
          1        314        314
          1        315        315
          3        316        318
          4        319        322
          1        323        323
          1        324        324
          3        325        327
          2        328        329
          3        330        332
          1        333        333
          2        334        335
          1        336        336
          2        337        338
          1        339        339
          1        340        340
          2        341        342
          2        343        344
          3        345        347
         13        348        360
          3        361        363
          2        364        365
          1        366        366
         17        367        383
          3        384        386
          8        387        394
          3        395        397
         10        398        407
          2        408        409
          1        410        410
          2        411        412
          2        413        414
          1        415        415
          4        416        419
          1        420        420
          4        421        424
          1        425        425
          2        426        427
          1        428        428
          1        429        429
          1        430        430
          1        431        431
          3        432        434
          3        435        437
          3        438        440
          3        441        443
          1        444        444
          2        445        446
          2        447        448
          1        449        449
          1        450        450
          1        451        451
          1        452        452
          2        453        454
          1        455        455
          2        456        457
          1        458        458
          4        459        462
          1        463        463
          1        464        464
          2        465        466
          7        467        473
          3        474        476
          4        477        480
          1        481        481
          2        482        483
          2        484        485
          2        486        487
          4        488        491
          3        492        494
          1        495        495
          1        496        496
          2        497        498
          1        499        499
          1        500        500
          3        501        503
          3        504        506
          1        507        507
          3        508        510
          5        511        515
          4        516        519
          5        520        524
          1        525        525
          3        526        528
          1        529        529
          1        530        530
          1        531        531
          2        532        533
          1        534        534
          1        535        535
          5        536        540
          2        541        542
          4        543        546
          2        547        548
          5        549        553
          5        554        558
          2        559        560
          1        561        561
          1        562        562
          5        563        567
          1        568        568
          2        569        570
          2        571        572
          1        573        573
          3        574        576
          1        577        577
          1        578        578
          6        579        584
          2        585        586
          1        587        587
          1        588        588
          7        589        595
          4        596        599
          3        600        602
          4        603        606
          2        607        608
          1        609        609
          1        610        610
          2        611        612
          5        613        617
          4        618        621
          1        622        622
          2        623        624
          1        625        625
          2        626        627
          2        628        629
          1        630        630
          1        631        631
          1        632        632
          2        633        634
          1        635        635
          1        636        636
          1        637        637
          2        638        639
          3        640        642
          2        643        644
          1        645        645
          3        646        648
          1        649        649
          3        650        652
          5        653        657
          2        658        659
          1        660        660
          2        661        662
          2        663        664
          2        665        666
          1        667        667
          2        668        669
          2        670        671
          7        672        678
          2        679        680
          3        681        683
          1        684        684
          2        685        686
          2        687        688
          1        689        689
          1        690        690
          1        691        691
          1        692        692
          3        693        695
          2        696        697
          5        698        702
          2        703        704
          1        705        705
          1        706        706
          3        707        709
          2        710        711
          3        712        714
          2        715        716
          4        717        720
          2        721        722
          1        723        723
          1        724        724
          1        725        725
          1        726        726
          3        727        729
          1        730        730
          1        731        731
          1        732        732
          1        733        733
          1        734        734
          1        735        735
          2        736        737
          1        738        738
          1        739        739
          1        740        740
          1        741        741
          2        742        743
          1        744        744
          5        745        749
          1        750        750
          1        751        751
          2        752        753
          2        754        755
          1        756        756
          3        757        759
          3        760        762
          1        763        763
          1        764        764
          1        765        765
          1        766        766
