           1           2   1.01965223954545     
           2           3   1.00699358445103     
           3           4  0.982829331019476     
           4           5   1.69757892409465     
           4           6   1.15706838217469     
           5           6  0.167439152240219     
           6           7  0.921436450233454     
           7           8   1.00469423987215     
           8           9   1.01763589353772     
           1          10  0.986264418414758     
           1          11  0.986824254872668     
           1          12  0.986824414365867     
           2          13  0.977455255990015     
           2          14  0.977451624908469     
           3          15  0.946192880518520     
           3          16  0.946239741771567     
           7          17  0.968373950671352     
           7          18  0.968360083689433     
           8          19  0.975299984043702     
           8          20  0.975285143051362     
           9          21  0.984958383143655     
           9          22  0.986855942818760     
           9          23  0.986847639346143     
