   -0.13061018
    0.07851926
   -0.26198241
    0.36548050
   -0.47765126
   -0.25941697
    0.07603059
   -0.13094562
   -0.11714495
    0.03055444
   -0.13185224
    0.34925700
   -0.46641629
   -0.25768214
    0.08015318
   -0.12949870
   -0.26284294
    0.07562950
   -0.12920977
    0.06710185
    0.08694430
    0.06438778
    0.07270016
    0.08230109
    0.09165725
    0.06079341
    0.05683374
    0.07546707
    0.08695539
    0.12995265
    0.07868584
    0.06840349
    0.08820249
    0.08945491
    0.07186198
    0.06724941
    0.09046912
    0.05770233
    0.07549880
    0.08562335
    0.05138260
