   -0.13244327
    0.06871712
   -0.25788906
    0.37661858
   -0.46101881
   -0.25086944
    0.08085095
   -0.12637662
   -0.14927515
    0.03996571
   -0.14161703
    0.37894726
   -0.47735840
   -0.25255026
    0.08310094
   -0.13375382
   -0.25279311
    0.07667578
   -0.12754144
    0.08980415
    0.07330418
    0.06447598
    0.07427810
    0.09821196
    0.08121467
    0.05071326
    0.05721191
    0.07591748
    0.07889913
    0.09473024
    0.09612179
    0.06169047
    0.05876493
    0.08321861
    0.07124148
    0.07741155
    0.06501619
    0.09308655
    0.07490160
    0.05347135
    0.08492450
