           1           2   1.02519510354952     
           2           3  0.855897874196829     
           3           4   1.35332378447637     
           4           5   1.52967237062288     
           4           6   1.32469628165620     
           6           7  0.889520036196698     
           7           8   1.02188151999130     
           4           9  0.962791558111623     
           5           9  0.132475129784235     
           9          10  0.994549955502272     
          10          11  0.976265954256209     
          11          12  0.967535255721573     
          11          13  0.138303016491381     
          12          13   1.54641141793358     
          12          14   1.32778901388776     
          14          15  0.881680794921101     
          15          16   1.02360990787659     
          12          17   1.34945233899490     
          17          18  0.866993956760811     
          18          19   1.01994874863580     
           1          20  0.974367374166086     
           1          21  0.973001397100334     
           1          22  0.981423077761395     
           2          23  0.965238915372569     
           2          24  0.964015997891374     
           7          25  0.963982869491852     
           7          26  0.968963067355355     
           8          27  0.980592529351198     
           8          28  0.976265518984889     
           8          29  0.976271696585609     
          10          30  0.947379710461240     
          10          31  0.958999234521419     
          15          32  0.963024316150439     
          15          33  0.966852864291024     
          16          34  0.975475706431190     
          16          35  0.975179187026216     
          16          36  0.982658593438045     
          18          37  0.968477992955339     
          18          38  0.964494104575139     
          19          39  0.983678360220024     
          19          40  0.974418636627205     
          19          41  0.980855686510249     
