   -0.12735511
    0.09409468
   -0.26247217
    0.37619000
   -0.45296700
   -0.27866381
    0.07892031
   -0.12310868
   -0.14699678
    0.02873619
   -0.12853155
    0.37314485
   -0.46452607
   -0.27269868
    0.08037180
   -0.13052675
   -0.25356745
    0.07316490
   -0.13151272
    0.08501547
    0.06304631
    0.06975410
    0.06477757
    0.05857759
    0.08905029
    0.06352348
    0.06737148
    0.08359959
    0.05228447
    0.09037905
    0.12890396
    0.07153935
    0.08156370
    0.06652500
    0.06764327
    0.08755496
    0.09561563
    0.06420391
    0.08764062
    0.05436742
    0.07536684
