           1           2   1.01379099623647     
           2           3  0.909106640693449     
           3           4   1.18697835419085     
           3           5  0.178392261412861     
           4           5   1.70913595786550     
           4           6  0.957120249484328     
           6           7  0.975126665983216     
           7           8  0.930050759166232     
           7           9  0.956772602104072     
           9          10   1.64906210595335     
           9          11   1.22631683484402     
          10          11  0.165914469060806     
          11          12  0.890159972358604     
          12          13   1.01430345654577     
           7          14  0.970682565443072     
          10          15  0.143624121668031     
          14          15  0.952821993572708     
          14          16  0.128963921778209     
          15          16   1.50055743760710     
          15          17   1.30504690025903     
          17          18  0.912033788054172     
          15          19   1.29188401613673     
          19          20  0.901392597835805     
           1          21  0.985465443487488     
           1          22  0.983838588011430     
           1          23  0.978856973189737     
           2          24  0.967348449454653     
           2          25  0.969865068105652     
           6          26  0.966827656767334     
           6          27  0.944541233442784     
          12          28  0.966086116230002     
          12          29  0.968924571008090     
          13          30  0.984035098449900     
          13          31  0.983341807478861     
          13          32  0.976452396883173     
          18          33  0.970805873600987     
          18          34  0.977405493895835     
          18          35  0.977270504339777     
          20          36  0.972653186001287     
          20          37  0.970619780591860     
          20          38  0.978688762561910     
