           1           2   1.01313397912482     
           2           3  0.901843100428082     
           3           4   1.23063603490107     
           3           5  0.157469057965199     
           4           5   1.59366423595527     
           4           6  0.987216278257327     
           6           7   1.00961545354830     
           7           8  0.924165351572857     
           7           9  0.953794031137461     
           9          10   1.68067658601331     
           9          11   1.20684573986910     
          10          11  0.179201632596488     
          11          12  0.901402127103677     
          12          13   1.01616833748265     
           7          14  0.942611501246772     
           5          15  0.227738542610659     
          14          15  0.986837264378889     
          14          16  0.121869006029698     
          15          16   1.46626435344958     
          15          17   1.27149922865820     
          17          18  0.916004573220052     
          15          19   1.24423294188470     
          19          20  0.919537194558210     
           1          21  0.977986870213316     
           1          22  0.983194991408147     
           1          23  0.985276746946545     
           2          24  0.970342937399484     
           2          25  0.965657134531563     
           6          26  0.933834467705942     
           6          27  0.931749165729934     
          12          28  0.964209696742633     
          12          29  0.968839846745223     
          13          30  0.982551480756582     
          13          31  0.977852918099994     
          13          32  0.983880217787258     
          18          33  0.972159411105150     
          18          34  0.972499543541279     
          18          35  0.976511607332036     
          20          36  0.979685145322425     
          20          37  0.972316170483319     
          20          38  0.974949395618995     
