$coord
          2.866072167576          4.787810201822          2.180199962485     c 
          3.335016860135          3.126956217658         -0.133623014526     c 
          5.285507557713          1.015030222954          0.427230155355     c 
          3.729872046089         -1.344931168433          0.278877392237     c 
          4.357362453935         -3.844004772994          0.640600921514     c 
          2.492800745066         -5.669867797796          0.353500852625     c 
          0.042624355967         -4.992778199313         -0.257253418826     c 
         -0.594944991022         -2.473410926237         -0.627519542506     c 
          1.272260785356         -0.651233756908         -0.372336963988     c 
          0.965737262406          1.857131486149         -0.730754538092     o 
         -3.065676607305         -1.834260634518         -1.305693270720     o 
         -4.303022383842         -0.159559271311          0.210839270758     c 
         -3.526776345605          0.515119161016          2.266997694308     o 
         -6.471080550022          0.548614699354         -0.867500705718     n 
         -8.249216278681          2.243422652742          0.325784728543     c 
          4.073782113956          4.714798278936         -2.425215354114     c 
          4.593029851472          5.757956006462          2.714929995669     h 
          1.408511604977          6.172586022309          1.760877778837     h 
          2.212735796130          3.626823609541          3.746548620778     h 
          6.799697793136          0.998973062259         -0.971431532980     h 
          6.126315309354          1.250979172839          2.292429998220     h 
          6.261864673474         -4.370434144884          1.137246720503     h 
          2.946514553365         -7.636721339651          0.625468327569     h 
         -1.416814749749         -6.399474238746         -0.462847613860     h 
         -6.887189799690         -0.168746350514         -2.583688992229     h 
        -10.052695177227          1.294740814071          0.619445125817     h 
         -8.529110580451          3.914404966873         -0.843241662161     h 
         -7.462993481239          2.800916320176          2.142272617875     h 
          5.819575448499          5.720443109177         -2.039293000988     h 
          2.588771019563          6.071206749700         -2.839210210582     h 
          4.330536128669          3.505433809835         -4.066714736759     h 
$end
