           1           2   1.01974616507176     
           2           3  0.887877185043473     
           3           4   1.30053013503120     
           4           5   1.54325413352321     
           4           6   1.32506772269435     
           6           7  0.875647685409313     
           7           8   1.02276620620762     
           4           9  0.983514843841600     
           9          10  0.984883268097491     
          10          11  0.978144429917939     
          11          12   1.01391719925869     
          11          13  0.135831166414490     
          12          13   1.51577672538927     
          12          14   1.29580101682070     
          14          15  0.880411517450046     
          15          16   1.02186601397562     
          12          17   1.32464418584124     
          17          18  0.885140220609218     
          18          19   1.02217171380054     
           1          20  0.981216236557190     
           1          21  0.983001983817731     
           1          22  0.976189784974942     
           2          23  0.966448040790592     
           2          24  0.968909234372692     
           7          25  0.966432228741875     
           7          26  0.966338125837082     
           8          27  0.982179140198292     
           8          28  0.977353973411465     
           8          29  0.975319386936779     
          10          30  0.954769447807787     
          10          31  0.954358172159224     
          15          32  0.967991009333262     
          15          33  0.967399349920654     
          16          34  0.975941653203066     
          16          35  0.982412842846259     
          16          36  0.982334452210072     
          18          37  0.964535884670440     
          18          38  0.967062918716828     
          19          39  0.978027942040989     
          19          40  0.982317679268323     
          19          41  0.975821210997506     
