   -0.12674216
    0.07474676
   -0.25615495
    0.38085777
   -0.47905869
   -0.27168098
    0.07767211
   -0.12642428
   -0.11649135
    0.03625922
   -0.11963042
    0.38203138
   -0.47072974
   -0.26106553
    0.07931488
   -0.12720862
   -0.26853679
    0.08290882
   -0.12021523
    0.05223736
    0.08644027
    0.07106991
    0.06454541
    0.09468589
    0.06081048
    0.08947495
    0.05350515
    0.08310162
    0.07155335
    0.07893474
    0.11313651
    0.06410366
    0.08671523
    0.06893058
    0.05359004
    0.08650588
    0.06263830
    0.08457757
    0.08181910
    0.06674199
    0.05502983
