   -0.12985738
    0.07874522
   -0.26532508
    0.37776293
   -0.44903024
   -0.25698145
    0.07294687
   -0.12691392
   -0.15755923
    0.04064891
   -0.14945538
    0.38122822
   -0.45579270
   -0.27284204
    0.07422720
   -0.12298355
   -0.25781663
    0.07326410
   -0.12900379
    0.06133025
    0.08450485
    0.07155671
    0.06331475
    0.09164757
    0.09263464
    0.06319563
    0.07054700
    0.08415700
    0.05136376
    0.09863488
    0.10028121
    0.09073248
    0.07622870
    0.05559069
    0.08594229
    0.06187090
    0.09372167
    0.06596576
    0.07063566
    0.08578017
    0.05510135
