   -0.12675995
    0.06425062
   -0.25319213
    0.37609486
   -0.48507575
   -0.09916338
    0.01756631
    0.09020320
    0.36716517
   -0.45887842
   -0.24706099
    0.07651643
   -0.13091413
   -0.12733416
    0.38472082
   -0.47441069
   -0.26111928
    0.01136374
   -0.24607904
    0.00564837
    0.07019623
    0.07508771
    0.05249149
    0.08975323
    0.06324297
    0.10262969
    0.11934921
    0.07233593
    0.06629360
    0.07415922
    0.08294921
    0.07094646
    0.07397400
    0.11149304
    0.08836907
    0.09609125
    0.11455770
    0.09253840
