   -0.13761835
    0.07389613
   -0.24805201
    0.36865038
   -0.47723354
   -0.10165236
    0.01367559
    0.09789283
    0.37844278
   -0.47050635
   -0.24623733
    0.07674806
   -0.12420251
   -0.13044869
    0.37026323
   -0.47936879
   -0.26494959
    0.01119632
   -0.25169791
    0.01260778
    0.07549282
    0.07469648
    0.07916820
    0.06322553
    0.06619097
    0.12684067
    0.12201691
    0.06539438
    0.07723844
    0.06129834
    0.07959431
    0.06939160
    0.07646269
    0.11082269
    0.08925889
    0.09337762
    0.11220227
    0.08592152
