   -0.13035192
    0.07920190
   -0.25795972
    0.36134899
   -0.45945753
   -0.25910739
    0.06983770
   -0.12591786
   -0.13262186
    0.03987806
   -0.15706453
    0.35915918
   -0.45385171
   -0.24056919
    0.07706327
   -0.11960999
   -0.26115488
    0.07315124
   -0.13218503
    0.06607178
    0.06678659
    0.08621803
    0.06992827
    0.07960548
    0.07698596
    0.09672865
    0.05579262
    0.08715381
    0.06528192
    0.11760170
    0.07070838
    0.09408748
    0.06445601
    0.04729785
    0.06791657
    0.07897483
    0.09068265
    0.06821589
    0.06927731
    0.08647435
    0.06396518
