   -0.12325718
    0.08495105
   -0.27093951
    0.38524593
   -0.45024144
   -0.27613724
    0.07082038
   -0.12915599
   -0.13423171
    0.03804853
   -0.13816628
    0.37680181
   -0.46956338
   -0.25459029
    0.08323221
   -0.12659211
   -0.25647985
    0.08293602
   -0.13363230
    0.05653283
    0.08145497
    0.06507640
    0.05286451
    0.08428870
    0.09645930
    0.07019645
    0.05761551
    0.06927232
    0.08814441
    0.09933674
    0.10521433
    0.08574059
    0.06357279
    0.08538864
    0.05482950
    0.07256542
    0.05927021
    0.06195335
    0.07657608
    0.07106120
    0.08353706
