   -0.11974689
    0.09280799
   -0.27149416
    0.37565152
   -0.46778691
   -0.26649604
    0.07654416
   -0.12694410
   -0.13452446
    0.03680266
   -0.11713808
    0.38653132
   -0.46824545
   -0.27223237
    0.07670626
   -0.12730693
   -0.26434939
    0.06892372
   -0.12855357
    0.05539452
    0.06632114
    0.08097560
    0.07288168
    0.05686008
    0.09197464
    0.06303434
    0.08606525
    0.05476157
    0.06793945
    0.11900527
    0.08335879
    0.08251621
    0.07371331
    0.06810001
    0.06080682
    0.08460564
    0.07648191
    0.09721435
    0.05795467
    0.08640427
    0.06448123
