   -0.13427217
    0.07416889
   -0.26335697
    0.35427361
   -0.46288198
   -0.25198766
    0.08394734
   -0.12791581
   -0.13178496
    0.03636410
   -0.11896592
    0.36170334
   -0.46865628
   -0.26801647
    0.07087012
   -0.12610979
   -0.26073995
    0.07588703
   -0.12682312
    0.08820232
    0.06585435
    0.07297559
    0.08703451
    0.06819054
    0.08332397
    0.05117573
    0.08085555
    0.06190785
    0.07658587
    0.11977963
    0.07579427
    0.09552351
    0.07764513
    0.06435414
    0.08766062
    0.05764922
    0.07304560
    0.08484349
    0.08636182
    0.05994179
    0.06559117
