           1           2  0.981891713050580     
           2           3  0.957633990115619     
           2           4  0.969109200246978     
           4           5  0.956297076027468     
           4           6  0.969813929382773     
           6           7  0.962106210207965     
           6           8  0.945200911916866     
           8           9  0.947028736926257     
           1          10  0.966351202149195     
           8          10  0.986724779856687     
           8          11  0.993939349366935     
           6          12  0.998091439872270     
           4          13  0.995965240916001     
           2          14   1.00246570827910     
           1          15  0.966872607255021     
           1          16  0.967203210077292     
          11          17  0.832964688987721     
          12          18  0.843730788721504     
          13          19  0.846004027200410     
          14          20  0.844040530001596     
