           1           2   1.02202313925826     
           2           3  0.887395209831788     
           3           4   1.32603858164551     
           4           5   1.49462015238142     
           4           6   1.33157880456368     
           6           7  0.887906887232163     
           7           8   1.02050156970518     
           4           9  0.956249741071779     
           5           9  0.149021062076169     
           9          10  0.988396122745410     
          10          11  0.990836811026244     
          11          12  0.945653776668252     
          11          13  0.136402605292401     
          12          13   1.53925364629298     
          12          14   1.34873360147120     
          14          15  0.864811095096880     
          15          16   1.02484990198886     
          12          17   1.31608401781718     
          17          18  0.891861797761945     
          18          19   1.02050689800852     
           1          20  0.976413137260272     
           1          21  0.974499581289407     
           1          22  0.981891513388752     
           2          23  0.963346231464663     
           2          24  0.967929990753816     
           7          25  0.964312617645384     
           7          26  0.965051167445351     
           8          27  0.972739248688898     
           8          28  0.981771560194766     
           8          29  0.976201884162522     
          10          30  0.949416731684636     
          10          31  0.939780743963464     
          15          32  0.968521085156331     
          15          33  0.963932323953004     
          16          34  0.971217632550290     
          16          35  0.973890245320569     
          16          36  0.981337883291575     
          18          37  0.964025839858647     
          18          38  0.967521489321810     
          19          39  0.981492488480512     
          19          40  0.977094269975692     
          19          41  0.974640748068164     
