           1           2   1.01385564785886     
           2           3  0.904888627905458     
           3           4   1.17591229198493     
           3           5  0.174017534977265     
           4           5   1.70364557005539     
           4           6  0.976457455300193     
           6           7  0.996056558126519     
           7           8  0.927891378623852     
           7           9  0.957409249419033     
           9          10   1.69164639950084     
           9          11   1.19559242169610     
          10          11  0.174423823191167     
          11          12  0.896693937895664     
          12          13   1.02051151911305     
           7          14  0.957276047064240     
          14          15  0.971385006053938     
          14          16  0.134951665777311     
          15          16   1.53114518727370     
          15          17   1.29185435872500     
          17          18  0.913002071046062     
          15          19   1.33203917659053     
          19          20  0.888663363602414     
           1          21  0.978181934764468     
           1          22  0.983935552596740     
           1          23  0.984850610139766     
           2          24  0.969837640036343     
           2          25  0.969539587224484     
           6          26  0.946986554463798     
           6          27  0.932646577436984     
          12          28  0.967875530577306     
          12          29  0.968479414549401     
          13          30  0.977274377783592     
          13          31  0.982300133321497     
          13          32  0.982356892066259     
          18          33  0.977003754541766     
          18          34  0.971457668067634     
          18          35  0.976508415878975     
          20          36  0.972102020335971     
          20          37  0.977171028315122     
          20          38  0.970809001734531     
