   -0.12818291
    0.08026732
   -0.26764422
    0.36780832
   -0.48767678
   -0.25542744
    0.09505686
   -0.12889404
   -0.10536860
    0.03065016
   -0.13004819
    0.35135077
   -0.46081540
   -0.26248602
    0.07593348
   -0.12886027
   -0.25438287
    0.07932872
   -0.13027977
    0.07088320
    0.08427842
    0.05843799
    0.08609004
    0.05743857
    0.06236064
    0.04934796
    0.06661667
    0.07932901
    0.08359177
    0.08593699
    0.13136392
    0.05806080
    0.09037214
    0.08491477
    0.07479711
    0.05044475
    0.08993945
    0.06721752
    0.07241343
    0.08878241
    0.06705331
