   -0.12520997
    0.07569043
   -0.26195687
    0.36877690
   -0.46157625
   -0.25190364
    0.09772829
   -0.13056454
   -0.14681175
    0.03879331
   -0.12351653
    0.36382945
   -0.47184176
   -0.25390754
    0.07402669
   -0.13302073
   -0.24685690
    0.08031157
   -0.13419563
    0.08509236
    0.05162632
    0.07225517
    0.09430383
    0.06433556
    0.04958770
    0.04973453
    0.07020893
    0.08158536
    0.07808793
    0.11596454
    0.07917131
    0.07369123
    0.08671804
    0.07044758
    0.06875926
    0.08811734
    0.05791722
    0.06963874
    0.07873588
    0.07131146
    0.08491520
