           1           2   1.02350791792815     
           2           3  0.876323940844369     
           3           4   1.32502353219046     
           4           5   1.51676188692722     
           4           6   1.31954037624419     
           6           7  0.889375038616042     
           7           8   1.01644614043608     
           4           9  0.993931863362994     
           5           9  0.136060245503035     
           9          10  0.973371569474606     
          10          11  0.996792920369005     
          11          12  0.957606758190961     
          11          13  0.134055606077046     
          12          13   1.53977412478374     
          12          14   1.35954096197079     
          14          15  0.858926013338494     
          15          16   1.02148069879288     
          12          17   1.33496429030135     
          17          18  0.881324464343971     
          18          19   1.01825597255254     
           1          20  0.975656522620009     
           1          21  0.975946325807659     
           1          22  0.981958195158407     
           2          23  0.964658496288036     
           2          24  0.967538191872676     
           7          25  0.968145737433672     
           7          26  0.970065432997914     
           8          27  0.983413386658132     
           8          28  0.976276915458179     
           8          29  0.981816197713088     
          10          30  0.960968349798494     
          10          31  0.946733476668972     
          15          32  0.963512515158426     
          15          33  0.967493883413908     
          16          34  0.983023517242194     
          16          35  0.980193484903833     
          16          36  0.973787552059554     
          18          37  0.968643023278252     
          18          38  0.969328614550098     
          19          39  0.981732428057599     
          19          40  0.982974440279787     
          19          41  0.975256403269879     
