   -0.10905873
   -0.06213911
   -0.01701346
   -0.16812588
   -0.01764229
   -0.03009275
   -0.06488933
   -0.06760819
    0.07458638
   -0.01188730
   -0.01543927
    0.01259154
   -0.01549511
   -0.01201923
    0.41193239
   -0.41844263
   -0.41734860
    0.42103237
   -0.35116462
   -0.35114602
   -0.34371220
    0.41163203
   -0.41825006
   -0.41683928
    0.12861490
    0.12076134
    0.12195161
    0.12848925
    0.09008356
    0.10848237
    0.11750108
    0.11778518
    0.11642708
    0.12803199
    0.12644726
    0.10579927
    0.13140954
    0.12382234
    0.15560052
    0.15533207
