   -0.12591851
    0.07000244
   -0.25749956
    0.37608811
   -0.45915594
   -0.25620924
    0.08490137
   -0.12744385
   -0.15381716
    0.04066553
   -0.14923837
    0.38380243
   -0.44723247
   -0.26866332
    0.07470821
   -0.13414713
   -0.26987853
    0.08473753
   -0.12636890
    0.08470169
    0.05446436
    0.06807740
    0.09784206
    0.06967892
    0.06238843
    0.08137332
    0.05484752
    0.08452374
    0.07154038
    0.09535031
    0.10138420
    0.09344784
    0.06687392
    0.06182816
    0.07267872
    0.09071470
    0.05967837
    0.08231386
    0.05389495
    0.08259899
    0.07046553
