           1           2   1.01992971865863     
           2           3  0.886772809109337     
           3           4   1.31991016398513     
           4           5   1.50798055841970     
           4           6   1.32736617934877     
           6           7  0.873014581758001     
           7           8   1.02375769255307     
           4           9  0.984197196793147     
           5           9  0.136229314816058     
           9          10  0.988936843485467     
          10          11  0.987966461195928     
          11          12  0.946467048625163     
          11          13  0.136280131379778     
          12          13   1.55111701735403     
          12          14   1.32767364334127     
          14          15  0.881559336897818     
          15          16   1.01845317569801     
          12          17   1.35568818764722     
          17          18  0.860457877896130     
          18          19   1.02060527563937     
           1          20  0.976672257596143     
           1          21  0.979607104336182     
           1          22  0.983140306669295     
           2          23  0.966145218822090     
           2          24  0.969213894976158     
           7          25  0.966483593220857     
           7          26  0.964316712768038     
           8          27  0.974424708462623     
           8          28  0.975061255451911     
           8          29  0.981805620908179     
          10          30  0.953358376785819     
          10          31  0.951025838317094     
          15          32  0.970305011999383     
          15          33  0.967695442872764     
          16          34  0.975197867946834     
          16          35  0.983212965211741     
          16          36  0.981858016053177     
          18          37  0.964473781990648     
          18          38  0.969766247073708     
          19          39  0.973393857992370     
          19          40  0.981911346543517     
          19          41  0.981125267066178     
