           1           2   1.01339360070798     
           2           3  0.907433251602677     
           3           4   1.19359141765147     
           3           5  0.180330557458291     
           4           5   1.70408772144933     
           4           6  0.963215106087003     
           6           7  0.985206557604731     
           7           8  0.925183937859163     
           7           9  0.952712619014498     
           9          10   1.71121924872041     
           9          11   1.18056136698408     
          10          11  0.173553052701188     
          11          12  0.898534507540303     
          12          13   1.01366122301150     
           7          14  0.955178115995884     
          14          15  0.972536317102441     
          14          16  0.133334369363350     
          15          16   1.52315898166233     
          15          17   1.33428097494588     
          17          18  0.886516241513466     
          15          19   1.28907445129252     
          19          20  0.914883733307984     
           1          21  0.978375256255566     
           1          22  0.985072860892379     
           1          23  0.983810855207413     
           2          24  0.967375824978026     
           2          25  0.969842131606880     
           6          26  0.945049484746455     
           6          27  0.965989114320854     
          12          28  0.968349468320533     
          12          29  0.970124794320803     
          13          30  0.977568564087310     
          13          31  0.984772497003366     
          13          32  0.983091805003012     
          18          33  0.972064976328350     
          18          34  0.970893985469958     
          18          35  0.977524248726124     
          20          36  0.977019784045217     
          20          37  0.971286188767836     
          20          38  0.978686443928455     
