   -0.12895524
    0.07130922
   -0.27973479
    0.37165922
   -0.46886731
   -0.26910869
    0.10306009
   -0.12164138
   -0.10998684
    0.03570663
   -0.11757945
    0.37603195
   -0.47169540
   -0.25504008
    0.07653732
   -0.12953956
   -0.26339429
    0.07413682
   -0.13124595
    0.09000955
    0.06389850
    0.06421647
    0.07424927
    0.09454544
    0.04655280
    0.04504954
    0.06352228
    0.07568128
    0.08035621
    0.12110666
    0.06823458
    0.08043351
    0.07223418
    0.09049201
    0.06841324
    0.06929188
    0.09446233
    0.06104972
    0.07545636
    0.08534927
    0.05374266
