   -0.12943473
    0.07210525
   -0.24894608
    0.38581209
   -0.44636293
   -0.26009240
    0.07455180
   -0.13433271
   -0.18461199
    0.04665775
   -0.13833236
    0.36628333
   -0.47556351
   -0.25686857
    0.07280998
   -0.13384052
   -0.24866620
    0.06738399
   -0.12530767
    0.05428038
    0.06704445
    0.08692367
    0.10069975
    0.06489528
    0.08808785
    0.06770575
    0.08710017
    0.07062465
    0.07036012
    0.08765279
    0.07919643
    0.06942465
    0.09543398
    0.06665333
    0.09079732
    0.07165316
    0.07805366
    0.09977157
    0.08479773
    0.06271439
    0.05288436
