   -0.12579586
    0.07703956
   -0.26561187
    0.39383912
   -0.45806095
   -0.26582521
    0.07305092
   -0.13269933
   -0.15065875
    0.04673173
   -0.15567511
    0.36989566
   -0.45769317
   -0.25043084
    0.08115817
   -0.12938854
   -0.25672084
    0.06846287
   -0.12686575
    0.05156580
    0.07344319
    0.08114436
    0.08894542
    0.06062986
    0.09320031
    0.06570355
    0.06999431
    0.07136532
    0.08572598
    0.08586451
    0.08598950
    0.07472895
    0.06474046
    0.07280591
    0.08825864
    0.06793991
    0.07582029
    0.10034759
    0.06570382
    0.05490467
    0.08642584
