   65
          6          1          6
          3          7          9
          6         10         15
          6         16         21
          6         22         27
          6         28         33
          6         34         39
          6         40         45
          6         46         51
          6         52         57
          6         58         63
          5         64         68
          1         69         69
          6         70         75
          6         76         81
          6         82         87
          6         88         93
          3         94         96
          2         97         98
          1         99         99
          2        100        101
          6        102        107
          6        108        113
          6        114        119
          6        120        125
          5        126        130
          6        131        136
          5        137        141
          3        142        144
          1        145        145
          6        146        151
          6        152        157
          3        158        160
          5        161        165
          6        166        171
          6        172        177
          5        178        182
          4        183        186
          4        187        190
          1        191        191
          5        192        196
          4        197        200
          1        201        201
          5        202        206
          6        207        212
          5        213        217
          6        218        223
          5        224        228
          1        229        229
          1        230        230
          3        231        233
          1        234        234
          4        235        238
          5        239        243
          2        244        245
          2        246        247
          4        248        251
          1        252        252
          3        253        255
          1        256        256
          3        257        259
          4        260        263
          2        264        265
          3        266        268
          3        269        271
