   -0.12735635
    0.07020581
   -0.26773697
    0.36917151
   -0.47115707
   -0.26553928
    0.08007362
   -0.12263358
   -0.11588540
    0.02742843
   -0.12103154
    0.35930122
   -0.46417012
   -0.27565892
    0.07757329
   -0.13565486
   -0.27152618
    0.08712902
   -0.12292050
    0.05865986
    0.06268866
    0.08875458
    0.09648298
    0.07858730
    0.07162694
    0.08285162
    0.05543286
    0.06764987
    0.08702585
    0.13907558
    0.08817746
    0.08257862
    0.06511933
    0.07056550
    0.08796461
    0.06710038
    0.05086966
    0.08532651
    0.07157815
    0.05217468
    0.08009689
