   -0.12458816
    0.08699539
   -0.26556540
    0.36693604
   -0.46215889
   -0.26252541
    0.07452829
   -0.12530755
   -0.14757863
    0.03891471
   -0.16556325
    0.37575117
   -0.45321918
   -0.25483441
    0.07032013
   -0.12376224
   -0.25770012
    0.07447732
   -0.13293785
    0.08557863
    0.05500833
    0.06818592
    0.08012110
    0.06501896
    0.06479545
    0.09429689
    0.08531307
    0.06883307
    0.05615226
    0.11046776
    0.10062814
    0.10016751
    0.07260638
    0.04639560
    0.06847015
    0.08593583
    0.08592091
    0.07163326
    0.06614945
    0.06899899
    0.08714039
