           1           2   1.04137213842799     
           2           3   1.55448396568602     
           3           4   1.10344037242609     
           4           5   1.62911736854312     
           4           6   1.10809716627850     
           5           6  0.137795614771149     
           6           7   1.12753809420675     
           6           8  0.130558636685183     
           7           8   1.60338580498770     
           2           9   1.18209258591877     
           7           9   1.14457833916166     
           8           9  0.129775056695234     
           6          10  0.911114668296147     
          10          11  0.996911608934681     
          10          12  0.995779189395260     
          10          13  0.993392454361359     
           3          14  0.965792554300453     
           1          15  0.949910320612831     
           1          16  0.944266085814720     
           1          17  0.972396621026314     
           9          18  0.889856505732234     
          11          19  0.979544693845757     
          11          20  0.977344091657771     
          11          21  0.985109854905636     
          12          22  0.979337531593306     
          12          23  0.976815001224775     
          12          24  0.984845287062972     
          13          25  0.983841923895628     
          13          26  0.984374535878976     
          13          27  0.980549139614051     
