   -0.12542305
    0.07980978
   -0.25221927
    0.38354576
   -0.45696487
   -0.25778454
    0.07157243
   -0.13458363
   -0.15243034
    0.03885729
   -0.12349161
    0.37752398
   -0.47940789
   -0.25714280
    0.08096755
   -0.13096466
   -0.25929764
    0.07379052
   -0.12839505
    0.07230348
    0.05978787
    0.07725302
    0.05194569
    0.08263982
    0.09390737
    0.07244461
    0.08814764
    0.06932735
    0.06972111
    0.09477834
    0.09296265
    0.05732583
    0.07635255
    0.08556790
    0.07534879
    0.06470186
    0.09349795
    0.06543347
    0.06996507
    0.08539093
    0.05323477
