   -0.12930537
    0.07470926
   -0.25687797
    0.36849277
   -0.48899206
   -0.25906138
    0.08351498
   -0.12423443
   -0.09772850
    0.03168441
   -0.13197058
    0.36186138
   -0.47370288
   -0.26633916
    0.07684412
   -0.12380663
   -0.24397368
    0.09239717
   -0.13090459
    0.07145841
    0.05332302
    0.08670324
    0.06476689
    0.09347269
    0.05831713
    0.08655484
    0.05419227
    0.08334255
    0.07171739
    0.07969107
    0.12588621
    0.09201311
    0.06341508
    0.08437932
    0.05148857
    0.07074506
    0.05319865
    0.06358717
    0.06835169
    0.08395074
    0.07683802
