           1           2   1.02347753237856     
           2           3  0.877456421531198     
           3           4   1.32326006148316     
           4           5   1.49503625645325     
           4           6   1.32118849199371     
           6           7  0.888586554511345     
           7           8   1.02229410834368     
           4           9  0.973653431271838     
           5           9  0.132161170963735     
           9          10  0.979578251063208     
          10          11  0.995503726314090     
          11          12  0.969904778459588     
          11          13  0.146722343618131     
          12          13   1.49940111315420     
          12          14   1.32010054308150     
          14          15  0.871749591663677     
          15          16   1.02354957642081     
          12          17   1.32096716229461     
          17          18  0.885209050276094     
          18          19   1.02133715148423     
           1          20  0.975551324884386     
           1          21  0.975937949631190     
           1          22  0.981933646292878     
           2          23  0.965459432235569     
           2          24  0.967163140059608     
           7          25  0.964005747911029     
           7          26  0.966388773033881     
           8          27  0.970492231382689     
           8          28  0.981248591721044     
           8          29  0.975297615539419     
          10          30  0.940749901212543     
          10          31  0.959996239163568     
          15          32  0.970565236832065     
          15          33  0.964972509329789     
          16          34  0.975568822398144     
          16          35  0.982789943863880     
          16          36  0.974295674050730     
          18          37  0.963376493296687     
          18          38  0.963022832683372     
          19          39  0.976324877011413     
          19          40  0.982025486674679     
          19          41  0.976703565153585     
