           1           2   1.02257520759847     
           2           3  0.887580749106201     
           3           4   1.32204984747106     
           4           5   1.51091603466226     
           4           6   1.31589531711814     
           6           7  0.873501184300022     
           7           8   1.02189719210438     
           4           9  0.991698705024120     
           5           9  0.135154179185390     
           9          10  0.984176136928073     
          10          11  0.989280253521268     
          11          12  0.948178569894377     
          11          13  0.133954829680698     
          12          13   1.55392150083675     
          12          14   1.32511299779390     
          14          15  0.883585975996609     
          15          16   1.02250307342116     
          12          17   1.33576500941141     
          17          18  0.866782973648880     
          18          19   1.02031361159365     
           1          20  0.982619748817845     
           1          21  0.977659304982222     
           1          22  0.976013100250032     
           2          23  0.967209625752538     
           2          24  0.964142132374869     
           7          25  0.966069625805558     
           7          26  0.968301695786106     
           8          27  0.981614063317529     
           8          28  0.981334061093793     
           8          29  0.975032352038241     
          10          30  0.954488037554163     
          10          31  0.953415096354931     
          15          32  0.968871330608069     
          15          33  0.963653625527550     
          16          34  0.981713341307274     
          16          35  0.978010573331713     
          16          36  0.975605306897508     
          18          37  0.962208572018671     
          18          38  0.970348286630046     
          19          39  0.982223458114016     
          19          40  0.974418846694406     
          19          41  0.982504562819482     
