           1           2   1.02392083974177     
           2           3  0.862536788414565     
           3           4   1.36172976725560     
           4           5   1.53275530562166     
           4           6   1.30386635821330     
           6           7  0.891837232390668     
           7           8   1.02039167663646     
           4           9  0.975335774725005     
           5           9  0.136700994350687     
           9          10  0.982119628806208     
          10          11  0.987572921496773     
          11          12  0.975326125616606     
          11          13  0.134131761103976     
          12          13   1.52565215074597     
          12          14   1.35480227553998     
          14          15  0.859033282990910     
          15          16   1.02140752897837     
          12          17   1.32136166763609     
          17          18  0.884580956472778     
          18          19   1.02239651674296     
           1          20  0.970459890307731     
           1          21  0.973710502936433     
           1          22  0.981312255821211     
           2          23  0.967075751225204     
           2          24  0.964993816398728     
           7          25  0.964348903216591     
           7          26  0.968435483310631     
           8          27  0.981272549653607     
           8          28  0.976557975470259     
           8          29  0.976310632270391     
          10          30  0.937764328388706     
          10          31  0.954687078098866     
          15          32  0.966927091893961     
          15          33  0.969143531509180     
          16          34  0.982124648273608     
          16          35  0.973896052876512     
          16          36  0.980378759186422     
          18          37  0.964666545664504     
          18          38  0.969135161951020     
          19          39  0.980200815500811     
          19          40  0.975307115997939     
          19          41  0.975113442331358     
