$coord
          4.358858068089         -2.761579038752         -0.732441860786     c 
          4.043983115790         -0.134107870206          0.405005832639     c 
          1.517997913591          1.065646473358         -0.303781910621     c 
          1.213756243607          0.969217762494         -2.351225985788     h 
          1.279887313563          3.786259646342          0.606401990327     c 
         -0.393610653262         -0.478853891416          0.894389178968     o 
         -2.745896653798         -0.441765263685         -0.047377250111     n 
         -3.174454450102          0.869179104370         -1.835481544691     o 
         -4.195610981281         -1.782768000840          1.047145698589     o 
          4.257501850325         -2.682380477952         -2.783654024740     h 
          2.887939242136         -4.023068721812         -0.049617477705     h 
          6.179494384547         -3.545392279139         -0.201478952440     h 
          5.543079936012          1.104695977110         -0.268495908158     h 
          4.155588393575         -0.245052734314          2.458451226343     h 
          1.445059174878          3.857241482183          2.651764482850     h 
          2.771163803789          4.915879737160         -0.230492102590     h 
         -0.530986650863          4.579679492841          0.045384312432     h 
$end
