           1           2   1.02282100480147     
           2           3  0.878220705501220     
           3           4   1.31946875081080     
           4           5   1.51463345216031     
           4           6   1.31714230731958     
           6           7  0.890115623627105     
           7           8   1.02188075419509     
           4           9  0.981707846707739     
           5           9  0.135375586721631     
           9          10  0.974997026634678     
          10          11  0.992787846822552     
          11          12  0.981361497493035     
          11          13  0.128796490989184     
          12          13   1.50169842005253     
          12          14   1.32636578988215     
          14          15  0.876471980862607     
          15          16   1.02280828848741     
          12          17   1.32295181362956     
          17          18  0.886277788478462     
          18          19   1.01618476098154     
           1          20  0.981270328644550     
           1          21  0.975816777326082     
           1          22  0.974650769880167     
           2          23  0.965302835672617     
           2          24  0.968022296184304     
           7          25  0.964151507047033     
           7          26  0.967848493831585     
           8          27  0.975170919548793     
           8          28  0.981591411328922     
           8          29  0.976408033811126     
          10          30  0.945603697794438     
          10          31  0.957468939277552     
          15          32  0.965192882948786     
          15          33  0.968859025662515     
          16          34  0.981633394519995     
          16          35  0.975763556868644     
          16          36  0.974499048778805     
          18          37  0.963439249436229     
          18          38  0.969893845958324     
          19          39  0.975711082066781     
          19          40  0.981912710817335     
          19          41  0.983354635930766     
