           1           2   1.02114081367659     
           2           3  0.865804818630392     
           3           4   1.32259191429578     
           4           5   1.55488195829892     
           4           6   1.26828257610189     
           6           7  0.882969809954773     
           7           8   1.01721842579932     
           4           9   1.02772656186137     
           5           9  0.126902289298362     
           9          10  0.969005765483825     
          10          11  0.998884997101272     
          11          12  0.956564403791661     
          11          13  0.135690396878916     
          12          13   1.50591034743495     
          12          14   1.36087367730293     
          14          15  0.859540336279139     
          15          16   1.02258649784388     
          12          17   1.32937424641826     
          17          18  0.883625809463795     
          18          19   1.02394220822612     
           1          20  0.977352622795706     
           1          21  0.982564420573407     
           1          22  0.973453088690695     
           2          23  0.967325845810946     
           2          24  0.966835999927669     
           7          25  0.970130153440022     
           7          26  0.969256946992618     
           8          27  0.975531503948130     
           8          28  0.982453146823047     
           8          29  0.982559794655099     
          10          30  0.959833404984256     
          10          31  0.948195680201229     
          15          32  0.965112122296506     
          15          33  0.970512122519048     
          16          34  0.979989970227272     
          16          35  0.973671598671645     
          16          36  0.976764578313547     
          18          37  0.966255415991657     
          18          38  0.962354636458472     
          19          39  0.982572193490429     
          19          40  0.974933532124557     
          19          41  0.975631815729193     
