           1           2   1.01324207212889     
           2           3  0.909019223975232     
           3           4   1.19430788613397     
           3           5  0.174218294287809     
           4           5   1.68694639249995     
           4           6  0.958151117240793     
           6           7  0.992707172153905     
           7           8  0.923240008746874     
           7           9  0.956692558020960     
           9          10   1.69934588734255     
           9          11   1.17976886955152     
          10          11  0.168693263691427     
          11          12  0.897238968321530     
          12          13   1.01632720954780     
           7          14  0.959127521234815     
          14          15  0.967724482980195     
          14          16  0.132713952579726     
          15          16   1.52021750892894     
          15          17   1.33099041440610     
          17          18  0.887708979589415     
          15          19   1.29537449463266     
          19          20  0.911658759271797     
           1          21  0.983866312993660     
           1          22  0.985222635271972     
           1          23  0.979223445248361     
           2          24  0.970584314025505     
           2          25  0.968304293980700     
           6          26  0.963770299489352     
           6          27  0.942812969263154     
          12          28  0.970070355916273     
          12          29  0.966480535375925     
          13          30  0.984974770062890     
          13          31  0.977455070879541     
          13          32  0.981534241489873     
          18          33  0.972361689105622     
          18          34  0.971191949246374     
          18          35  0.977203407361468     
          20          36  0.975851867722591     
          20          37  0.971748403630509     
          20          38  0.976112608273997     
