   -0.12867817
    0.06206379
   -0.24563061
    0.37169131
   -0.47362842
   -0.10031150
    0.00167662
    0.12261083
    0.37977459
   -0.43493165
   -0.22412407
    0.07579042
   -0.13706104
   -0.10780056
    0.33095701
   -0.47398333
   -0.29372668
    0.02748388
   -0.25736242
    0.03549427
    0.07983187
    0.04837927
    0.07185439
    0.09817508
    0.06861768
    0.11327511
    0.13163641
    0.06379941
    0.07763535
    0.07348444
    0.08400086
    0.08050281
    0.07378624
    0.09677110
    0.06638033
    0.06370003
    0.10425615
    0.07360915
