   -0.12648546
    0.06333501
   -0.25775533
    0.37275132
   -0.45843780
   -0.09816242
    0.01244246
    0.10486045
    0.37229414
   -0.45486497
   -0.24587293
    0.06405584
   -0.12519325
   -0.13337154
    0.37305960
   -0.46571005
   -0.27228057
    0.01757562
   -0.25383196
    0.01355060
    0.07847134
    0.05569133
    0.06045222
    0.09037548
    0.06798276
    0.12140569
    0.09568457
    0.06948032
    0.10059279
    0.08030754
    0.07049140
    0.04769641
    0.08242521
    0.07624707
    0.11060111
    0.09089506
    0.11215466
    0.08708626
