   -0.13673737
    0.07672100
   -0.23357533
    0.37385238
   -0.45112586
   -0.10346517
    0.00067705
    0.14324302
    0.37256140
   -0.46294594
   -0.25213888
    0.06556752
   -0.12250108
   -0.11582355
    0.34636223
   -0.47221185
   -0.26503208
    0.04123458
   -0.30125849
    0.02150157
    0.07353876
    0.07904644
    0.07958980
    0.06715895
    0.06173773
    0.13042666
    0.13039561
    0.06900185
    0.09789001
    0.05944483
    0.05200445
    0.08053316
    0.09707068
    0.07012522
    0.06784406
    0.07306787
    0.10021964
    0.08599916
