           1           2   1.01945150173710     
           2           3  0.901452792897583     
           3           4   1.22666288992821     
           3           5  0.160304892418575     
           4           5   1.60498354593397     
           4           6  0.984189275187987     
           6           7   1.00858236380234     
           7           8  0.918737753713523     
           7           9  0.953067318561070     
           9          10   1.69669180938650     
           9          11   1.20035497572335     
          10          11  0.178077565148466     
          11          12  0.901612323698987     
          12          13   1.01543894237657     
           7          14  0.948774715863009     
           5          15  0.179499351651684     
          14          15   1.00298232033068     
          14          16  0.126584572374993     
          15          16   1.49057955453734     
          15          17   1.26366148198901     
          17          18  0.914695401486090     
          15          19   1.26927934905835     
          19          20  0.904176339876695     
           1          21  0.983183193969184     
           1          22  0.982114728955671     
           1          23  0.978171982986274     
           2          24  0.966365777514841     
           2          25  0.968476042342571     
           6          26  0.935527379802958     
           6          27  0.935331437517722     
          12          28  0.969569837638522     
          12          29  0.966044987245346     
          13          30  0.983700634784603     
          13          31  0.983881502117508     
          13          32  0.977659217453028     
          18          33  0.972158895962620     
          18          34  0.978187287664629     
          18          35  0.972836617905743     
          20          36  0.977822741239560     
          20          37  0.974123491973913     
          20          38  0.977873616851317     
