   -0.13764464
    0.07421155
   -0.24719085
    0.36932536
   -0.48185227
   -0.10175729
    0.01351144
    0.09897311
    0.37784174
   -0.46862767
   -0.24872029
    0.07524021
   -0.11839761
   -0.13554999
    0.37431190
   -0.47155556
   -0.26558667
    0.01102212
   -0.25081502
    0.01118052
    0.07933126
    0.07718508
    0.07349171
    0.06131161
    0.06714719
    0.12673424
    0.12274320
    0.08661799
    0.06851262
    0.05895657
    0.08000788
    0.05255765
    0.07699844
    0.11075400
    0.08899127
    0.11281433
    0.08521316
    0.09271171
