   -0.12939044
    0.06298913
   -0.24896102
    0.37114523
   -0.48051565
   -0.10020567
    0.01624140
    0.07823387
    0.37492013
   -0.47892964
   -0.26061511
    0.07947161
   -0.12312854
   -0.12214125
    0.38105005
   -0.44356070
   -0.26069451
    0.00921446
   -0.26988611
    0.01644184
    0.05103315
    0.07199258
    0.07857380
    0.09634737
    0.06518492
    0.12037253
    0.12233539
    0.06361831
    0.07365269
    0.07065563
    0.05695740
    0.08154528
    0.08101119
    0.11475460
    0.09159466
    0.09272205
    0.11012371
    0.08584560
