$coord
          9.624562805477          0.694432560273          0.005322540504     c 
          7.237759913191         -0.917747638665          0.014966785610     c 
          4.847858690111          0.699426022955         -0.006612279409     c 
          2.448489613858         -0.903243491037         -0.003582042055     c 
          0.061125404179          0.717470296815         -0.011817208094     c 
         -2.338025985092         -0.886679397750         -0.011907928357     c 
         -4.724529045334          0.732272132971         -0.004506983728     c 
         -7.133416606564         -0.883569479913         -0.002013987903     c 
         -9.483455267900          0.544384140581          0.017026024701     n 
         11.300281763997         -0.494071076864          0.021707126833     h 
          9.684276681315          1.880062375507         -1.672685523940     h 
          9.675321172153          1.913399446718          1.659528365032     h 
          7.228970216521         -2.120918343128          1.692261350006     h 
          7.237338219144         -2.152950766630         -1.638883274954     h 
          4.846468576900          1.932033121000          1.649878403883     h 
          4.859151757201          1.906938339338         -1.681445882047     h 
          2.445427632888         -2.129797806882         -1.664394549191     h 
          2.441508835433         -2.117544649405          1.666220900346     h 
          0.063684217081          1.941139445788          1.651295620677     h 
          0.069388133950          1.933780848973         -1.680282531793     h 
         -2.342341911858         -2.109954452880          1.650906477349     h 
         -2.347189845233         -2.103099497133         -1.679693142143     h 
         -4.729769289406          1.954539545596         -1.671263967957     h 
         -4.722550803676          1.948608499163          1.666677107592     h 
         -7.137016542245         -2.109323506834          1.661852996102     h 
         -7.153089944190         -2.091871015773         -1.678512798339     h 
         -9.546895803308          1.692383625479         -1.517974681490     h 
         -9.534682134300          1.670892937274          1.568336612008     h 
$end
