   33
          6          1          6
          6          7         12
          4         13         16
          5         17         21
          4         22         25
          1         26         26
          5         27         31
          1         32         32
          5         33         37
          4         38         41
          6         42         47
          4         48         51
          2         52         53
          3         54         56
          3         57         59
          6         60         65
          6         66         71
          2         72         73
          2         74         75
          1         76         76
          5         77         81
          5         82         86
          2         87         88
          2         89         90
          1         91         91
          3         92         94
          1         95         95
          1         96         96
          1         97         97
          4         98        101
          3        102        104
          3        105        107
          6        108        113
