           1           2  0.970276085483303     
           2           3  0.951017739987327     
           2           4  0.998668501755352     
           4           5   1.41449939236439     
           5           6   1.44088344368698     
           4           7  0.108256000684875     
           6           7   1.44090065683487     
           5           8  0.108125994582010     
           7           8   1.39825162370389     
           4           9   1.40975101379584     
           6           9  0.110686971200622     
           8           9   1.40648760793551     
           8          10  0.978155294082684     
          10          11   1.76611140564625     
          10          12   1.04552571995084     
          12          13   1.37048573949234     
          13          14   1.45978263832569     
          14          15   1.42915281652417     
          13          16  0.104563279389442     
          15          16   1.42752332295718     
          12          17   1.36741029600241     
          14          17  0.104737296280091     
          16          17   1.46140818061408     
           2          18  0.948761459459194     
          18          19   1.73282466470685     
          18          20   1.16404755691653     
          19          20  0.160464540778449     
           1          21  0.984752110507012     
           1          22  0.980711585043764     
           1          23  0.982213848016912     
           5          24  0.966189410550615     
           6          25  0.967513162665250     
           7          26  0.970229340859439     
           9          27  0.966857410341974     
          13          28  0.965249377955084     
          14          29  0.968423287206205     
          15          30  0.968612010267974     
          16          31  0.968018689401024     
          17          32  0.966313467324911     
          20          33  0.807151351058056     
