$hessian                                                                        
        0.4841863667  -0.0358377730   0.0016682213  -0.1464672816  -0.0645746064
        0.0004840966  -0.0367078864  -0.0117538803  -0.0003556062  -0.2024066270
        0.1156443015   0.0128419299  -0.0434249091  -0.0031346744  -0.0063015748
       -0.0429105432   0.0070077531  -0.0078051496  -0.0043116741  -0.0043662205
       -0.0021318153  -0.0032078607  -0.0053020982   0.0019466581   0.0008398666
       -0.0007207583  -0.0008571647  -0.0055894512   0.0030379566   0.0005104046
       -0.0358377730   0.5035779585  -0.0027786522  -0.0672886302  -0.1163238956
       -0.0004161130   0.0124046351   0.0104573247  -0.0001710707   0.1145447377
       -0.1236777159  -0.0090335977  -0.0034773576  -0.1109391501  -0.1068022303
        0.0077163066  -0.1373915423   0.1180876124  -0.0155068888  -0.0117218982
       -0.0025173442  -0.0176789670  -0.0143617606   0.0030697544   0.0007324772
        0.0012749571   0.0003849544   0.0043914601  -0.0008942776   0.0001766869
        0.0016682213  -0.0027786522   0.5229964332  -0.0010901713  -0.0004354882
       -0.0689939932   0.0010382965  -0.0006022041   0.0022609927   0.0131307397
       -0.0092527956  -0.0446710050  -0.0064697077  -0.1063333035  -0.2151438854
       -0.0084593930   0.1178306087  -0.1944625013  -0.0202387547  -0.0162804020
       -0.0012118976   0.0194342872   0.0169968629  -0.0018589392   0.0006844164
        0.0008168509   0.0003784288   0.0003020656   0.0000385230   0.0007063671
       -0.1464672816  -0.0672886302  -0.0010901713   0.4448339044   0.0138061411
        0.0023313303  -0.1630018326   0.0600036408   0.0058749957  -0.0233874734
       -0.0127668246   0.0003298793  -0.0037092972  -0.0045001834  -0.0024735194
       -0.0015305992  -0.0030277678   0.0022279439  -0.0401113707  -0.0049559026
       -0.0059640643  -0.0377454810  -0.0051772782   0.0032452977  -0.0021687783
        0.0055984820   0.0002074949  -0.0267117903   0.0183083228  -0.0046891868
       -0.0645746064  -0.1163238956  -0.0004354882   0.0138061411   0.4746701729
        0.0271457482   0.0761947234  -0.1197030594  -0.0164534070   0.0139460419
        0.0085379028  -0.0002954630  -0.0153820716  -0.0127880003  -0.0032856518
       -0.0176226927  -0.0146582927   0.0034416789  -0.0060313278  -0.1044983880
       -0.0985353997  -0.0005720101  -0.1071500492   0.0850065865   0.0165538804
       -0.0162198775   0.0012558587  -0.0163180781   0.0081334869   0.0021555374
        0.0004840966  -0.0004161130  -0.0689939932   0.0023313303   0.0271457482
        0.5102412438  -0.0197097442   0.0012295761  -0.0625738693   0.0017544905
        0.0009645231   0.0002051224  -0.0214662592  -0.0170932534  -0.0015682508
        0.0196423496   0.0158599966  -0.0015895015  -0.0075612728  -0.0965314220
       -0.2038221400  -0.0020428768   0.0870371555  -0.1675000308   0.0245227475
       -0.0191552442  -0.0028303216   0.0020451386   0.0009590332  -0.0015682589
       -0.0367078864   0.0124046351   0.0010382965  -0.1630018326   0.0761947234
       -0.0197097442   0.5358817701   0.0647044964  -0.0024138004  -0.0058086519
       -0.0032670033  -0.0001003077   0.0015590205   0.0009048792  -0.0000673428
        0.0018699935   0.0009588022  -0.0000760624  -0.0048655216   0.0066615547
        0.0044037167  -0.0158726535   0.0209478480  -0.0108037287  -0.0494800236
       -0.0012263908  -0.0012863403  -0.2635742144  -0.1782835450   0.0290153134
       -0.0117538803   0.0104573247  -0.0006022041   0.0600036408  -0.1197030594
        0.0012295761   0.0647044964   0.4452064369   0.1783146929  -0.0042763859
       -0.0008890548   0.0000737627  -0.0009228277   0.0004322367   0.0006897076
        0.0003413504   0.0010595859  -0.0006105769   0.0196839049  -0.0167596358
       -0.0058426668   0.0285772121  -0.0240165444   0.0091642236  -0.0000252082
       -0.1300964618  -0.1878385485  -0.1563323025  -0.1656908281   0.0054220334
       -0.0003556062  -0.0001710707   0.0022609927   0.0058749957  -0.0164534070
       -0.0625738693  -0.0024138004   0.1783146929   0.3633203289  -0.0002624276
       -0.0002124102   0.0004581023  -0.0004725638   0.0006747346   0.0004416690
       -0.0003759288  -0.0006529125   0.0004115522   0.0224976959  -0.0181011083
       -0.0019405469  -0.0213696720   0.0177590482   0.0012457495  -0.0003291644
       -0.1442048113  -0.2759425631  -0.0027935284  -0.0169527558  -0.0276814153
       -0.2024066270   0.1145447377   0.0131307397  -0.0233874734   0.0139460419
        0.0017544905  -0.0058086519  -0.0042763859  -0.0002624276   0.2364978723
       -0.1318038327  -0.0150234289  -0.0009558272   0.0025067699   0.0015042822
       -0.0027237440   0.0040170394  -0.0011437537   0.0002078924   0.0005126319
       -0.0001957566   0.0002737125   0.0002491852   0.0002945476   0.0001215220
       -0.0004476394  -0.0002083934  -0.0018186758   0.0007514520   0.0001497002
        0.1156443015  -0.1236777159  -0.0092527956  -0.0127668246   0.0085379028
        0.0009645231  -0.0032670033  -0.0008890548  -0.0002124102  -0.1318038327
        0.1416470242   0.0110271253   0.0156654441  -0.0125114344  -0.0036611692
        0.0180191409  -0.0144799971   0.0007570736  -0.0002090884   0.0005266536
        0.0002489993  -0.0001970655   0.0004191441  -0.0001562897  -0.0002526766
       -0.0001541525   0.0002232370  -0.0008323954   0.0005816300   0.0000617064
        0.0128419299  -0.0090335977  -0.0446710050   0.0003298793  -0.0002954630
        0.0002051224  -0.0001003077   0.0000737627   0.0004581023  -0.0150234289
        0.0110271253   0.0479892085   0.0230835958  -0.0186834170  -0.0043535374
       -0.0208556744   0.0168290869   0.0001670652  -0.0004672206   0.0000766491
        0.0000565882   0.0003219551  -0.0000091254  -0.0001459800  -0.0001219046
       -0.0000053683   0.0000596930  -0.0000088238   0.0000203476   0.0002347430
       -0.0434249091  -0.0034773576  -0.0064697077  -0.0037092972  -0.0153820716
       -0.0214662592   0.0015590205  -0.0009228277  -0.0004725638  -0.0009558272
        0.0156654441   0.0230835958   0.0496790123   0.0071437721   0.0079097716
        0.0006819797  -0.0004800710  -0.0019792198  -0.0043325463  -0.0036675902
       -0.0005848995   0.0006767689   0.0006542422  -0.0005412956  -0.0005119320
        0.0001694334   0.0005058244   0.0003377305   0.0002970265   0.0000147538
       -0.0031346744  -0.1109391501  -0.1063333035  -0.0045001834  -0.0127880003
       -0.0170932534   0.0009048792   0.0004322367   0.0006747346   0.0025067699
       -0.0125114344  -0.0186834170   0.0071437721   0.1283001390   0.1257887018
        0.0004512223   0.0095869576   0.0164931996  -0.0040793751  -0.0025981035
       -0.0003238895   0.0005046402   0.0000141352  -0.0004820649  -0.0001679841
        0.0003211557   0.0000557681   0.0003709334   0.0001820640  -0.0000964758
       -0.0063015748  -0.1068022303  -0.2151438854  -0.0024735194  -0.0032856518
       -0.0015682508  -0.0000673428   0.0006897076   0.0004416690   0.0015042822
       -0.0036611692  -0.0043535374   0.0079097716   0.1257887018   0.2468485495
       -0.0001543768  -0.0125817601  -0.0283245534  -0.0005284880  -0.0007137521
        0.0011196223   0.0003268387   0.0003719742   0.0008050914  -0.0005180047
       -0.0001242366   0.0003174246   0.0003024141   0.0003184166  -0.0001421298
       -0.0429105432   0.0077163066  -0.0084593930  -0.0015305992  -0.0176226927
        0.0196423496   0.0018699935   0.0003413504  -0.0003759288  -0.0027237440
        0.0180191409  -0.0208556744   0.0006819797   0.0004512223  -0.0001543768
        0.0481412123  -0.0051780571   0.0087398451   0.0006840731   0.0004281454
        0.0004408624  -0.0044138905  -0.0041513177   0.0008812126  -0.0001072482
       -0.0000849615   0.0001239733   0.0003087667   0.0000808635   0.0000171299
        0.0070077531  -0.1373915423   0.1178306087  -0.0030277678  -0.0146582927
        0.0158599966   0.0009588022   0.0010595859  -0.0006529125   0.0040170394
       -0.0144799971   0.0168290869  -0.0004800710   0.0095869576  -0.0125817601
       -0.0051780571   0.1587858016  -0.1380778269   0.0005001470  -0.0000477687
        0.0003929880  -0.0041864769  -0.0028474220   0.0005184663  -0.0000173826
       -0.0001082741  -0.0000422456   0.0004060137   0.0001009519  -0.0000764013
       -0.0078051496   0.1180876124  -0.1944625013   0.0022279439   0.0034416789
       -0.0015895015  -0.0000760624  -0.0006105769   0.0004115522  -0.0011437537
        0.0007570736   0.0001670652  -0.0019792198   0.0164931996  -0.0283245534
        0.0087398451  -0.1380778269   0.2223112602  -0.0002802530  -0.0004965124
        0.0007040557   0.0004986555   0.0005490668   0.0011758619   0.0000961576
        0.0001323134  -0.0004536371  -0.0002781637  -0.0002760283   0.0000603982
       -0.0043116741  -0.0155068888  -0.0202387547  -0.0401113707  -0.0060313278
       -0.0075612728  -0.0048655216   0.0196839049   0.0224976959   0.0002078924
       -0.0002090884  -0.0004672206  -0.0043325463  -0.0040793751  -0.0005284880
        0.0006840731   0.0005001470  -0.0002802530   0.0555632608   0.0009912478
        0.0043875705   0.0016305718  -0.0002185118   0.0000893703  -0.0048503076
        0.0043041174   0.0009081772   0.0003856223   0.0005657749   0.0011931752
       -0.0043662205  -0.0117218982  -0.0162804020  -0.0049559026  -0.1044983880
       -0.0965314220   0.0066615547  -0.0167596358  -0.0181011083   0.0005126319
        0.0005266536   0.0000766491  -0.0036675902  -0.0025981035  -0.0007137521
        0.0004281454  -0.0000477687  -0.0004965124   0.0009912478   0.1288416790
        0.1184262493   0.0002070713   0.0082811942   0.0147942925   0.0048449419
       -0.0022344814  -0.0011069861  -0.0006558797   0.0002107488  -0.0000670079
       -0.0021318153  -0.0025173442  -0.0012118976  -0.0059640643  -0.0985353997
       -0.2038221400   0.0044037167  -0.0058426668  -0.0019405469  -0.0001957566
        0.0002489993   0.0000565882  -0.0005848995  -0.0003238895   0.0011196223
        0.0004408624   0.0003929880   0.0007040557   0.0043875705   0.1184262493
        0.2344925351  -0.0017483485  -0.0114401529  -0.0308778627   0.0013107200
       -0.0002317369   0.0012792813   0.0000820147  -0.0001770466   0.0002003646
       -0.0032078607  -0.0176789670   0.0194342872  -0.0377454810  -0.0005720101
       -0.0020428768  -0.0158726535   0.0285772121  -0.0213696720   0.0002737125
       -0.0001970655   0.0003219551   0.0006767689   0.0005046402   0.0003268387
       -0.0044138905  -0.0041864769   0.0004986555   0.0016305718   0.0002070713
       -0.0017483485   0.0571008965  -0.0060418415   0.0050667147   0.0006254486
       -0.0011697584  -0.0003916083   0.0009324873   0.0005571958  -0.0000959456
       -0.0053020982  -0.0143617606   0.0169968629  -0.0051772782  -0.1071500492
        0.0870371555   0.0209478480  -0.0240165444   0.0177590482   0.0002491852
        0.0004191441  -0.0000091254   0.0006542422   0.0000141352   0.0003719742
       -0.0041513177  -0.0028474220   0.0005490668  -0.0002185118   0.0082811942
       -0.0114401529  -0.0060418415   0.1377129197  -0.1101153411  -0.0002015927
        0.0009409610   0.0002699562  -0.0007586354   0.0010074221  -0.0014194444
        0.0019466581   0.0030697544  -0.0018589392   0.0032452977   0.0850065865
       -0.1675000308  -0.0108037287   0.0091642236   0.0012457495   0.0002945476
       -0.0001562897  -0.0001459800  -0.0005412956  -0.0004820649   0.0008050914
        0.0008812126   0.0005184663   0.0011758619   0.0000893703   0.0147942925
       -0.0308778627   0.0050667147  -0.1101153411   0.1941278633   0.0001330754
       -0.0012067481   0.0020123887  -0.0003118523  -0.0005928795   0.0010158578
        0.0008398666   0.0007324772   0.0006844164  -0.0021687783   0.0165538804
        0.0245227475  -0.0494800236  -0.0000252082  -0.0003291644   0.0001215220
       -0.0002526766  -0.0001219046  -0.0005119320  -0.0001679841  -0.0005180047
       -0.0001072482  -0.0000173826   0.0000961576  -0.0048503076   0.0048449419
        0.0013107200   0.0006254486  -0.0002015927   0.0001330754   0.0572113696
       -0.0030796524  -0.0001199325  -0.0016799170  -0.0183868030  -0.0256581106
       -0.0007207583   0.0012749571   0.0008168509   0.0055984820  -0.0162198775
       -0.0191552442  -0.0012263908  -0.1300964618  -0.1442048113  -0.0004476394
       -0.0001541525  -0.0000053683   0.0001694334   0.0003211557  -0.0001242366
       -0.0000849615  -0.0001082741   0.0001323134   0.0043041174  -0.0022344814
       -0.0002317369  -0.0011697584   0.0009409610  -0.0012067481  -0.0030796524
        0.1606127970   0.1863937769  -0.0033428719  -0.0143366235  -0.0224147957
       -0.0008571647   0.0003849544   0.0003784288   0.0002074949   0.0012558587
       -0.0028303216  -0.0012863403  -0.1878385485  -0.2759425631  -0.0002083934
        0.0002232370   0.0000596930   0.0005058244   0.0000557681   0.0003174246
        0.0001239733  -0.0000422456  -0.0004536371   0.0009081772  -0.0011069861
        0.0012792813  -0.0003916083   0.0002699562   0.0020123887  -0.0001199325
        0.1863937769   0.2778749781   0.0011179693   0.0004042290  -0.0026956726
       -0.0055894512   0.0043914601   0.0003020656  -0.0267117903  -0.0163180781
        0.0020451386  -0.2635742144  -0.1563323025  -0.0027935284  -0.0018186758
       -0.0008323954  -0.0000088238   0.0003377305   0.0003709334   0.0003024141
        0.0003087667   0.0004060137  -0.0002781637   0.0003856223  -0.0006558797
        0.0000820147   0.0009324873  -0.0007586354  -0.0003118523  -0.0016799170
       -0.0033428719   0.0011179693   0.2974094420   0.1730717557  -0.0004572342
        0.0030379566  -0.0008942776   0.0000385230   0.0183083228   0.0081334869
        0.0009590332  -0.1782835450  -0.1656908281  -0.0169527558   0.0007514520
        0.0005816300   0.0000203476   0.0002970265   0.0001820640   0.0003184166
        0.0000808635   0.0001009519  -0.0002760283   0.0005657749   0.0002107488
       -0.0001770466   0.0005571958   0.0010074221  -0.0005928795  -0.0183868030
       -0.0143366235   0.0004042290   0.1730717557   0.1707054254   0.0162581609
        0.0005104046   0.0001766869   0.0007063671  -0.0046891868   0.0021555374
       -0.0015682589   0.0290153134   0.0054220334  -0.0276814153   0.0001497002
        0.0000617064   0.0002347430   0.0000147538  -0.0000964758  -0.0001421298
        0.0000171299  -0.0000764013   0.0000603982   0.0011931752  -0.0000670079
        0.0002003646  -0.0000959456  -0.0014194444   0.0010158578  -0.0256581106
       -0.0224147957  -0.0026956726  -0.0004572342   0.0162581609   0.0298697460
