   -0.13018359
    0.06260279
   -0.25506827
    0.37189569
   -0.46650922
   -0.10415453
    0.01680117
    0.09771153
    0.36993151
   -0.44981316
   -0.23446617
    0.07445587
   -0.13851431
   -0.12922619
    0.35778423
   -0.47490234
   -0.27758652
    0.02183865
   -0.25055569
    0.01191412
    0.07016087
    0.05458746
    0.07550352
    0.06526016
    0.09132805
    0.12784918
    0.11372493
    0.06541841
    0.07265510
    0.08315867
    0.07972469
    0.07586844
    0.07761865
    0.07111710
    0.10656511
    0.11405483
    0.08922118
    0.09222808
