   -0.13365091
    0.07750173
   -0.24356229
    0.36896755
   -0.47735499
   -0.10894610
   -0.00018470
    0.14658268
    0.37155098
   -0.42984200
   -0.22066711
    0.06124572
   -0.12364238
   -0.11920756
    0.33013332
   -0.48115718
   -0.26642874
    0.03297995
   -0.28957975
    0.03648227
    0.07512325
    0.07286263
    0.07658424
    0.06187482
    0.05827077
    0.12727785
    0.12552657
    0.10775828
    0.07113436
    0.08267246
    0.04871214
    0.07223416
    0.08417446
    0.07162418
    0.09564542
    0.09579335
    0.06710609
    0.07440447
