   -0.12989608
    0.06308233
   -0.25136142
    0.37305683
   -0.48441180
   -0.10828302
    0.01619364
    0.07977787
    0.37255307
   -0.47400575
   -0.25114191
    0.06788530
   -0.12490332
   -0.08927314
    0.38735482
   -0.47026316
   -0.26610759
    0.01043069
   -0.26777301
    0.02963575
    0.05158448
    0.07642112
    0.07188470
    0.06329238
    0.09524291
    0.12779938
    0.12709165
    0.09402616
    0.06336237
    0.07275168
    0.08048919
    0.04813947
    0.11329202
    0.08792593
    0.08214219
    0.07967962
    0.07770367
    0.10462100
