   -0.12346302
    0.07646364
   -0.26785335
    0.37874632
   -0.46169636
   -0.26075205
    0.07812207
   -0.13076845
   -0.14706167
    0.03610094
   -0.14655700
    0.36893370
   -0.45050823
   -0.26201751
    0.08561649
   -0.12321339
   -0.26216711
    0.07463592
   -0.13092160
    0.08678253
    0.06764294
    0.04656398
    0.06554638
    0.09156548
    0.08698263
    0.06359728
    0.08828244
    0.06132875
    0.07054231
    0.10861427
    0.10229335
    0.06875203
    0.06596416
    0.05987019
    0.07191644
    0.08585326
    0.09304035
    0.06515605
    0.07310691
    0.08709398
    0.05786497
