   -0.13066437
    0.06568082
   -0.25288770
    0.37315931
   -0.46763423
   -0.09599472
    0.00364405
    0.12563169
    0.37570410
   -0.44903574
   -0.24424834
    0.06859130
   -0.12513565
   -0.09671870
    0.36861777
   -0.46626453
   -0.26652316
    0.01850277
   -0.29570324
    0.02818284
    0.05655458
    0.07676052
    0.06849010
    0.06685480
    0.08802617
    0.08791952
    0.12138412
    0.09519180
    0.07119674
    0.07066651
    0.08497139
    0.05634218
    0.10929465
    0.08202615
    0.08597508
    0.07045764
    0.10436561
    0.06661812
