           1           2   1.01771442273756     
           2           3  0.886176172715342     
           3           4   1.30584647258435     
           4           5   1.54396331180864     
           4           6   1.37084824615205     
           6           7  0.857012824673166     
           7           8   1.02129547519126     
           4           9  0.974564751572042     
           5           9  0.137840683503765     
           9          10  0.977421209809260     
          10          11  0.992793088189803     
          11          12  0.960636325785799     
          11          13  0.134676384654485     
          12          13   1.52149747108926     
          12          14   1.33134696280554     
          14          15  0.884284920187584     
          15          16   1.02272317268485     
          12          17   1.35036109832095     
          17          18  0.859445961100549     
          18          19   1.02287462460857     
           1          20  0.983617955777776     
           1          21  0.982226611733558     
           1          22  0.975627232085972     
           2          23  0.968902352963250     
           2          24  0.968420799586314     
           7          25  0.963272576611837     
           7          26  0.969947435618532     
           8          27  0.972600569453407     
           8          28  0.982454077171441     
           8          29  0.980850452027991     
          10          30  0.955724591359354     
          10          31  0.940085213529856     
          15          32  0.968765665312089     
          15          33  0.964210249755694     
          16          34  0.975069279885761     
          16          35  0.980300162915787     
          16          36  0.974260415116105     
          18          37  0.971096487043347     
          18          38  0.965788559470433     
          19          39  0.975676726800689     
          19          40  0.973961439866109     
          19          41  0.982597422420087     
