           1           2   1.01921700326272     
           2           3  0.875421021483897     
           3           4   1.32069095876641     
           4           5   1.50444874956513     
           4           6   1.32438072621693     
           6           7  0.889006518513245     
           7           8   1.01993364855516     
           4           9   1.01354178899128     
           5           9  0.138198067975997     
           9          10  0.970067828401629     
          10          11  0.997997812406490     
          11          12  0.951495283549853     
          11          13  0.134628479890564     
          12          13   1.53945149967322     
          12          14   1.34856615374157     
          14          15  0.860238411457327     
          15          16   1.02273703032467     
          12          17   1.32162379181677     
          17          18  0.887128096386085     
          18          19   1.02234803916253     
           1          20  0.981734882107792     
           1          21  0.983411509820983     
           1          22  0.975045970645462     
           2          23  0.965120680456776     
           2          24  0.971810229029304     
           7          25  0.967037654330308     
           7          26  0.967183557433617     
           8          27  0.982438260348499     
           8          28  0.977317606931882     
           8          29  0.978198023393382     
          10          30  0.960749280729006     
          10          31  0.947885935077324     
          15          32  0.965987782514800     
          15          33  0.966316828682339     
          16          34  0.982604070492443     
          16          35  0.973086397517827     
          16          36  0.978519391418857     
          18          37  0.964052820485188     
          18          38  0.969713023082940     
          19          39  0.980195446218247     
          19          40  0.975976957814667     
          19          41  0.976000333565692     
