   -0.12746544
    0.07718804
   -0.25937836
    0.38046008
   -0.47344217
   -0.25626836
    0.07433934
   -0.12809525
   -0.14253282
    0.04073475
   -0.15049315
    0.37676333
   -0.46493299
   -0.25915207
    0.07239869
   -0.12643320
   -0.25127697
    0.08028670
   -0.13456871
    0.08553768
    0.05243600
    0.07263195
    0.09129488
    0.06553548
    0.09419860
    0.06553699
    0.08558354
    0.05273368
    0.06717683
    0.09592954
    0.09472220
    0.09350543
    0.07714524
    0.08794595
    0.06300486
    0.06330811
    0.05987905
    0.06990448
    0.06987341
    0.08532534
    0.07865933
