   -0.12915929
    0.07377603
   -0.25404291
    0.37618858
   -0.47375074
   -0.26182424
    0.07732398
   -0.12734107
   -0.12878211
    0.03937634
   -0.16806374
    0.37795132
   -0.43875098
   -0.25805878
    0.07742711
   -0.13497267
   -0.25990074
    0.07861135
   -0.12651801
    0.07012545
    0.05304567
    0.08476119
    0.06468144
    0.09414276
    0.06380303
    0.08945618
    0.07313130
    0.05310450
    0.08425485
    0.09845834
    0.09675944
    0.07991360
    0.06785171
    0.08911268
    0.07035703
    0.07446177
    0.05697068
    0.09259524
    0.08083587
    0.06771477
    0.05497306
