   -0.12869874
    0.07751430
   -0.25291774
    0.37382451
   -0.48471042
   -0.25366650
    0.08293549
   -0.13369972
   -0.10780312
    0.03816993
   -0.13887849
    0.36955531
   -0.47319025
   -0.25893528
    0.07510724
   -0.12705459
   -0.25320047
    0.08527506
   -0.12851952
    0.07424592
    0.08616202
    0.05509259
    0.09274684
    0.06336506
    0.05826672
    0.06302368
    0.07724371
    0.07142786
    0.08378046
    0.08654695
    0.11135803
    0.09476263
    0.06557001
    0.07265839
    0.08519253
    0.05299191
    0.08040078
    0.04642073
    0.08080537
    0.05721773
    0.07961309
