           1           2   1.02019262422722     
           2           3  0.882748445570036     
           3           4   1.32726976247542     
           4           5   1.51215318530456     
           4           6   1.32802282034202     
           6           7  0.876552496865925     
           7           8   1.02307962750525     
           4           9  0.990605748137478     
           5           9  0.135384121265588     
           9          10  0.988085199529724     
          10          11  0.982213866969579     
          11          12  0.969054644383346     
          11          13  0.134101636544885     
          12          13   1.50793459145986     
          12          14   1.34120090449525     
          14          15  0.870783634464531     
          15          16   1.02131604404113     
          12          17   1.31115090612804     
          17          18  0.891256977523147     
          18          19   1.02200494792877     
           1          20  0.976287276785602     
           1          21  0.979985145928413     
           1          22  0.983363224218384     
           2          23  0.966363641745955     
           2          24  0.968810922745003     
           7          25  0.967471047400758     
           7          26  0.966297376116765     
           8          27  0.973916781763523     
           8          28  0.975510142593088     
           8          29  0.982434687900043     
          10          30  0.956397054759074     
          10          31  0.949423290011324     
          15          32  0.961250561282690     
          15          33  0.968436628483230     
          16          34  0.973795650612312     
          16          35  0.982095167236544     
          16          36  0.979154461741879     
          18          37  0.964167763280845     
          18          38  0.966149276833181     
          19          39  0.981711966354925     
          19          40  0.975786730962139     
          19          41  0.971677784024336     
