           1           2   1.02219464005688     
           2           3  0.857310318314148     
           3           4   1.36459684114758     
           4           5   1.53283995078399     
           4           6   1.31644405640661     
           6           7  0.886977803951616     
           7           8   1.01896517317794     
           4           9  0.945419702319969     
           5           9  0.136018436308482     
           9          10   1.00260887098644     
          10          11  0.966572330325701     
          11          12   1.02670556905034     
          11          13  0.133589550795215     
          12          13   1.50999278029455     
          12          14   1.32203462938383     
          14          15  0.872736404412806     
          15          16   1.01908266538252     
          12          17   1.32434140648272     
          17          18  0.882652245161186     
          18          19   1.01818761778951     
           1          20  0.973371826953237     
           1          21  0.982624009102894     
           1          22  0.980684792429750     
           2          23  0.963717953478641     
           2          24  0.966767516500420     
           7          25  0.967961946297428     
           7          26  0.964419665539478     
           8          27  0.981975992210932     
           8          28  0.976455964411045     
           8          29  0.980822345990778     
          10          30  0.961071322657021     
          10          31  0.944756116355549     
          15          32  0.968454178989691     
          15          33  0.971682057383863     
          16          34  0.982955375152663     
          16          35  0.974401112251327     
          16          36  0.981660531507796     
          18          37  0.966530225384084     
          18          38  0.971124281658494     
          19          39  0.984040541377269     
          19          40  0.975350472981005     
          19          41  0.981992952243321     
