           1           2   1.01414116029368     
           2           3  0.908065453373524     
           3           4   1.19533598196527     
           3           5  0.176284939270885     
           4           5   1.68660092700527     
           4           6  0.969667690935224     
           6           7  0.995715679859742     
           7           8  0.959749032357955     
           7           9  0.953817217353220     
           9          10   1.68601273040543     
           9          11   1.19413723880023     
          10          11  0.174236912064167     
          11          12  0.904344651264679     
          12          13   1.01396473446532     
           7          14  0.936227391702132     
          14          15  0.975788858655570     
          14          16  0.135278763824171     
          15          16   1.55349635477099     
          15          17   1.31063165015005     
          17          18  0.905763495075088     
          15          19   1.32058834921991     
          19          20  0.885475386473848     
           1          21  0.985791663793889     
           1          22  0.978670227965758     
           1          23  0.983762791216993     
           2          24  0.970406702876128     
           2          25  0.966430644043762     
           6          26  0.933022961462887     
           6          27  0.951823701839046     
          12          28  0.970522516303554     
          12          29  0.965625760501175     
          13          30  0.978079746731231     
          13          31  0.984233597323104     
          13          32  0.985423538740996     
          18          33  0.976364013541184     
          18          34  0.970877754711327     
          18          35  0.976397208447442     
          20          36  0.973254565170612     
          20          37  0.972030942331024     
          20          38  0.976196489820946     
