   -0.13069186
    0.07291547
   -0.25174311
    0.38357605
   -0.46963166
   -0.27030984
    0.07064588
   -0.13426153
   -0.14065121
    0.03781990
   -0.13950132
    0.38336940
   -0.46964208
   -0.25182435
    0.07300059
   -0.13087734
   -0.27045401
    0.07064875
   -0.13431452
    0.07533701
    0.05638087
    0.08531023
    0.06091986
    0.09378369
    0.07566515
    0.09252974
    0.06999791
    0.09039465
    0.06837050
    0.08291615
    0.08207145
    0.06076587
    0.09355903
    0.05657706
    0.08516187
    0.07538242
    0.07552713
    0.09246837
    0.06998735
    0.09033371
    0.06848676
