           1           2   1.02032548048679     
           2           3  0.883503104406733     
           3           4   1.34546473607396     
           4           5   1.48756988051221     
           4           6   1.32398622308793     
           6           7  0.877707927636451     
           7           8   1.02349644337601     
           4           9   1.00733666898644     
           5           9  0.137124073072481     
           9          10  0.977712920864561     
          10          11  0.990890805481688     
          11          12   1.00147072691014     
          11          13  0.135388024714674     
          12          13   1.49968207847835     
          12          14   1.33456838976208     
          14          15  0.876204118718267     
          15          16   1.02321293969609     
          12          17   1.32897504481540     
          17          18  0.883833244217820     
          18          19   1.01802245614965     
           1          20  0.979573401055969     
           1          21  0.976023345837473     
           1          22  0.982256198782011     
           2          23  0.967343040162991     
           2          24  0.966088399667517     
           7          25  0.966959232190079     
           7          26  0.964858848851520     
           8          27  0.982242872201840     
           8          28  0.977123401903665     
           8          29  0.975754432105094     
          10          30  0.947632477954751     
          10          31  0.957822283257220     
          15          32  0.965265605508686     
          15          33  0.966219226252191     
          16          34  0.981486363640394     
          16          35  0.975710860203948     
          16          36  0.974569763863472     
          18          37  0.965283664259129     
          18          38  0.972122192667331     
          19          39  0.975654586178313     
          19          40  0.982133228046897     
          19          41  0.983675034547528     
