           1           2   1.01791867502404     
           2           3   1.93070812060814     
           3           4   1.01780174968065     
           4           5  0.987619525285056     
           5           6  0.916133523159872     
           1           7  0.987722711676334     
           5           7  0.966972835975421     
           7           8  0.917732660827084     
           7           9  0.971023978573829     
           9          10   1.78864400546203     
           9          11   1.06463059793751     
          10          11  0.127951283797073     
           5          12  0.972078644855115     
          11          12   1.06640727414697     
          11          13  0.128146872365995     
          12          13   1.78590528334035     
          11          14   1.06623795927124     
          14          15  0.962517958522102     
          15          16  0.982607823985468     
          15          17  0.968609153402892     
          15          18  0.966294419323254     
           1          19  0.956126546025071     
           1          20  0.962845454549309     
           2          21  0.964747503286832     
           3          22  0.964793060357887     
           4          23  0.962675901598587     
           4          24  0.956576210458215     
