           1           2   1.01405385646856     
           2           3  0.907599414897841     
           3           4   1.19415114317116     
           3           5  0.180657854070593     
           4           5   1.70197678420562     
           4           6  0.965389917243897     
           6           7  0.987215135365178     
           7           8  0.926514392471754     
           7           9  0.953501573627955     
           9          10   1.71121339897695     
           9          11   1.17654115177833     
          10          11  0.171043401566601     
          11          12  0.897060610226066     
          12          13   1.01388404457449     
           7          14  0.958733724032544     
          14          15  0.959019984488690     
          14          16  0.133880980139259     
          15          16   1.51570027991730     
          15          17   1.33461659595264     
          17          18  0.887193263362936     
          15          19   1.28984720317802     
          19          20  0.913727248542072     
           1          21  0.984098121038923     
           1          22  0.978696861938324     
           1          23  0.985431041416386     
           2          24  0.967806815640311     
           2          25  0.969426279867911     
           6          26  0.937124097789715     
           6          27  0.963228001784297     
          12          28  0.967454906734392     
          12          29  0.969901055929553     
          13          30  0.984936319149424     
          13          31  0.983005398189646     
          13          32  0.977542096527121     
          18          33  0.971000766049210     
          18          34  0.977223188457590     
          18          35  0.972117506430875     
          20          36  0.976748877335234     
          20          37  0.971481127152632     
          20          38  0.976255550967630     
