   -0.12250754
    0.07761214
   -0.26419212
    0.38572580
   -0.47067670
   -0.25635395
    0.08076022
   -0.13352941
   -0.14788354
    0.04109035
   -0.14498392
    0.37082843
   -0.46417732
   -0.25597744
    0.08571648
   -0.12474965
   -0.26133720
    0.07168312
   -0.12630526
    0.06357400
    0.05495898
    0.08575414
    0.07589956
    0.08952030
    0.06061386
    0.06794139
    0.06866958
    0.08421840
    0.07754096
    0.09990106
    0.10279608
    0.06159155
    0.07044780
    0.07367550
    0.05924808
    0.08705043
    0.06904738
    0.09700229
    0.05591246
    0.08597715
    0.06791658
