           1           2   1.02173894419705     
           2           3  0.886600420969638     
           3           4   1.32465683217905     
           4           5   1.54576625670472     
           4           6   1.34544275613035     
           6           7  0.860058343470867     
           7           8   1.02186577096996     
           4           9  0.956649556463731     
           5           9  0.134854836989989     
           9          10  0.969349005678859     
          10          11  0.999548328107240     
          11          12  0.933571242207979     
          11          13  0.134852856586266     
          12          13   1.54064130177828     
          12          14   1.35729673274665     
          14          15  0.862576405850001     
          15          16   1.02172422673337     
          12          17   1.32623295258716     
          17          18  0.883798298925764     
          18          19   1.01994471303877     
           1          20  0.980725035160778     
           1          21  0.974630363851341     
           1          22  0.976291784513358     
           2          23  0.969715204098375     
           2          24  0.963794641533005     
           7          25  0.967391325349453     
           7          26  0.966798153880641     
           8          27  0.973715833132228     
           8          28  0.982807537124851     
           8          29  0.980759345922930     
          10          30  0.954584028739955     
          10          31  0.963329777308245     
          15          32  0.961196948124997     
          15          33  0.966582817522186     
          16          34  0.982873506839484     
          16          35  0.979795179739729     
          16          36  0.974143160185112     
          18          37  0.965207614229942     
          18          38  0.966101553310796     
          19          39  0.981113461779537     
          19          40  0.975638694637068     
          19          41  0.974468933376988     
