   -0.12523603
    0.08755947
   -0.25608219
    0.37188954
   -0.46355082
   -0.26020793
    0.07112373
   -0.12630901
   -0.14878505
    0.04051140
   -0.15275726
    0.38056443
   -0.46077207
   -0.25521694
    0.08365500
   -0.12623067
   -0.25780828
    0.07651092
   -0.12990224
    0.08482123
    0.07434321
    0.06145395
    0.05978520
    0.06854728
    0.07077167
    0.09749323
    0.05605764
    0.08647283
    0.06733415
    0.10277856
    0.10390903
    0.08393691
    0.06115721
    0.05590984
    0.07245709
    0.08371932
    0.05546994
    0.09137952
    0.08159207
    0.07057519
    0.06107890
