   -0.13120420
    0.07494140
   -0.26134582
    0.37329247
   -0.47085558
   -0.27124028
    0.08935980
   -0.12515808
   -0.10831729
    0.02917226
   -0.15739621
    0.38255344
   -0.47598223
   -0.26077422
    0.08168051
   -0.12733149
   -0.25339690
    0.08331883
   -0.13341705
    0.07131508
    0.05717471
    0.08614929
    0.06411478
    0.09210804
    0.05596543
    0.07241224
    0.07190080
    0.05564578
    0.08231460
    0.11851481
    0.11653959
    0.08597712
    0.06086600
    0.05688230
    0.07489707
    0.08461009
    0.06065455
    0.06111989
    0.07740005
    0.07086647
    0.08467195
