   -0.13378379
    0.08232483
   -0.25311586
    0.37376525
   -0.47228488
   -0.26094921
    0.08018594
   -0.12655577
   -0.13544142
    0.03786712
   -0.16809185
    0.37845718
   -0.44928594
   -0.25541139
    0.07966117
   -0.13031911
   -0.24831224
    0.07938811
   -0.12618791
    0.07038169
    0.07725677
    0.08414069
    0.06409242
    0.05965241
    0.06176764
    0.08753583
    0.07453113
    0.05527204
    0.08434520
    0.10733226
    0.10136835
    0.08658469
    0.05679757
    0.07232346
    0.08389176
    0.06070204
    0.05782872
    0.09394342
    0.05683920
    0.08263701
    0.06886546
