$coord
         -7.660301471760         -0.738121124857         -0.005943507096     c 
         -7.406227659140          1.870808028486         -0.004604581837     c 
         -5.024259748236          2.945851838947         -0.000994137390     c 
         -2.867084319723          1.435589613204          0.001170675399     c 
         -3.123926634716         -1.200920047282          0.000269907668     c 
         -5.532126475918         -2.257583855739         -0.003273298252     c 
         -0.898111975749         -2.894625180795          0.002998954074     c 
         -1.158250416694         -5.213175392117          0.006235460118     o 
          1.564895979468         -1.685883322726          0.001589244783     c 
          3.753497561668         -3.177179753151          0.000144547972     c 
          6.118997526651         -2.120730273822         -0.002268608065     c 
          6.422026174934          0.522834957043         -0.003026644985     c 
          4.231017818680          2.025621820938         -0.000656425599     c 
          1.845209691550          0.961158984987          0.001496774635     c 
         -0.364394375714          2.656517317845          0.003931214089     c 
         -0.136819412648          4.964371763254          0.007548543753     o 
          8.727672281118          1.584880569698         -0.004968831805     n 
         -9.513355150219         -1.587520378521         -0.009020859286     h 
         -9.060068493306          3.062076220925         -0.006397839544     h 
         -4.776035351368          4.971710966189          0.000119131536     h 
         -5.682599469032         -4.293265659224         -0.004011161780     h 
          3.511465906906         -5.203979430824          0.000374339782     h 
          7.771864053266         -3.314023052124         -0.003822701112     h 
          4.377046955873          4.061972893166         -0.000645960108     h 
          8.906310627747          3.473860059671         -0.008021845081     h 
         10.281678537736          0.495918391505         -0.009100355900     h 
$end
