   -0.12875560
    0.07657835
   -0.26537033
    0.38917994
   -0.45843323
   -0.25978913
    0.08236659
   -0.12376667
   -0.14949114
    0.03078627
   -0.12978521
    0.38127776
   -0.47015298
   -0.26473141
    0.08653075
   -0.12167864
   -0.26854624
    0.07583684
   -0.12463075
    0.05362919
    0.08655011
    0.07254049
    0.06280788
    0.09049209
    0.05523515
    0.08508228
    0.07767794
    0.07042583
    0.05355631
    0.12294809
    0.09483318
    0.06170992
    0.07881962
    0.06578185
    0.05799134
    0.08165811
    0.07033554
    0.09115783
    0.08649860
    0.06633656
    0.05650691
