           1           2   1.02183037094291     
           2           3  0.890527768054269     
           3           4   1.31681468004057     
           4           5   1.51365006086391     
           4           6   1.31925877854202     
           6           7  0.878918077027638     
           7           8   1.02305498091471     
           4           9  0.975862186340789     
           5           9  0.132982538616969     
           9          10  0.987113894392047     
          10          11  0.985109983020592     
          11          12  0.992088528844846     
          11          13  0.134907388790348     
          12          13   1.50455771750306     
          12          14   1.32317264561818     
          14          15  0.874803939469472     
          15          16   1.02171962292347     
          12          17   1.32498548783545     
          17          18  0.887845834358327     
          18          19   1.02248591062609     
           1          20  0.982421344413595     
           1          21  0.975086604468623     
           1          22  0.976967669188467     
           2          23  0.966173283473092     
           2          24  0.964180156567911     
           7          25  0.967503634717271     
           7          26  0.965248865000925     
           8          27  0.982137257132364     
           8          28  0.976992035354013     
           8          29  0.975937067345269     
          10          30  0.955892982303786     
          10          31  0.951557267691371     
          15          32  0.969694270001565     
          15          33  0.965610027509745     
          16          34  0.982524817523020     
          16          35  0.980678647722838     
          16          36  0.975616144698573     
          18          37  0.964641998972229     
          18          38  0.967028434211184     
          19          39  0.981859515212779     
          19          40  0.976127324672410     
          19          41  0.975217487196902     
