           1           2   1.01700198618431     
           2           3  0.886260231325336     
           3           4   1.30736872307942     
           4           5   1.54148658040847     
           4           6   1.32914894085663     
           6           7  0.870340764805637     
           7           8   1.02372106163537     
           4           9  0.985645107744203     
           9          10  0.978195152433417     
          10          11  0.988194017666325     
          11          12  0.960433104555038     
          11          13  0.133860645716475     
          12          13   1.55956305288858     
          12          14   1.32836052419551     
          14          15  0.871883051028253     
          15          16   1.01983639639487     
          12          17   1.32826693011537     
          17          18  0.883152800173521     
          18          19   1.02217862344177     
           1          20  0.981677369315443     
           1          21  0.975373030410385     
           1          22  0.983458694758354     
           2          23  0.971591705710635     
           2          24  0.965858011337155     
           7          25  0.966792605388050     
           7          26  0.964985797526043     
           8          27  0.981357562123520     
           8          28  0.976985462866699     
           8          29  0.974598513415992     
          10          30  0.954739797147996     
          10          31  0.954887306549570     
          15          32  0.964215797204631     
          15          33  0.969573864845310     
          16          34  0.981356021446171     
          16          35  0.974680715567091     
          16          36  0.983385722523925     
          18          37  0.964146056183648     
          18          38  0.968567157210831     
          19          39  0.978087942567009     
          19          40  0.981587302323678     
          19          41  0.975587951748340     
