   -0.13010079
    0.07349083
   -0.25312980
    0.36529340
   -0.45567078
   -0.26400120
    0.08220317
   -0.12606413
   -0.14012227
    0.03536895
   -0.15764060
    0.38064986
   -0.44339066
   -0.27235541
    0.07602180
   -0.12456606
   -0.26832215
    0.07992626
   -0.13150748
    0.05685946
    0.08598524
    0.07196128
    0.06318460
    0.09289984
    0.08602600
    0.05848240
    0.07016981
    0.08320854
    0.06325072
    0.10981486
    0.10658581
    0.09091373
    0.06531819
    0.05364059
    0.06880372
    0.08277867
    0.06783871
    0.06811612
    0.07239550
    0.08610490
    0.06957834
