   -0.12931474
    0.07787682
   -0.25283614
    0.38752665
   -0.46353715
   -0.26832632
    0.07172807
   -0.13343673
   -0.13383239
    0.03587839
   -0.12940719
    0.38372421
   -0.47656244
   -0.25563355
    0.07457508
   -0.12845507
   -0.26756322
    0.08479238
   -0.12161615
    0.08062885
    0.07541563
    0.05650714
    0.05534730
    0.09059867
    0.08899021
    0.07153313
    0.06742895
    0.08547513
    0.06688130
    0.07807525
    0.11128555
    0.06361039
    0.09384565
    0.05253644
    0.08541182
    0.07104976
    0.06011268
    0.08191791
    0.05946680
    0.08332968
    0.06497129
