           1           2   1.02463802264054     
           2           3  0.858911749694967     
           3           4   1.36211421428629     
           4           5   1.52760525294445     
           4           6   1.31921046406215     
           6           7  0.885610234341674     
           7           8   1.01912621750753     
           4           9  0.941553100011877     
           5           9  0.140612997578223     
           9          10  0.995414259924936     
          10          11  0.980322814777516     
          11          12  0.980415068949020     
          11          13  0.121977610333337     
          12          13   1.54568173686335     
          12          14   1.33548457084660     
          14          15  0.865878052609625     
          15          16   1.02149460471059     
          12          17   1.28529377217848     
          17          18  0.883540831323941     
          18          19   1.02217246671890     
           1          20  0.970141357170242     
           1          21  0.980876541774731     
           1          22  0.972066133536944     
           2          23  0.964571738980633     
           2          24  0.970283933159883     
           7          25  0.967156290925708     
           7          26  0.966445373931405     
           8          27  0.976731324287466     
           8          28  0.982061811525808     
           8          29  0.976240657533721     
          10          30  0.953895246194302     
          10          31  0.946434256066784     
          15          32  0.961574837043438     
          15          33  0.964652763191416     
          16          34  0.974838453542529     
          16          35  0.982062182270370     
          16          36  0.977263593518432     
          18          37  0.965879254529758     
          18          38  0.964225524049206     
          19          39  0.976889706283459     
          19          40  0.976616525890102     
          19          41  0.982153049220528     
