   -0.11971888
    0.08327049
   -0.26347067
    0.37270242
   -0.46533478
   -0.26582441
    0.07395653
   -0.12799406
   -0.13209966
    0.02391159
   -0.12752508
    0.37968092
   -0.49476725
   -0.26643833
    0.07332943
   -0.12123453
   -0.26309331
    0.07575119
   -0.12694891
    0.05357805
    0.08416330
    0.05995595
    0.06484463
    0.08869931
    0.09214250
    0.06228483
    0.07231608
    0.08400984
    0.05066277
    0.12822684
    0.11966838
    0.07271897
    0.09622438
    0.08337953
    0.06007442
    0.05169878
    0.09241501
    0.06261831
    0.08782672
    0.05017621
    0.07416247
