   -0.12975002
    0.06331786
   -0.24856449
    0.37282085
   -0.48086332
   -0.10724877
    0.01327404
    0.10631716
    0.37590199
   -0.46901405
   -0.24746568
    0.07853062
   -0.13611722
   -0.12464014
    0.36173248
   -0.46651953
   -0.27345349
    0.01303526
   -0.25659748
    0.01969415
    0.07222894
    0.07615469
    0.05254996
    0.09497368
    0.06307064
    0.12778714
    0.13125140
    0.06067090
    0.06561447
    0.07578035
    0.08182123
    0.07626600
    0.07793093
    0.10990387
    0.08869206
    0.11008567
    0.08134926
    0.08947861
