   -0.12121685
    0.08470290
   -0.25113307
    0.36882239
   -0.46544788
   -0.26294566
    0.07518120
   -0.12596479
   -0.13830030
    0.03940555
   -0.13000894
    0.36556353
   -0.46687480
   -0.24924482
    0.08138644
   -0.13374132
   -0.24948414
    0.07214415
   -0.13333887
    0.07852717
    0.07461014
    0.04897373
    0.05076608
    0.08361643
    0.06450946
    0.09389497
    0.08485321
    0.07129209
    0.05113122
    0.07982415
    0.11166932
    0.06846976
    0.05631986
    0.08394531
    0.07085594
    0.07816153
    0.08950120
    0.07313547
    0.08742857
    0.06767937
    0.07133028
