$coord
         -6.459455763084          1.124235808621          0.129087636910     c 
         -3.634394918444          0.940709048420          0.136651317368     c 
         -2.133384043184          2.841912012621         -0.506112301009     c 
          0.692418498293          2.733067510686         -0.521756746123     c 
          1.647391998099         -0.002694889610         -0.547964236407     c 
          1.182010644411         -0.811097090415         -2.396978391135     h 
          0.234174166139         -1.489946297768          1.490011742001     c 
         -2.596808956606         -1.615929002316          0.891713003314     c 
         -3.617880603751         -2.289344774188          2.566800840800     h 
         -3.160609215521         -3.475713550314         -0.968619691065     o 
          4.481375863543         -0.110782460116         -0.244725568706     c 
          5.966273070766         -0.567404176060         -2.207219929103     c 
          5.536970945993          0.337664392646          2.343928323753     c 
         -7.088988652120          2.859225244108         -0.769950239169     h 
         -7.172079808758          1.079725118007          2.060569656943     h 
         -7.257127258643         -0.490351034925         -0.866758581803     h 
         -2.952006281222          4.642627404473         -1.024804029372     h 
          1.421285584721          3.744550857495         -2.167139092296     h 
          1.399449684592          3.712945987702          1.156176397867     h 
          0.966626661546         -3.414738746521          1.618443125277     h 
          0.467818431011         -0.568881740119          3.317189187608     h 
         -2.301179953198         -3.030944487297         -2.518241112061     h 
          7.993611420491         -0.615408650402         -2.034986596552     h 
          5.221809082650         -0.913257484836         -4.070258439488     h 
          4.726930441607          2.027844595212          3.188039257394     h 
          5.099861941535         -1.253637629856          3.572766393439     h 
          7.577127816490          0.552659146956          2.261755138533     h 
$end
