           1           2   1.02600483265300     
           2           3   1.88987333955173     
           3           4   1.02476323775477     
           4           5  0.981321949134047     
           5           6  0.965435818413427     
           5           7  0.988392487317384     
           2           8  0.983833785034514     
           7           8  0.987923798299296     
           8           9  0.956416945874933     
           8          10  0.972234560841490     
           5          11  0.995110013426593     
          11          12   1.92890797797026     
          11          13   1.02752078127176     
           1          14  0.971259425288258     
           1          15  0.970151878541582     
           1          16  0.984602709395565     
           3          17  0.963898069289958     
           4          18  0.966747982517988     
           4          19  0.954693867560400     
           7          20  0.974485214386591     
           7          21  0.973874684884638     
          10          22  0.863769138427448     
          12          23  0.975411504017044     
          12          24  0.974422344635059     
          13          25  0.970117888118202     
          13          26  0.984362946052931     
          13          27  0.969909487666493     
