           1           2   1.02133690277521     
           2           3  0.866266616611847     
           3           4   1.34376076708060     
           4           5   1.55638613152043     
           4           6   1.32964967823496     
           6           7  0.884992235845999     
           7           8   1.02236750756625     
           4           9  0.933474131097761     
           5           9  0.135815552681086     
           9          10  0.989054209183379     
          10          11  0.981810855023494     
          11          12  0.994212028559357     
          11          13  0.125322797071050     
          12          13   1.55371746702577     
          12          14   1.33138237914198     
          14          15  0.868718204164235     
          15          16   1.02231244725116     
          12          17   1.28563644106182     
          17          18  0.879930296991742     
          18          19   1.02264508005406     
           1          20  0.974626571986137     
           1          21  0.983238883280070     
           1          22  0.980566903072904     
           2          23  0.964437190631124     
           2          24  0.967371981172106     
           7          25  0.964048142569396     
           7          26  0.967835477378471     
           8          27  0.974556147895712     
           8          28  0.980938350705128     
           8          29  0.975921632270916     
          10          30  0.956036573283738     
          10          31  0.959547743212159     
          15          32  0.966112763992461     
          15          33  0.967674413012402     
          16          34  0.982588162319874     
          16          35  0.973977520597915     
          16          36  0.975618188549116     
          18          37  0.966326279305871     
          18          38  0.963938870996148     
          19          39  0.982814643736742     
          19          40  0.975437450750040     
          19          41  0.976005529201117     
