   -0.13198126
    0.07586804
   -0.26634852
    0.36782835
   -0.47437316
   -0.26373520
    0.07546078
   -0.12850755
   -0.10535862
    0.02708789
   -0.10825144
    0.35651903
   -0.46566624
   -0.28005433
    0.09456244
   -0.13308008
   -0.26887308
    0.07994879
   -0.12706955
    0.08797252
    0.07587353
    0.05806672
    0.06233880
    0.09272201
    0.07506706
    0.08621143
    0.08784352
    0.06208782
    0.06669718
    0.08162882
    0.13365077
    0.05041463
    0.04512665
    0.08138834
    0.07483040
    0.07552286
    0.08849245
    0.06770756
    0.08852744
    0.06682771
    0.06702549
