   -0.13744852
    0.07498694
   -0.24545325
    0.36893908
   -0.48529043
   -0.09555575
    0.00591238
    0.11127795
    0.38266176
   -0.46130673
   -0.24449271
    0.06798558
   -0.12623937
   -0.12081326
    0.36704369
   -0.46093907
   -0.26340170
    0.01745367
   -0.27839391
    0.01316886
    0.07691657
    0.08015720
    0.07521775
    0.06617072
    0.06151222
    0.10477489
    0.12394044
    0.06199021
    0.09782614
    0.08038711
    0.07391389
    0.05033505
    0.08618680
    0.10690946
    0.09482553
    0.08730650
    0.10618411
    0.07535017
