           1           2   1.02157542394966     
           2           3  0.885848132352637     
           3           4   1.31922756707631     
           4           5   1.52979436570301     
           4           6   1.34358232757834     
           6           7  0.863870526033231     
           7           8   1.02442341415737     
           4           9  0.939375957767802     
           5           9  0.139872947448354     
           9          10  0.988375945478966     
          10          11  0.990657511023158     
          11          12  0.947648867925937     
          11          13  0.133537877874060     
          12          13   1.53231777175712     
          12          14   1.36170465500163     
          14          15  0.858984924864337     
          15          16   1.02478763274302     
          12          17   1.32550080775457     
          17          18  0.889338313744992     
          18          19   1.02191034282812     
           1          20  0.975351167085252     
           1          21  0.980971370345660     
           1          22  0.973436031477722     
           2          23  0.966590940373605     
           2          24  0.963175164161178     
           7          25  0.970036283024656     
           7          26  0.964594374255914     
           8          27  0.982087146229990     
           8          28  0.970546793010064     
           8          29  0.972995432387965     
          10          30  0.939658635938805     
          10          31  0.954000694160615     
          15          32  0.965094137450475     
          15          33  0.963589840349754     
          16          34  0.981446310627354     
          16          35  0.973344792453443     
          16          36  0.973685501547998     
          18          37  0.964037192867496     
          18          38  0.968738898544472     
          19          39  0.980903144892300     
          19          40  0.976382828508824     
          19          41  0.976543401056117     
