   -0.12622512
    0.07520613
   -0.26325334
    0.37325506
   -0.45820604
   -0.25134086
    0.08373517
   -0.12483799
   -0.14575970
    0.03498279
   -0.09262136
    0.36555442
   -0.48359386
   -0.25742887
    0.08326075
   -0.12950110
   -0.26203801
    0.07528709
   -0.12883750
    0.08418108
    0.05456371
    0.07113946
    0.09222817
    0.06481019
    0.05038293
    0.08431438
    0.05615618
    0.07920748
    0.07155526
    0.11485163
    0.08609682
    0.05607954
    0.07637548
    0.07767780
    0.05684696
    0.08681961
    0.09279145
    0.06452009
    0.05320051
    0.07234554
    0.08621806
