$coord
          4.126761434911         -4.155186716829          1.764346244395     c 
          3.493759004875         -2.789382698909         -0.497017548146     o 
          2.546533732194          0.067672479350         -0.440349090586     p 
          2.358230758253          1.063147235578         -3.020485516139     o 
         -0.255326138353          0.330240828565          1.727470365412     c 
         -0.169534498705         -1.212926429038          3.106441450073     h 
         -2.599193503515         -0.042942707704          0.099685464564     c 
         -2.091434694114         -2.745024234979         -1.790879154180     cl
         -5.337427599780         -0.471437002603          1.981663020251     cl
         -3.056196419325          2.617100138619         -1.882824277634     cl
         -0.276792576650          2.532691183291          3.109082959649     o 
          4.488534188336          1.572911026827          1.336232243615     o 
          6.803165803837          2.502394928686          0.284117844557     c 
          4.562827116192         -2.856735682482          3.302166790765     h 
          5.774858999610         -5.295878554759          1.304122436591     h 
          2.549907736965         -5.375850531824          2.274628388038     h 
         -0.255938687728          4.015490935306          2.028204204958     h 
          6.529463553857          3.001601972655         -1.697999535732     h 
          8.270241222006          1.065238001724          0.436563495945     h 
          7.308744556219          4.164350519333          1.382659529814     h 
$end
