           1           2   1.01378097215549     
           2           3  0.908245587061269     
           3           4   1.19840582802991     
           3           5  0.176251826134361     
           4           5   1.68482262479587     
           4           6  0.972195522636318     
           6           7  0.993455010572502     
           7           8  0.932335153459524     
           7           9  0.951425995799795     
           9          10   1.66962316274482     
           9          11   1.21005112731467     
          10          11  0.170954441856986     
          11          12  0.898587332386858     
          12          13   1.01586550746090     
           7          14  0.956800355535444     
          14          15  0.989982431599099     
          14          16  0.132580364279934     
          15          16   1.54601995098219     
          15          17   1.28698851367338     
          17          18  0.910743621678190     
          15          19   1.32233562385064     
          19          20  0.891962194699232     
           1          21  0.985484750713127     
           1          22  0.978908432301999     
           1          23  0.983707975361443     
           2          24  0.970490452763941     
           2          25  0.967046620848540     
           6          26  0.952602093006245     
           6          27  0.927620513596793     
          12          28  0.971296321520163     
          12          29  0.964267376715270     
          13          30  0.977307131537126     
          13          31  0.981827390389605     
          13          32  0.984684572570072     
          18          33  0.976912557324839     
          18          34  0.971777443517326     
          18          35  0.976644986312646     
          20          36  0.971818661908196     
          20          37  0.976998583532007     
          20          38  0.977302884985295     
