           1           2   1.02194393694546     
           2           3  0.887846086623532     
           3           4   1.31890041172779     
           4           5   1.51744581086877     
           4           6   1.31550556676895     
           6           7  0.880894308096203     
           7           8   1.02204446150214     
           4           9   1.01002013341928     
           5           9  0.133964860531056     
           9          10  0.976101218536865     
          10          11  0.992936066945030     
          11          12  0.968341785966101     
          11          13  0.131178827082129     
          12          13   1.53170544546839     
          12          14   1.34956762889296     
          14          15  0.861588073196388     
          15          16   1.02168787412591     
          12          17   1.32440612957988     
          17          18  0.885930461750445     
          18          19   1.02232962650178     
           1          20  0.981523478441702     
           1          21  0.976188131299722     
           1          22  0.976119605096450     
           2          23  0.967884486968631     
           2          24  0.964611753575134     
           7          25  0.967693278118224     
           7          26  0.966614098127683     
           8          27  0.981591648294845     
           8          28  0.975898866307484     
           8          29  0.976269813822891     
          10          30  0.956842281713497     
          10          31  0.948183518697832     
          15          32  0.963185576683721     
          15          33  0.967208552753498     
          16          34  0.983408461548981     
          16          35  0.980126260291286     
          16          36  0.974266746308887     
          18          37  0.964371664038713     
          18          38  0.969147987266495     
          19          39  0.980333827998074     
          19          40  0.975639060178866     
          19          41  0.976622267781168     
