           1           2   1.02230511732937     
           2           3  0.881201617626334     
           3           4   1.32592145512057     
           4           5   1.49042937841315     
           4           6   1.32832476210965     
           6           7  0.886273847362963     
           7           8   1.02240820063496     
           4           9   1.00602716395260     
           5           9  0.135606475784993     
           9          10  0.988944349350389     
          10          11  0.977554955692384     
          11          12   1.00883888816379     
          11          13  0.128351814033332     
          12          13   1.52914062570506     
          12          14   1.33916891410798     
          14          15  0.864341979280174     
          15          16   1.02158745992435     
          12          17   1.26951842663887     
          17          18  0.883973063803333     
          18          19   1.01754585763261     
           1          20  0.981712021848111     
           1          21  0.976309618355411     
           1          22  0.976441341966270     
           2          23  0.965902344815992     
           2          24  0.966873291959487     
           7          25  0.964561551944373     
           7          26  0.967039820941998     
           8          27  0.975679832207826     
           8          28  0.974195284353991     
           8          29  0.981190117676626     
          10          30  0.953972006017488     
          10          31  0.945429767919211     
          15          32  0.965757839296546     
          15          33  0.967798952586815     
          16          34  0.981707927462935     
          16          35  0.973829111452856     
          16          36  0.976949822953665     
          18          37  0.971892512037397     
          18          38  0.966552626025252     
          19          39  0.982192725553175     
          19          40  0.975553836515434     
          19          41  0.982885480750274     
