   -0.11911409
    0.07486181
   -0.26785233
    0.37056034
   -0.47014504
   -0.25783691
    0.06805532
   -0.12874663
   -0.12052234
    0.03638832
   -0.14470592
    0.37629152
   -0.47664578
   -0.26453377
    0.07359752
   -0.12536993
   -0.25813303
    0.08367701
   -0.13417428
    0.06837452
    0.05224331
    0.08272834
    0.08572007
    0.07453307
    0.07869948
    0.09848537
    0.08710983
    0.06410138
    0.05845675
    0.10057241
    0.10997028
    0.06524117
    0.09380757
    0.08363606
    0.06732799
    0.04995828
    0.06636450
    0.05952830
    0.07195742
    0.07783850
    0.08769361
