           1           2   1.02310450913749     
           2           3  0.878890480483237     
           3           4   1.33005389936114     
           4           5   1.49132092540828     
           4           6   1.32480597550517     
           6           7  0.889041137718988     
           7           8   1.02232394667759     
           4           9   1.00511902437105     
           5           9  0.133846674140805     
           9          10  0.990286255756665     
          10          11  0.978720706102118     
          11          12   1.00124483702320     
          11          13  0.135891706204807     
          12          13   1.49202672497598     
          12          14   1.32832869639778     
          14          15  0.880330368298185     
          15          16   1.02203104769812     
          12          17   1.30807688630080     
          17          18  0.886594114610515     
          18          19   1.02189190125816     
           1          20  0.975955352942501     
           1          21  0.975298031455771     
           1          22  0.981650350945494     
           2          23  0.964964537577841     
           2          24  0.966625748980861     
           7          25  0.964330426760187     
           7          26  0.967278333252036     
           8          27  0.976035892449821     
           8          28  0.974807764026711     
           8          29  0.981163896199593     
          10          30  0.954517840221903     
          10          31  0.940586877651116     
          15          32  0.966023552400204     
          15          33  0.966264390866162     
          16          34  0.976201534583334     
          16          35  0.975442743379685     
          16          36  0.982418732248471     
          18          37  0.967656245800217     
          18          38  0.963202720025508     
          19          39  0.976258234798234     
          19          40  0.982484586790802     
          19          41  0.975664987722891     
