   -0.13576189
    0.07463040
   -0.27355021
    0.38742413
   -0.44777258
   -0.27724430
    0.08414768
   -0.12563935
   -0.13144097
    0.04030030
   -0.15042081
    0.38192748
   -0.44051181
   -0.26612053
    0.08295110
   -0.13501691
   -0.26588035
    0.08389399
   -0.12726031
    0.07337881
    0.09007218
    0.06349721
    0.09189415
    0.06355644
    0.08512588
    0.05295407
    0.06370315
    0.08458659
    0.05956812
    0.09669040
    0.09475525
    0.06870132
    0.06644142
    0.07473738
    0.08895165
    0.07215121
    0.06238502
    0.08044962
    0.05432026
    0.08318081
    0.07024404
