           1           2   1.02218124306122     
           2           3  0.885926994631721     
           3           4   1.32517924008276     
           4           5   1.51866577196763     
           4           6   1.31637932474903     
           6           7  0.881228411342161     
           7           8   1.02196835825036     
           4           9  0.986631180519971     
           5           9  0.132109628906510     
           9          10  0.987415308441780     
          10          11  0.982735164311285     
          11          12  0.994587843699471     
          11          13  0.133815240123398     
          12          13   1.51853260978734     
          12          14   1.32182820472847     
          14          15  0.886086043261456     
          15          16   1.02234827818811     
          12          17   1.31499814022560     
          17          18  0.875912653790393     
          18          19   1.02151462747261     
           1          20  0.982261786711735     
           1          21  0.977930881280368     
           1          22  0.975923533351613     
           2          23  0.967566157709400     
           2          24  0.964271893978181     
           7          25  0.966478295734820     
           7          26  0.966712855417440     
           8          27  0.976046718248308     
           8          28  0.982549091955427     
           8          29  0.977975494148410     
          10          30  0.953973545924073     
          10          31  0.954099678279881     
          15          32  0.967129379597197     
          15          33  0.964392255613331     
          16          34  0.982445215408081     
          16          35  0.977527214408661     
          16          36  0.975923240306526     
          18          37  0.967358589014740     
          18          38  0.967583185999968     
          19          39  0.982629839603831     
          19          40  0.982627683604138     
          19          41  0.975745173107514     
