   -0.13334108
    0.07958293
   -0.25604412
    0.37581227
   -0.46505606
   -0.26044634
    0.08049654
   -0.13197574
   -0.14901118
    0.04171212
   -0.14183961
    0.36917207
   -0.46576539
   -0.25495156
    0.07613540
   -0.12908387
   -0.24741967
    0.08037998
   -0.13414709
    0.07607158
    0.06663216
    0.08842404
    0.06173816
    0.07994048
    0.05732007
    0.07572173
    0.08376698
    0.07576293
    0.06479802
    0.09763364
    0.09480469
    0.06947318
    0.09180252
    0.06809441
    0.08426813
    0.07127277
    0.05709430
    0.06880239
    0.06934322
    0.08418160
    0.07884338
