           1           2   1.02232552206223     
           2           3  0.863364647356619     
           3           4   1.35641800080666     
           4           5   1.52722046925289     
           4           6   1.32322218896624     
           6           7  0.883639202800180     
           7           8   1.02267940596027     
           4           9  0.967954270317919     
           5           9  0.140949204358197     
           9          10  0.980707774011579     
          10          11  0.990060900679454     
          11          12  0.967754598954423     
          11          13  0.134160174289156     
          12          13   1.53336336874198     
          12          14   1.32149900499247     
          14          15  0.885094826527380     
          15          16   1.01811305827634     
          12          17   1.36277570633613     
          17          18  0.852840233318608     
          18          19   1.02269767189005     
           1          20  0.974044991872356     
           1          21  0.972983251549289     
           1          22  0.979952553009295     
           2          23  0.966114202344093     
           2          24  0.970198439903074     
           7          25  0.965699579867288     
           7          26  0.963039714488922     
           8          27  0.975928106384883     
           8          28  0.983406230240198     
           8          29  0.977258680613576     
          10          30  0.945966781851329     
          10          31  0.958801107428079     
          15          32  0.970120441289691     
          15          33  0.968461053517864     
          16          34  0.981581408948862     
          16          35  0.975655207490177     
          16          36  0.983516386434062     
          18          37  0.966525859191365     
          18          38  0.965515118908888     
          19          39  0.978461024448144     
          19          40  0.972224830603349     
          19          41  0.981738767135539     
