           1           2   1.02327265825645     
           2           3  0.874589406490297     
           3           4   1.31781909772065     
           4           5   1.51538914735393     
           4           6   1.32511672628863     
           6           7  0.887124126094233     
           7           8   1.02249185258568     
           4           9  0.979784728870687     
           5           9  0.133288639977503     
           9          10  0.984827747870851     
          10          11  0.990294950629079     
          11          12  0.946733094038070     
          11          13  0.134104711976272     
          12          13   1.54438966142029     
          12          14   1.34720905953395     
          14          15  0.865756032910688     
          15          16   1.02360892042863     
          12          17   1.32537507964878     
          17          18  0.886683839063160     
          18          19   1.02192881656231     
           1          20  0.975127973111412     
           1          21  0.977841896853863     
           1          22  0.982104221874026     
           2          23  0.965154935222730     
           2          24  0.966280247716668     
           7          25  0.963982573626732     
           7          26  0.967537270144581     
           8          27  0.982522059121582     
           8          28  0.975989119282156     
           8          29  0.977468014182690     
          10          30  0.953249621560367     
          10          31  0.951295694708232     
          15          32  0.963407803648104     
          15          33  0.964317779561536     
          16          34  0.975052528212299     
          16          35  0.981892448230892     
          16          36  0.975512022079499     
          18          37  0.963761682476081     
          18          38  0.967919175833966     
          19          39  0.978166119687409     
          19          40  0.981904198839638     
          19          41  0.976099764402155     
