   -0.13083303
    0.07025977
   -0.26413353
    0.35812218
   -0.45708330
   -0.24076730
    0.07715541
   -0.11856667
   -0.14979875
    0.03842189
   -0.12967331
    0.35906724
   -0.46119904
   -0.26621468
    0.07035809
   -0.12552087
   -0.25644960
    0.08058399
   -0.12671145
    0.06808451
    0.06156859
    0.08772308
    0.07375529
    0.09585319
    0.06447613
    0.09313148
    0.07751005
    0.06590104
    0.04690232
    0.11783093
    0.07506449
    0.09655944
    0.07704121
    0.08749389
    0.05631767
    0.06475701
    0.06925356
    0.07534190
    0.08860137
    0.06785485
    0.06196094
