           1           2   1.01766351321681     
           2           3  0.884494632413312     
           3           4   1.32250179946787     
           4           5   1.54339680183296     
           4           6   1.35824195833454     
           6           7  0.862611078903518     
           7           8   1.02317431639753     
           4           9  0.973384112961503     
           5           9  0.134944695522609     
           9          10  0.970039644724468     
          10          11  0.998891002299461     
          11          12  0.959685115006988     
          11          13  0.132318708494570     
          12          13   1.53760485054103     
          12          14   1.34618271709513     
          14          15  0.857408671097817     
          15          16   1.02201149480584     
          12          17   1.32322037941183     
          17          18  0.885573768996949     
          18          19   1.02237457273652     
           1          20  0.984109957517120     
           1          21  0.981852556540809     
           1          22  0.975435251894722     
           2          23  0.970277404535711     
           2          24  0.967278286041392     
           7          25  0.965386756229858     
           7          26  0.964035149936629     
           8          27  0.981680951377508     
           8          28  0.974227390725958     
           8          29  0.973454474258944     
          10          30  0.961516783821013     
          10          31  0.950128616166276     
          15          32  0.967972098014847     
          15          33  0.964998827806017     
          16          34  0.980982331736163     
          16          35  0.981995072794828     
          16          36  0.972872038882925     
          18          37  0.963178079860452     
          18          38  0.970130211725043     
          19          39  0.977143742381129     
          19          40  0.981238648385430     
          19          41  0.975724734805064     
