           1           2   1.02174145142883     
           2           3  0.887049310429587     
           3           4   1.31895144670442     
           4           5   1.52177368636829     
           4           6   1.36210658254315     
           6           7  0.863190506837739     
           7           8   1.02161527650333     
           4           9  0.950399608652840     
           5           9  0.135075446415691     
           9          10  0.996882819434946     
          10          11  0.971823756172914     
          11          12   1.00273459052593     
          11          13  0.133681958545016     
          12          13   1.51116503653545     
          12          14   1.31652156009966     
          14          15  0.886805836233678     
          15          16   1.01756742005974     
          12          17   1.32581979620245     
          17          18  0.878292713648230     
          18          19   1.02270241843179     
           1          20  0.976702789021695     
           1          21  0.977292220295602     
           1          22  0.983199337041437     
           2          23  0.963086974696955     
           2          24  0.964579663178537     
           7          25  0.966759154786678     
           7          26  0.962914746918895     
           8          27  0.974152704267515     
           8          28  0.980585897426673     
           8          29  0.982790240143682     
          10          30  0.946788710889725     
          10          31  0.958893541024122     
          15          32  0.970524317048444     
          15          33  0.966729033812560     
          16          34  0.975918273518257     
          16          35  0.983681649200655     
          16          36  0.982040607032517     
          18          37  0.967840052225290     
          18          38  0.965352445017413     
          19          39  0.975929133038413     
          19          40  0.981325784499347     
          19          41  0.974464602763946     
