   -0.12915244
    0.07406881
   -0.26382756
    0.38684821
   -0.46707228
   -0.26546391
    0.08231506
   -0.12705422
   -0.13666020
    0.03912636
   -0.14886512
    0.37865264
   -0.45032656
   -0.26500236
    0.07284114
   -0.12927516
   -0.25769027
    0.08496526
   -0.12661233
    0.06965040
    0.05413747
    0.08586185
    0.06602569
    0.09219403
    0.08746384
    0.05712199
    0.06038774
    0.06611927
    0.08453641
    0.09757964
    0.10055903
    0.06875219
    0.09609156
    0.08634446
    0.07060444
    0.06298166
    0.05735474
    0.07587726
    0.05531528
    0.08086530
    0.07236068
