           1           2   1.02243379202367     
           2           3  0.878647525447858     
           3           4   1.32249125448929     
           4           5   1.51925999177242     
           4           6   1.31549204481564     
           6           7  0.886451285320484     
           7           8   1.02002605498425     
           4           9   1.01446187041607     
           5           9  0.135755438683219     
           9          10  0.975134298532558     
          10          11  0.995287381527781     
          11          12  0.968270491026486     
          11          13  0.133805199927614     
          12          13   1.51061809751910     
          12          14   1.33277591202239     
          14          15  0.881905021406731     
          15          16   1.02377447225165     
          12          17   1.36077210714816     
          17          18  0.858689801408680     
          18          19   1.02421751470642     
           1          20  0.974185145651179     
           1          21  0.981605986781419     
           1          22  0.976045889455202     
           2          23  0.966660167749578     
           2          24  0.967190012788754     
           7          25  0.968884371699018     
           7          26  0.966435612180555     
           8          27  0.976495656268386     
           8          28  0.983353532583917     
           8          29  0.980730586659755     
          10          30  0.946520729337148     
          10          31  0.957667678764788     
          15          32  0.962671050283607     
          15          33  0.966550564836588     
          16          34  0.982647574810031     
          16          35  0.975570789257415     
          16          36  0.974668919287334     
          18          37  0.965039316228346     
          18          38  0.966353478601958     
          19          39  0.975655846714903     
          19          40  0.981202155925854     
          19          41  0.973563331314837     
