   -0.12794548
    0.07036170
   -0.24862023
    0.37093839
   -0.47891359
   -0.10806847
   -0.00215247
    0.14733440
    0.38141302
   -0.42362933
   -0.21204173
    0.06375006
   -0.13071187
   -0.10689585
    0.31716897
   -0.46690982
   -0.27261693
    0.02497589
   -0.31198485
    0.03497513
    0.07515805
    0.07381305
    0.05541667
    0.05595230
    0.08661282
    0.12429011
    0.13090069
    0.10310258
    0.06625714
    0.06146707
    0.07853190
    0.08116814
    0.08070319
    0.08192342
    0.10324633
    0.06345502
    0.09740825
    0.06016631
