           1           2   1.02035065085768     
           2           3  0.886256340397311     
           3           4   1.32778018984255     
           4           5   1.53361829991248     
           4           6   1.34387300969760     
           6           7  0.865971446247427     
           7           8   1.02179539497687     
           4           9  0.954581617047298     
           5           9  0.137991586074311     
           9          10  0.979623217899539     
          10          11  0.987170005021584     
          11          12  0.997741825317349     
          12          13   1.54252376351495     
          12          14   1.31103770935260     
          14          15  0.877535050218910     
          15          16   1.02374798535944     
          12          17   1.30406778232876     
          17          18  0.891159855545337     
          18          19   1.02116076187035     
           1          20  0.976227849831518     
           1          21  0.981645286048308     
           1          22  0.978130329347814     
           2          23  0.965931697384116     
           2          24  0.965769213915685     
           7          25  0.966867430192061     
           7          26  0.963705778386439     
           8          27  0.983352285498725     
           8          28  0.974649167225419     
           8          29  0.980581488819849     
          10          30  0.945987982778802     
          10          31  0.961632725867177     
          15          32  0.963718112181550     
          15          33  0.966602407039974     
          16          34  0.975727153459519     
          16          35  0.976227145768359     
          16          36  0.979853174855985     
          18          37  0.964811999356179     
          18          38  0.966355617234471     
          19          39  0.983176129996424     
          19          40  0.976739997422282     
          19          41  0.975126213630790     
