           1           2   1.02224773827436     
           2           3  0.886225363423379     
           3           4   1.32550859835817     
           4           5   1.51735195982398     
           4           6   1.32494179117612     
           6           7  0.876441668992491     
           7           8   1.02287910575132     
           4           9  0.994101956419420     
           5           9  0.133433440847634     
           9          10  0.981294736517181     
          10          11  0.988437761989448     
          11          12  0.925616990069211     
          11          13  0.139005050682908     
          12          13   1.52840717334389     
          12          14   1.34756301190640     
          14          15  0.858849510587333     
          15          16   1.02361854762911     
          12          17   1.32377940817018     
          17          18  0.889265720726734     
          18          19   1.02259558928871     
           1          20  0.975197958127688     
           1          21  0.976009652532161     
           1          22  0.982293233451415     
           2          23  0.967393105013228     
           2          24  0.965104762483771     
           7          25  0.967762749990270     
           7          26  0.965970001278250     
           8          27  0.975539750461968     
           8          28  0.982492043115613     
           8          29  0.974952159147096     
          10          30  0.955725570766884     
          10          31  0.952610970311475     
          15          32  0.964150443459412     
          15          33  0.970749901245427     
          16          34  0.975524136603168     
          16          35  0.981507254902552     
          16          36  0.973588644830309     
          18          37  0.963478546545121     
          18          38  0.966589001018778     
          19          39  0.981168433054936     
          19          40  0.975372309548381     
          19          41  0.972438471363088     
