           1           2   1.02206820874150     
           2           3  0.887027119321494     
           3           4   1.31695202221891     
           4           5   1.50952631717950     
           4           6   1.31001211352643     
           6           7  0.877252361448420     
           7           8   1.01866334586050     
           4           9   1.02563091288820     
           5           9  0.135382542611386     
           9          10  0.972432812297090     
          10          11  0.996244133277796     
          11          12  0.958626829143580     
          11          13  0.133993903156834     
          12          13   1.52047311629212     
          12          14   1.34818217998471     
          14          15  0.858910058423813     
          15          16   1.02314667093354     
          12          17   1.32663748032656     
          17          18  0.886381477907490     
          18          19   1.02259949880928     
           1          20  0.981457189018817     
           1          21  0.975836872382753     
           1          22  0.975983609501775     
           2          23  0.967706783486764     
           2          24  0.964870818547710     
           7          25  0.971197616701835     
           7          26  0.968643346331817     
           8          27  0.982538810598762     
           8          28  0.982562121342724     
           8          29  0.975123374600024     
          10          30  0.956443202600245     
          10          31  0.947986488127375     
          15          32  0.965439680964192     
          15          33  0.970590425496594     
          16          34  0.976131843255569     
          16          35  0.981075940831704     
          16          36  0.973786322133567     
          18          37  0.964157903394459     
          18          38  0.969500714845181     
          19          39  0.976296484064047     
          19          40  0.980276139294616     
          19          41  0.975497545706849     
