           1           2   1.01767689695694     
           2           3  0.885574778586663     
           3           4   1.31724503073841     
           4           5   1.51480540801356     
           4           6   1.32291812218531     
           6           7  0.877825284852660     
           7           8   1.02233475647211     
           4           9   1.02150071641483     
           5           9  0.133812020479387     
           9          10  0.974347099729352     
          10          11  0.995245904228963     
          11          12  0.965577056724655     
          11          13  0.134794640082930     
          12          13   1.50386518504721     
          12          14   1.35533903195587     
          14          15  0.859568670755059     
          15          16   1.02271947425198     
          12          17   1.33426664537866     
          17          18  0.880911741185976     
          18          19   1.02403031409074     
           1          20  0.983756301830286     
           1          21  0.982050787924608     
           1          22  0.975712533962234     
           2          23  0.970987775019939     
           2          24  0.966769467605511     
           7          25  0.967356939577215     
           7          26  0.966510714176587     
           8          27  0.974876553234171     
           8          28  0.975948136043536     
           8          29  0.981461972408542     
          10          30  0.957601959196268     
          10          31  0.947626694945484     
          15          32  0.965568621979473     
          15          33  0.970705160291010     
          16          34  0.980455947796218     
          16          35  0.973780855672063     
          16          36  0.976211779077467     
          18          37  0.966037666365407     
          18          38  0.962299861794835     
          19          39  0.974628082902299     
          19          40  0.975280389252716     
          19          41  0.982577342142227     
