           1           2   1.01888043381375     
           2           3  0.910449364903362     
           3           4   1.19535936064494     
           3           5  0.181234729309623     
           4           5   1.69780859878341     
           4           6  0.962302679250431     
           6           7  0.972571237026633     
           7           8  0.923519028376654     
           7           9  0.957079158292877     
           9          10   1.62562841334415     
           9          11   1.24264312498693     
          10          11  0.164219052407918     
          11          12  0.893759658703822     
          12          13   1.01500276919765     
           7          14  0.971544758677893     
          10          15  0.193285204886986     
          14          15  0.969429856220396     
          14          16  0.132432588714502     
          15          16   1.49521561045270     
          15          17   1.31388378297636     
          17          18  0.891899222726947     
          15          19   1.26039667261540     
          19          20  0.920374155666566     
           1          21  0.982735595786350     
           1          22  0.979010887003109     
           1          23  0.982975272555443     
           2          24  0.968576198817960     
           2          25  0.961966788578539     
           6          26  0.959910790717016     
           6          27  0.948328561749903     
          12          28  0.964685375132984     
          12          29  0.969224406009188     
          13          30  0.977078972788164     
          13          31  0.985413267062810     
          13          32  0.982209856845112     
          18          33  0.973664561063126     
          18          34  0.972837150725517     
          18          35  0.977776784124697     
          20          36  0.977284145694485     
          20          37  0.973141355614967     
          20          38  0.975310642501411     
