           1           2   1.02057855083422     
           2           3  0.867069370974271     
           3           4   1.34461902618120     
           4           5   1.55182482373478     
           4           6   1.33272957047685     
           6           7  0.881673583756514     
           7           8   1.02242556791466     
           4           9  0.956218082683088     
           5           9  0.130094831710782     
           9          10  0.967148852389086     
          10          11   1.00240803414853     
          11          12  0.941529923631528     
          11          13  0.135538506389642     
          12          13   1.52630828082757     
          12          14   1.36450121543051     
          14          15  0.859248127461947     
          15          16   1.02523083875105     
          12          17   1.32403425744834     
          17          18  0.886981799064643     
          18          19   1.01944624056575     
           1          20  0.974700475905099     
           1          21  0.983499805894276     
           1          22  0.980696069266151     
           2          23  0.964695188149870     
           2          24  0.967358106171496     
           7          25  0.964036325272956     
           7          26  0.969321663842120     
           8          27  0.980214279531987     
           8          28  0.975327551030326     
           8          29  0.975608949005558     
          10          30  0.957261049107209     
          10          31  0.961786172806731     
          15          32  0.968427194943928     
          15          33  0.963800750850334     
          16          34  0.973003219262529     
          16          35  0.980841101430485     
          16          36  0.970514993401393     
          18          37  0.965231793204409     
          18          38  0.966222508495324     
          19          39  0.975026558535776     
          19          40  0.981264339957356     
          19          41  0.975821126504565     
