   -0.13018650
    0.06258231
   -0.25568209
    0.37156930
   -0.46699443
   -0.10448426
    0.01607296
    0.09645980
    0.37260691
   -0.44367879
   -0.23794017
    0.06475572
   -0.13118034
   -0.13061419
    0.35763279
   -0.47483101
   -0.27835404
    0.02226166
   -0.24992072
    0.01189709
    0.05413420
    0.06988240
    0.07510509
    0.09161603
    0.06551342
    0.12868054
    0.11456212
    0.09955926
    0.06470894
    0.07634155
    0.08113981
    0.05774830
    0.07705075
    0.07074316
    0.10593847
    0.09159747
    0.11439397
    0.08931254
