   -0.12625109
    0.07815624
   -0.25459423
    0.38416126
   -0.45979230
   -0.26326726
    0.06898134
   -0.13255772
   -0.14837941
    0.03721660
   -0.12297714
    0.37372768
   -0.47470869
   -0.26188046
    0.08036414
   -0.12922307
   -0.26060842
    0.07373218
   -0.12847087
    0.05439869
    0.06594040
    0.07933903
    0.09156466
    0.06114182
    0.07721825
    0.09476063
    0.09267540
    0.06909805
    0.06468245
    0.09589667
    0.09466938
    0.05758005
    0.07987987
    0.06377375
    0.08678610
    0.07012119
    0.09279923
    0.06553425
    0.08507657
    0.05329915
    0.07013562
