   -0.12530533
    0.08457019
   -0.26420100
    0.37533773
   -0.46557494
   -0.25831547
    0.07400129
   -0.12916533
   -0.13648187
    0.03776061
   -0.15778730
    0.37554794
   -0.45489783
   -0.25691873
    0.08527833
   -0.12666483
   -0.25786991
    0.07628821
   -0.13020213
    0.08408919
    0.05420027
    0.07126812
    0.08364138
    0.06034939
    0.09371928
    0.06564550
    0.08665356
    0.05447325
    0.06922189
    0.10475212
    0.10804826
    0.08228503
    0.06130262
    0.08442639
    0.05653612
    0.07158381
    0.05708884
    0.09099132
    0.07032320
    0.06161591
    0.08238492
