   -0.11444304
    0.08305024
   -0.26707783
    0.36529740
   -0.46341719
   -0.26561984
    0.07940484
   -0.12789085
   -0.13333731
    0.03609574
   -0.12279211
    0.37295090
   -0.48131498
   -0.25728491
    0.08233767
   -0.13430872
   -0.25935809
    0.07429121
   -0.13190655
    0.05554366
    0.05511307
    0.08438168
    0.07392922
    0.08433332
    0.05638232
    0.08806222
    0.07089191
    0.05762134
    0.08340178
    0.07457783
    0.12651563
    0.06947135
    0.05575186
    0.07950984
    0.08523027
    0.06929441
    0.07777376
    0.09136578
    0.06917879
    0.08944732
    0.06754606
