   -0.12594914
    0.06794538
   -0.26320594
    0.37005046
   -0.47554475
   -0.25978272
    0.07949434
   -0.12685696
   -0.11935775
    0.03661818
   -0.12815554
    0.35846258
   -0.47119470
   -0.25385201
    0.09219215
   -0.12339325
   -0.26006668
    0.08360323
   -0.13267236
    0.08777258
    0.05448430
    0.06343681
    0.09967555
    0.07909429
    0.07157424
    0.07727695
    0.06375614
    0.09011425
    0.06840896
    0.12566268
    0.07499541
    0.07929055
    0.05259807
    0.08249478
    0.05444525
    0.07544931
    0.05710442
    0.06437659
    0.06787134
    0.08464254
    0.07714049
