   -0.12980291
    0.07579798
   -0.26777275
    0.35990911
   -0.47223132
   -0.26384251
    0.09903776
   -0.12149871
   -0.11304354
    0.03154822
   -0.11680682
    0.37550037
   -0.47678617
   -0.25742154
    0.07783529
   -0.13189967
   -0.25613300
    0.07620096
   -0.13629857
    0.07319047
    0.05509761
    0.08723660
    0.06297796
    0.09099550
    0.05642352
    0.04963782
    0.08352230
    0.05991652
    0.07552410
    0.12945938
    0.07657361
    0.07271685
    0.08385398
    0.06785361
    0.08734779
    0.06766406
    0.08781928
    0.05493208
    0.07806952
    0.08417085
    0.06272438
