           1           2   1.02234177105789     
           2           3  0.886454919434324     
           3           4   1.31897651777120     
           4           5   1.52716927298829     
           4           6   1.35911796326958     
           6           7  0.865219257776188     
           7           8   1.02438243343302     
           4           9  0.941793038597217     
           5           9  0.141045169731310     
           9          10  0.988587410311127     
          10          11  0.989962030879629     
          11          12  0.944734779756198     
          11          13  0.133698316382851     
          12          13   1.54526271901954     
          12          14   1.35195128102703     
          14          15  0.864421657343201     
          15          16   1.02118397580684     
          12          17   1.32477022789826     
          17          18  0.887405490283457     
          18          19   1.02248197418603     
           1          20  0.973740635374943     
           1          21  0.982167014566398     
           1          22  0.975962014586193     
           2          23  0.962074125151837     
           2          24  0.966016642497605     
           7          25  0.964185536178571     
           7          26  0.969595814343810     
           8          27  0.974001094029762     
           8          28  0.973079344871622     
           8          29  0.980752697595015     
          10          30  0.941105266947926     
          10          31  0.954783032938256     
          15          32  0.962971731451065     
          15          33  0.966441163771691     
          16          34  0.983185750897510     
          16          35  0.980258559481338     
          16          36  0.974166592724808     
          18          37  0.964259034080623     
          18          38  0.968873973061722     
          19          39  0.976084053927880     
          19          40  0.976457337736039     
          19          41  0.980849158882878     
