   -0.13053434
    0.06380537
   -0.25373169
    0.37390444
   -0.46983411
   -0.10284429
    0.01610455
    0.09628323
    0.37194517
   -0.45355513
   -0.25673793
    0.06897522
   -0.12396291
   -0.11967262
    0.36692621
   -0.47190954
   -0.26891899
    0.01328885
   -0.25233031
    0.01157885
    0.05486270
    0.07547317
    0.07020832
    0.06391164
    0.09112497
    0.10371407
    0.12661304
    0.07280711
    0.09650413
    0.06582570
    0.04761028
    0.08371227
    0.08781264
    0.07539811
    0.11062858
    0.08858397
    0.09412505
    0.11230420
