   -0.13374012
    0.08071008
   -0.25093177
    0.36905733
   -0.44715598
   -0.25555934
    0.08384660
   -0.13227288
   -0.16321806
    0.04067354
   -0.14341490
    0.37785378
   -0.46665952
   -0.25711766
    0.07428237
   -0.12823414
   -0.26372371
    0.07809662
   -0.12747985
    0.07062081
    0.07760645
    0.08516658
    0.06780636
    0.06019104
    0.08085556
    0.06357877
    0.07071481
    0.08810946
    0.06805665
    0.10086757
    0.09891530
    0.06615260
    0.09384823
    0.06701733
    0.05338116
    0.08581092
    0.06686893
    0.08730797
    0.05369816
    0.08644508
    0.07196786
