   -0.12632555
    0.06962710
   -0.25967458
    0.35341898
   -0.45224901
   -0.26285706
    0.08821053
   -0.13072089
   -0.14712856
    0.04001734
   -0.12069433
    0.37638357
   -0.49245492
   -0.26056787
    0.07174555
   -0.13449617
   -0.25332253
    0.08183960
   -0.13460898
    0.05411711
    0.06247420
    0.08731138
    0.09671994
    0.07732052
    0.07533218
    0.06633290
    0.08912777
    0.06753788
    0.06570144
    0.11984106
    0.06880261
    0.09270654
    0.07954493
    0.07020247
    0.09136658
    0.06920627
    0.05494514
    0.07025178
    0.06930868
    0.08488817
    0.08081823
