   -0.12943291
    0.06353482
   -0.25933619
    0.37121047
   -0.46817495
   -0.10041212
    0.01501889
    0.09083782
    0.36839455
   -0.45242538
   -0.24684019
    0.06873603
   -0.12105119
   -0.13751784
    0.38321542
   -0.46591710
   -0.26558944
    0.01965521
   -0.24847941
    0.00604198
    0.07628909
    0.05287608
    0.06839309
    0.09167595
    0.06654663
    0.11912964
    0.11199204
    0.09094369
    0.07602178
    0.05243511
    0.06077517
    0.08171996
    0.10980225
    0.07734321
    0.07296356
    0.09296766
    0.11580882
    0.09084780
