           1           2   1.01407744284768     
           2           3  0.909285736145120     
           3           4   1.18789472494964     
           3           5  0.176225481234749     
           4           5   1.69941213412718     
           4           6  0.971652918311790     
           6           7   1.00203319903171     
           7           8  0.918545809814022     
           7           9  0.958246441607689     
           9          10   1.70248724714488     
           9          11   1.18831043182176     
          10          11  0.176618830594860     
          11          12  0.895683152853960     
          12          13   1.01487650940624     
           7          14  0.953666168356072     
          14          15  0.965224532132555     
          14          16  0.135647105071713     
          15          16   1.53154064346576     
          15          17   1.28213507795478     
          17          18  0.917041616037124     
          15          19   1.33087450478095     
          19          20  0.889626965704362     
           1          21  0.978887103338166     
           1          22  0.985650988279132     
           1          23  0.984046069267038     
           2          24  0.967344241745896     
           2          25  0.969768669039462     
           6          26  0.933056653003342     
           6          27  0.949209391636356     
          12          28  0.966205548879456     
          12          29  0.967980604208726     
          13          30  0.985639127625342     
          13          31  0.982852393397477     
          13          32  0.977197171060279     
          18          33  0.971988951671659     
          18          34  0.977021761532597     
          18          35  0.977486564430465     
          20          36  0.977500992017138     
          20          37  0.971065800256834     
          20          38  0.972141892791133     
