   -0.13370910
    0.06949813
   -0.26266892
    0.37796492
   -0.46124210
   -0.25930345
    0.08353067
   -0.12397888
   -0.13390496
    0.03445691
   -0.14478603
    0.37991310
   -0.47021715
   -0.26167051
    0.07534891
   -0.12813358
   -0.25886663
    0.07360855
   -0.12575251
    0.06544944
    0.07224155
    0.09090929
    0.09466354
    0.07443586
    0.04875095
    0.09096467
    0.07456638
    0.06811806
    0.05320062
    0.10917755
    0.10051149
    0.09141703
    0.06564156
    0.05445711
    0.07271576
    0.08427870
    0.09345262
    0.06493740
    0.06495310
    0.08297103
    0.05209894
