           1           2   1.01332213503979     
           2           3  0.904391245913321     
           3           4   1.20628149609313     
           3           5  0.171585443617435     
           4           5   1.66442403515117     
           4           6  0.974141975879443     
           6           7  0.989745619308239     
           7           8  0.951105457577853     
           7           9  0.948876693740253     
           9          10   1.62468957756367     
           9          11   1.22378445871789     
          10          11  0.158991472635864     
          11          12  0.896768468527302     
          12          13   1.01864948780608     
           7          14  0.958666434972831     
          10          15  0.145007389164495     
          14          15  0.960692529598349     
          14          16  0.134508347069047     
          15          16   1.50134881072597     
          15          17   1.31063596292766     
          17          18  0.891127658171509     
          15          19   1.27333406767750     
          19          20  0.918069141691976     
           1          21  0.983263116208990     
           1          22  0.985225973160740     
           1          23  0.978392883720670     
           2          24  0.970912241434458     
           2          25  0.966879134234935     
           6          26  0.921182947604517     
           6          27  0.952242968938314     
          12          28  0.968424064846536     
          12          29  0.964941845768616     
          13          30  0.977625151970692     
          13          31  0.982185290717131     
          13          32  0.982672667492474     
          18          33  0.973106542232470     
          18          34  0.972671754615291     
          18          35  0.976525033473887     
          20          36  0.975087583995753     
          20          37  0.976934462529380     
          20          38  0.973141617473721     
