           1           2   1.02381285417165     
           2           3  0.866561132396076     
           3           4   1.32405873270092     
           4           5   1.50667942444149     
           4           6   1.32934953463131     
           6           7  0.882726010772147     
           7           8   1.02076458399432     
           4           9  0.977657859076081     
           5           9  0.142202359069199     
           9          10  0.987000629751103     
          10          11  0.987801017623127     
          11          12  0.982265603684216     
          11          13  0.135684465887918     
          12          13   1.51300936868804     
          12          14   1.32801729126891     
          14          15  0.877008439863521     
          15          16   1.02248734810743     
          12          17   1.32483733095469     
          17          18  0.884495814249510     
          18          19   1.01999637962259     
           1          20  0.982580147310653     
           1          21  0.973620117299315     
           1          22  0.974968219750747     
           2          23  0.970703731984436     
           2          24  0.965377403780465     
           7          25  0.970175098945114     
           7          26  0.966743129958345     
           8          27  0.980710323193497     
           8          28  0.976082885863164     
           8          29  0.982881959317067     
          10          30  0.953569526573517     
          10          31  0.953561502538084     
          15          32  0.966351763244102     
          15          33  0.965583820452835     
          16          34  0.982461614661934     
          16          35  0.975557662342838     
          16          36  0.975823746978832     
          18          37  0.968569609212362     
          18          38  0.966058100665394     
          19          39  0.979803262761332     
          19          40  0.976431121764172     
          19          41  0.983214626585471     
