   -0.12843541
    0.08062030
   -0.24978964
    0.36789971
   -0.44953801
   -0.25578590
    0.08088699
   -0.13497400
   -0.15762866
    0.04547467
   -0.15482342
    0.38727508
   -0.44639025
   -0.26913080
    0.07798918
   -0.12592531
   -0.26564678
    0.08349903
   -0.13493530
    0.06249808
    0.07516891
    0.08940207
    0.08118545
    0.06545444
    0.05944076
    0.06838702
    0.07860695
    0.07066907
    0.08522312
    0.09198591
    0.09121092
    0.08970936
    0.06370703
    0.08345970
    0.05233245
    0.07106288
    0.06295442
    0.07128307
    0.07664273
    0.07055177
    0.08842242
