   -0.12474251
    0.06436531
   -0.25494651
    0.37263811
   -0.48462049
   -0.10101858
    0.01054353
    0.10774404
    0.36802865
   -0.47341834
   -0.25636771
    0.08493256
   -0.12673506
   -0.12110788
    0.38880857
   -0.44204998
   -0.27307431
    0.01614203
   -0.26218184
    0.00941216
    0.06724609
    0.07700253
    0.04912439
    0.09337633
    0.06471652
    0.10672049
    0.12078966
    0.06370979
    0.06123097
    0.08315992
    0.06923553
    0.06823654
    0.09203536
    0.08562206
    0.10798789
    0.09004195
    0.11446709
    0.08294513
