           1           2   1.02119346662095     
           2           3  0.872296637753496     
           3           4   1.32863157753560     
           4           5   1.50316893160730     
           4           6   1.32207520982624     
           6           7  0.887872732387939     
           7           8   1.02253470016099     
           4           9  0.992340076536472     
           5           9  0.134731909124833     
           9          10  0.998707313621166     
          10          11  0.965152057734998     
          11          12   1.00045681501349     
          11          13  0.122725792351636     
          12          13   1.55412247867842     
          12          14   1.33789276088119     
          14          15  0.864026889058565     
          15          16   1.02219949347220     
          12          17   1.27745799200026     
          17          18  0.885076933040106     
          18          19   1.02171011598026     
           1          20  0.975532369563099     
           1          21  0.981848038757251     
           1          22  0.979544086202541     
           2          23  0.968662530140461     
           2          24  0.966027180484011     
           7          25  0.964587736486197     
           7          26  0.967350719563853     
           8          27  0.981516185567626     
           8          28  0.975960379375792     
           8          29  0.975275116408748     
          10          30  0.954321349353624     
          10          31  0.963549599339347     
          15          32  0.965307296547980     
          15          33  0.965927316677026     
          16          34  0.973175919621453     
          16          35  0.973059034078811     
          16          36  0.982456441669298     
          18          37  0.965900731060687     
          18          38  0.965152827866604     
          19          39  0.976667756760934     
          19          40  0.982680586698344     
          19          41  0.976847881564772     
