           1           2   1.02178405312364     
           2           3  0.888714080282523     
           3           4   1.31656671687757     
           4           5   1.52885203281571     
           4           6   1.36119691794645     
           6           7  0.863614998010042     
           7           8   1.02410319146845     
           4           9  0.940255375980516     
           5           9  0.140662562738379     
           9          10  0.993047773941195     
          10          11  0.983760421889137     
          11          12  0.987285149333066     
          11          13  0.135778644700730     
          12          13   1.50705450785716     
          12          14   1.32203408275690     
          14          15  0.875572284868081     
          15          16   1.02370265660979     
          12          17   1.32427228878329     
          17          18  0.886693860323453     
          18          19   1.02015581363807     
           1          20  0.977639775620883     
           1          21  0.983006299239407     
           1          22  0.976650287030784     
           2          23  0.963132523912835     
           2          24  0.963684888993160     
           7          25  0.970272926370733     
           7          26  0.964293363668596     
           8          27  0.981658870035883     
           8          28  0.970486953821968     
           8          29  0.972593029354942     
          10          30  0.948366242853582     
          10          31  0.953749343379324     
          15          32  0.965203788284847     
          15          33  0.966454005225768     
          16          34  0.981932778194265     
          16          35  0.975407478822281     
          16          36  0.974680399407940     
          18          37  0.969194943663105     
          18          38  0.965525727174350     
          19          39  0.979779193441608     
          19          40  0.976764738999888     
          19          41  0.983199664630322     
