   -0.12679540
    0.07813368
   -0.25529549
    0.36150613
   -0.45678539
   -0.25830403
    0.06824933
   -0.12675893
   -0.14260101
    0.04057496
   -0.16059256
    0.37991665
   -0.46263049
   -0.24589833
    0.07410077
   -0.12796225
   -0.25621545
    0.08658645
   -0.13447414
    0.06116930
    0.07090011
    0.08587729
    0.07911482
    0.06983255
    0.07665054
    0.09905356
    0.08578983
    0.06460777
    0.05545393
    0.08926431
    0.10073667
    0.06508940
    0.09641798
    0.08823728
    0.07189829
    0.05418236
    0.05809630
    0.05904917
    0.08473821
    0.07603966
    0.07304613
