   94
         18          1         18
         18         19         36
          2         37         38
          9         39         47
         17         48         64
         10         65         74
          3         75         77
          2         78         79
          2         80         81
         29         82        110
         15        111        125
          1        126        126
         29        127        155
         17        156        172
          1        173        173
         18        174        191
         16        192        207
         18        208        225
         16        226        241
         12        242        253
         11        254        264
          2        265        266
         13        267        279
         14        280        293
         12        294        305
         13        306        318
         11        319        329
          9        330        338
          3        339        341
         16        342        357
         12        358        369
         16        370        385
         16        386        401
          1        402        402
         11        403        413
         14        414        427
          1        428        428
          2        429        430
          1        431        431
         13        432        444
         13        445        457
          9        458        466
         13        467        479
         15        480        494
         11        495        505
          1        506        506
          1        507        507
         12        508        519
         16        520        535
          1        536        536
         12        537        548
          1        549        549
         14        550        563
          1        564        564
          7        565        571
          4        572        575
          6        576        581
          9        582        590
          3        591        593
          2        594        595
          4        596        599
          6        600        605
          9        606        614
          1        615        615
          7        616        622
          1        623        623
          1        624        624
         12        625        636
          1        637        637
          1        638        638
          5        639        643
          5        644        648
          1        649        649
          2        650        651
          1        652        652
          9        653        661
          4        662        665
          1        666        666
          1        667        667
          1        668        668
          1        669        669
          1        670        670
          6        671        676
          1        677        677
          1        678        678
          1        679        679
          1        680        680
          4        681        684
          5        685        689
          3        690        692
          1        693        693
          2        694        695
          3        696        698
          1        699        699
