           1           2   1.02001407493995     
           2           3  0.871882039256008     
           3           4   1.30796954239700     
           4           5   1.48845841147104     
           4           6   1.29651218622861     
           6           7  0.890521059616249     
           7           8   1.01801078536029     
           4           9   1.01191869426480     
           5           9  0.139461387442732     
           9          10  0.984957471295909     
          10          11  0.982022887288062     
          11          12   1.00365818369551     
          12          13   1.54030299469454     
          12          14   1.28419088942491     
          14          15  0.886171260441962     
          15          16   1.02211399364267     
          12          17   1.31538331020299     
          17          18  0.878209677221093     
          18          19   1.02366563955396     
           1          20  0.981482498862952     
           1          21  0.982914332110331     
           1          22  0.973324892338097     
           2          23  0.965327963074811     
           2          24  0.970257889870074     
           7          25  0.966229315828722     
           7          26  0.971484153879030     
           8          27  0.983819943705306     
           8          28  0.976119832550793     
           8          29  0.982296364215501     
          10          30  0.942510397395986     
          10          31  0.953667001810201     
          15          32  0.967463183891148     
          15          33  0.962802815152809     
          16          34  0.980527201927166     
          16          35  0.972710756560292     
          16          36  0.976173396271718     
          18          37  0.968237700302722     
          18          38  0.966020358020223     
          19          39  0.975926646715827     
          19          40  0.981094710170836     
          19          41  0.975238246737136     
