$coord
         -6.234385817524          0.493019726131          0.021944581103     c 
         -3.432555363396          0.164959309665         -0.016436017300     c 
         -2.361099505674         -2.241905361920         -0.010829278643     c 
          0.224861965535         -2.554523718952         -0.003390387183     c 
          1.816534509816         -0.446056342444         -0.001794817298     c 
          0.746787194711          1.972567950482         -0.007358435432     c 
         -1.839287796116          2.264417178093         -0.014548600218     c 
          4.541365829476         -0.762356683656          0.007219853136     c 
          6.095274998589          0.933698930109          0.009606293362     o 
         -6.785599398394          2.197442249503         -0.981827713458     h 
         -7.176739798116         -1.127714826975         -0.814415532330     h 
         -6.876259795442          0.670349506515          1.970734534020     h 
         -3.579027848438         -3.878524332281         -0.014231581304     h 
          1.039987416693         -4.425206718066         -0.001562535775     h 
          1.998140767802          3.584762219941         -0.007462352596     h 
         -2.648191553998          4.137249920754         -0.019869843047     h 
          5.181098838412         -2.753634030306          0.016367357131     h 
$end
