           1           2  0.981882361359198     
           2           3  0.955978315748410     
           2           4  0.961601994559585     
           4           5  0.956442937455941     
           4           6  0.972061651457023     
           6           7  0.955370783730876     
           6           8  0.948602520375788     
           8           9  0.949653147723178     
           1          10  0.968811081907925     
           8          10  0.963411428773959     
           8          11   1.01168180147521     
           6          12   1.00705999156483     
           4          13  0.999325206794277     
           2          14   1.00100382405901     
           1          15  0.966596125950219     
           1          16  0.967139245941771     
          11          17  0.833746926216548     
          12          18  0.846100460915386     
          13          19  0.855174478299587     
          14          20  0.843349107238836     
