           1           2   1.01353183503361     
           2           3  0.906144679796345     
           3           4   1.21034765464776     
           3           5  0.174623406685678     
           4           5   1.67006539994426     
           4           6  0.973553303568163     
           6           7  0.994458322591073     
           7           8  0.934388179761503     
           7           9  0.955139114746375     
           9          10   1.63610276905204     
           9          11   1.21740721417490     
          10          11  0.157866711183232     
          11          12  0.898186079365798     
          12          13   1.01926540167312     
           7          14  0.959344085612791     
          10          15  0.127567886467595     
          14          15  0.985821599557494     
          14          16  0.129595127898171     
          15          16   1.53267024844265     
          15          17   1.26950695116591     
          17          18  0.916610180979280     
          15          19   1.31574629084371     
          19          20  0.892075369171898     
           1          21  0.983274592441570     
           1          22  0.978490444779722     
           1          23  0.985625482029542     
           2          24  0.966513711111466     
           2          25  0.970323115593755     
           6          26  0.949941798393107     
           6          27  0.928269819816801     
          12          28  0.969099182116474     
          12          29  0.967087676691688     
          13          30  0.982513437661024     
          13          31  0.977593571776646     
          13          32  0.982456202797277     
          18          33  0.975763636667423     
          18          34  0.973111072846383     
          18          35  0.976070783571024     
          20          36  0.971572610015309     
          20          37  0.977625156380646     
          20          38  0.977331744605055     
