   -0.12897173
    0.07380424
   -0.25433835
    0.37569411
   -0.47446141
   -0.26138419
    0.07758843
   -0.12739497
   -0.12972468
    0.03747740
   -0.15730792
    0.38436127
   -0.45649495
   -0.26255305
    0.06933385
   -0.13148151
   -0.25540651
    0.07860893
   -0.12657350
    0.07008065
    0.05271243
    0.08436266
    0.06445808
    0.09384834
    0.06460716
    0.08889578
    0.08437415
    0.07293098
    0.05282998
    0.09721266
    0.09520069
    0.09529249
    0.07698162
    0.06918055
    0.09141937
    0.06254651
    0.05733959
    0.09254876
    0.06745665
    0.05457621
    0.08036925
