   -0.12529188
    0.06702496
   -0.23749196
    0.37820957
   -0.44177693
   -0.10496280
    0.00315753
    0.13729670
    0.37237249
   -0.47411118
   -0.24966663
    0.07438853
   -0.12819348
   -0.12877798
    0.36172594
   -0.47923951
   -0.26277713
    0.04455764
   -0.29202393
    0.02617298
    0.07134797
    0.07571903
    0.05185194
    0.09762411
    0.06052473
    0.13543979
    0.12766535
    0.06062075
    0.08071420
    0.05806530
    0.07941346
    0.07722062
    0.09493450
    0.07241169
    0.07023484
    0.10409060
    0.06741540
    0.07411282
