   -0.12486476
    0.06515471
   -0.25916917
    0.37470146
   -0.46171742
   -0.09215156
    0.00984464
    0.11899840
    0.37142657
   -0.43344795
   -0.22906612
    0.07248934
   -0.13887531
   -0.14651845
    0.36490187
   -0.47090515
   -0.25315421
    0.02243645
   -0.28169253
    0.01671784
    0.05563459
    0.08013839
    0.06175375
    0.06918503
    0.08609884
    0.11360394
    0.08268832
    0.07650413
    0.07031406
    0.08448053
    0.07514653
    0.07884785
    0.10403183
    0.08940208
    0.07401811
    0.10674755
    0.08185643
    0.08443939
