           1           2   1.01963837135109     
           2           3  0.909445308612166     
           3           4   1.17834516628209     
           3           5  0.172056981493519     
           4           5   1.70284156439038     
           4           6  0.960981076112033     
           6           7  0.994604716592991     
           7           8  0.921763218721784     
           7           9  0.957202867399698     
           9          10   1.69893425805190     
           9          11   1.18274985334049     
          10          11  0.170659629784946     
          11          12  0.898870384345282     
          12          13   1.01350653711421     
           7          14  0.956137252341731     
          14          15  0.976171588145656     
          14          16  0.132791242793748     
          15          16   1.51781540292084     
          15          17   1.33531115026382     
          17          18  0.885398767297937     
          15          19   1.29866359002053     
          19          20  0.911151949751022     
           1          21  0.978833100714980     
           1          22  0.982712616900422     
           1          23  0.983632695013337     
           2          24  0.969054450267892     
           2          25  0.968527176125234     
           6          26  0.964098441579821     
           6          27  0.940864384418160     
          12          28  0.967937360169622     
          12          29  0.971019530804526     
          13          30  0.985113695029380     
          13          31  0.982690935339062     
          13          32  0.977513794343319     
          18          33  0.971909755459798     
          18          34  0.971269663647303     
          18          35  0.977241356360147     
          20          36  0.975895855703372     
          20          37  0.971174109466071     
          20          38  0.977446723644400     
