           1           2   1.02152386630093     
           2           3  0.887304600086073     
           3           4   1.30172093456829     
           4           5   1.54728372812454     
           4           6   1.29874465721873     
           6           7  0.875919266862675     
           7           8   1.02178253641911     
           4           9   1.02132465867987     
           9          10  0.964308911254780     
          10          11  0.999313393442020     
          11          12  0.959077286668727     
          11          13  0.133377449045995     
          12          13   1.53559883455959     
          12          14   1.32215925614444     
          14          15  0.883905657708258     
          15          16   1.01848835097589     
          12          17   1.34530865487639     
          17          18  0.865396038771436     
          18          19   1.02101473692692     
           1          20  0.976114353879353     
           1          21  0.982644479936383     
           1          22  0.975526588594865     
           2          23  0.966119835589284     
           2          24  0.964278925567608     
           7          25  0.966443434186482     
           7          26  0.968007337301273     
           8          27  0.983020732411555     
           8          28  0.975978581013942     
           8          29  0.981537783113213     
          10          30  0.953173940061330     
          10          31  0.960093180381152     
          15          32  0.970095721728906     
          15          33  0.968172877767758     
          16          34  0.983166157290763     
          16          35  0.982078573745347     
          16          36  0.975432969568460     
          18          37  0.968626887525334     
          18          38  0.963946013441180     
          19          39  0.979866417729039     
          19          40  0.983609640768395     
          19          41  0.974250151993472     
