           1           2   1.01355221346254     
           2           3  0.906101471358349     
           3           4   1.20989838204555     
           3           5  0.174603706483573     
           4           5   1.67016535524076     
           4           6  0.973962267053409     
           6           7  0.994115272743581     
           7           8  0.934509054285911     
           7           9  0.954965907171705     
           9          10   1.63504269409714     
           9          11   1.21822500320246     
          10          11  0.157727109112011     
          11          12  0.898013765296286     
          12          13   1.01915587930426     
           7          14  0.959497321660899     
          10          15  0.129366233705880     
          14          15  0.985376541364985     
          14          16  0.129551421788315     
          15          16   1.53297831544792     
          15          17   1.26916271450475     
          17          18  0.916687703887327     
          15          19   1.31551704695894     
          19          20  0.892308268110384     
           1          21  0.985577977446329     
           1          22  0.978575579483056     
           1          23  0.983274673477885     
           2          24  0.970347876923027     
           2          25  0.966465069915980     
           6          26  0.950033789077356     
           6          27  0.927612639644040     
          12          28  0.969250436454739     
          12          29  0.966862185183422     
          13          30  0.982316778385082     
          13          31  0.982582289960251     
          13          32  0.977566850111290     
          18          33  0.975654862038380     
          18          34  0.973152766499535     
          18          35  0.976152990122306     
          20          36  0.977555372046539     
          20          37  0.977434238257380     
          20          38  0.971570848528392     
