   -0.12451522
    0.06957809
   -0.26093659
    0.35505308
   -0.47174950
   -0.26128461
    0.09016193
   -0.12396884
   -0.12554615
    0.03506091
   -0.10679371
    0.38697793
   -0.49409410
   -0.25502953
    0.08400077
   -0.13334008
   -0.26484086
    0.06952047
   -0.13680553
    0.08568373
    0.05287068
    0.06412504
    0.09616378
    0.07390678
    0.05001720
    0.08015755
    0.08035377
    0.07402657
    0.05459901
    0.12017282
    0.07405120
    0.04388285
    0.08308097
    0.07924477
    0.06599912
    0.08107476
    0.07711703
    0.09488000
    0.07231970
    0.07123887
    0.09358535
