           1           2   1.02280710911555     
           2           3  0.883788023348769     
           3           4   1.32140522144745     
           4           5   1.50508942704387     
           4           6   1.30749196745558     
           6           7  0.885962755771563     
           7           8   1.02205849783142     
           4           9   1.01565948070682     
           5           9  0.135371110053147     
           9          10  0.970181271345954     
          10          11  0.999706737417792     
          11          12  0.960619174907365     
          11          13  0.135564924496481     
          12          13   1.51423907851275     
          12          14   1.31556970641899     
          14          15  0.887726087856899     
          15          16   1.01908231136250     
          12          17   1.36321144361651     
          17          18  0.858218000688575     
          18          19   1.02468823197087     
           1          20  0.975978801430388     
           1          21  0.974604899693149     
           1          22  0.982340200017425     
           2          23  0.963249014979522     
           2          24  0.968235415451153     
           7          25  0.966841149037930     
           7          26  0.966242144810401     
           8          27  0.976811190557691     
           8          28  0.981872776881838     
           8          29  0.974779928191842     
          10          30  0.958511341615674     
          10          31  0.946335335236876     
          15          32  0.966115721272131     
          15          33  0.966689499808719     
          16          34  0.981604524975248     
          16          35  0.977857171666977     
          16          36  0.976295631821953     
          18          37  0.970835208982839     
          18          38  0.964517306340944     
          19          39  0.980701258939964     
          19          40  0.969133618558233     
          19          41  0.971755900797336     
