           1           2   1.02337040886215     
           2           3  0.874102688284257     
           3           4   1.31941907221789     
           4           5   1.54103319734734     
           4           6   1.30121189057924     
           6           7  0.891358115105486     
           7           8   1.02203354466601     
           4           9  0.981960170960259     
           9          10  0.980716118451054     
          10          11  0.986974167133860     
          11          12  0.964939072218582     
          11          13  0.137586563724036     
          12          13   1.54152067703025     
          12          14   1.33214944355148     
          14          15  0.880724735884923     
          15          16   1.02369321794642     
          12          17   1.33783235449476     
          17          18  0.873164924011277     
          18          19   1.01985039097273     
           1          20  0.976891708061591     
           1          21  0.981403602002377     
           1          22  0.975106268229094     
           2          23  0.965100662189381     
           2          24  0.967237691341450     
           7          25  0.963096814158659     
           7          26  0.966690873542477     
           8          27  0.975110995258274     
           8          28  0.982573757863672     
           8          29  0.976499496768403     
          10          30  0.954944587948242     
          10          31  0.954040374652663     
          15          32  0.963146808158814     
          15          33  0.966800029546071     
          16          34  0.973717672055903     
          16          35  0.982127649955180     
          16          36  0.975367853455797     
          18          37  0.969351342472083     
          18          38  0.964662507483964     
          19          39  0.974999726761584     
          19          40  0.980651757435394     
          19          41  0.983560516671509     
