           1           2   1.02506918329947     
           2           3  0.862698815869796     
           3           4   1.36424563531967     
           4           5   1.54101675833361     
           4           6   1.31765497771151     
           6           7  0.889355243228884     
           7           8   1.01909744551939     
           4           9  0.949626568907478     
           5           9  0.137789559213879     
           9          10  0.990325819305677     
          10          11  0.983670364929290     
          11          12  0.938908728116954     
          11          13  0.135939913754082     
          12          13   1.54907693975563     
          12          14   1.34710506043638     
          14          15  0.864545130810996     
          15          16   1.02169648458986     
          12          17   1.33730033504910     
          17          18  0.882668560481279     
          18          19   1.02062428728119     
           1          20  0.981009984349282     
           1          21  0.972754619557179     
           1          22  0.973835291630944     
           2          23  0.968913774984543     
           2          24  0.963792624434999     
           7          25  0.966574403513766     
           7          26  0.965512005082683     
           8          27  0.982190518121899     
           8          28  0.976152618032168     
           8          29  0.977182036181184     
          10          30  0.959217448209696     
          10          31  0.952172724778324     
          15          32  0.965371359228252     
          15          33  0.967897703978781     
          16          34  0.974403714409740     
          16          35  0.983299720143819     
          16          36  0.980297815832497     
          18          37  0.965966710637058     
          18          38  0.964856406340292     
          19          39  0.982163237406614     
          19          40  0.975631966966934     
          19          41  0.975289435320995     
