   -0.12982237
    0.07617387
   -0.26574329
    0.36569266
   -0.46933131
   -0.26894298
    0.08338768
   -0.11375761
   -0.12313265
    0.03554106
   -0.11580992
    0.37591118
   -0.48506276
   -0.26420020
    0.07486008
   -0.13175453
   -0.26151078
    0.06876961
   -0.12614383
    0.07294437
    0.05490392
    0.08620519
    0.06258833
    0.09016663
    0.08336385
    0.07026504
    0.05224062
    0.05549415
    0.08196072
    0.12461416
    0.07227356
    0.08792990
    0.07436484
    0.08788240
    0.06833999
    0.06785531
    0.07835979
    0.09914324
    0.06298206
    0.05411352
    0.08688449
