           1           2   1.02209090159898     
           2           3  0.888042712608882     
           3           4   1.32165948650314     
           4           5   1.50312874835138     
           4           6   1.31601613708588     
           6           7  0.874182247548301     
           7           8   1.02303840228432     
           4           9   1.01061357040653     
           5           9  0.140097187062443     
           9          10  0.977349984610865     
          10          11  0.993357015577905     
          11          12  0.964340073435511     
          11          13  0.136041074864344     
          12          13   1.51122811085450     
          12          14   1.35488516067567     
          14          15  0.860201230206360     
          15          16   1.02241305548811     
          12          17   1.33026222885201     
          17          18  0.882288592094038     
          18          19   1.02390272459685     
           1          20  0.981680122653347     
           1          21  0.976505785391312     
           1          22  0.976081577488692     
           2          23  0.966991759980167     
           2          24  0.964848510662473     
           7          25  0.966251883525863     
           7          26  0.970275876580654     
           8          27  0.975815522852952     
           8          28  0.982784083382820     
           8          29  0.976181731204890     
          10          30  0.957684951287243     
          10          31  0.946812653643188     
          15          32  0.965645441989415     
          15          33  0.970692028486503     
          16          34  0.973904747013150     
          16          35  0.976659024892106     
          16          36  0.980393703663998     
          18          37  0.966291348100644     
          18          38  0.962582782015745     
          19          39  0.982603603354290     
          19          40  0.974688934851424     
          19          41  0.975452431389888     
