   -0.13227992
    0.07852918
   -0.24326359
    0.36981129
   -0.48584905
   -0.10924935
   -0.00243578
    0.14798075
    0.38324652
   -0.41115705
   -0.21178931
    0.06367668
   -0.13034482
   -0.11013019
    0.30827109
   -0.49152890
   -0.25870370
    0.03509270
   -0.29962540
    0.03276620
    0.06666446
    0.07874446
    0.07687727
    0.06557534
    0.05603985
    0.12643733
    0.13342909
    0.06833335
    0.10587132
    0.07882347
    0.05224520
    0.08507477
    0.07089062
    0.09678295
    0.07653520
    0.06813187
    0.06465464
    0.09587144
