           1           2   1.02107654108073     
           2           3  0.884777839102863     
           3           4   1.28872121849616     
           4           5   1.55676823047734     
           4           6   1.33662691929296     
           6           7  0.865204872278531     
           7           8   1.02225064473469     
           4           9  0.974825894524339     
           5           9  0.126617282607767     
           9          10  0.985424435307340     
          10          11  0.984131242372979     
          11          12  0.991744327100314     
          11          13  0.133075301296732     
          12          13   1.51371212933796     
          12          14   1.32464718034837     
          14          15  0.872779325835964     
          15          16   1.01995826224489     
          12          17   1.32211723772332     
          17          18  0.887078264305778     
          18          19   1.02247893348552     
           1          20  0.982992941961111     
           1          21  0.976383372057167     
           1          22  0.979408936189056     
           2          23  0.966316929822258     
           2          24  0.965707028902724     
           7          25  0.966016018961889     
           7          26  0.966068247201115     
           8          27  0.973446738959649     
           8          28  0.982750636300914     
           8          29  0.976239586598873     
          10          30  0.956389694184525     
          10          31  0.955223171841598     
          15          32  0.963662681966007     
          15          33  0.970597251660738     
          16          34  0.982173085316796     
          16          35  0.974462061673849     
          16          36  0.982001870747321     
          18          37  0.964320967992861     
          18          38  0.967261854989354     
          19          39  0.982223279506608     
          19          40  0.976021580116997     
          19          41  0.977018240583684     
