   -0.12763735
    0.08065229
   -0.26153916
    0.38043264
   -0.46909013
   -0.26378563
    0.07484769
   -0.12803504
   -0.13481506
    0.03980919
   -0.14556861
    0.36788130
   -0.45129306
   -0.25837081
    0.08346573
   -0.12500055
   -0.26033347
    0.06856667
   -0.12802696
    0.06112726
    0.08556072
    0.06656177
    0.05651337
    0.08827652
    0.09233463
    0.06547096
    0.08520972
    0.05349627
    0.06775907
    0.09931945
    0.09700595
    0.07526364
    0.06329193
    0.08449650
    0.06153058
    0.07148562
    0.07559084
    0.09944713
    0.06561528
    0.05606997
    0.08641317
