   -0.13311080
    0.06967921
   -0.26038797
    0.36875470
   -0.47773200
   -0.25461605
    0.06688961
   -0.12591350
   -0.11146492
    0.03963965
   -0.14564796
    0.37057501
   -0.45940286
   -0.26614691
    0.07660118
   -0.12503129
   -0.25521843
    0.08633791
   -0.11792233
    0.08762526
    0.06862779
    0.06549822
    0.09209098
    0.07635899
    0.08010599
    0.10017432
    0.06385755
    0.05423037
    0.08609522
    0.07740418
    0.11125059
    0.09228429
    0.06340826
    0.07066993
    0.08404239
    0.05172337
    0.04624614
    0.08831597
    0.06744687
    0.05155650
    0.07510457
