           1           2   1.02218416987925     
           2           3  0.887730794461741     
           3           4   1.32004299520045     
           4           5   1.49567228881214     
           4           6   1.32038000696397     
           6           7  0.872664278494716     
           7           8   1.02329076120355     
           4           9  0.973810719923221     
           5           9  0.144317193634983     
           9          10  0.988082029857213     
          10          11  0.990974081046431     
          11          12  0.945582249176437     
          11          13  0.133275397487257     
          12          13   1.54526420753789     
          12          14   1.35289553383556     
          14          15  0.863643729347945     
          15          16   1.02105826886432     
          12          17   1.33063238569364     
          17          18  0.885097124751486     
          18          19   1.02252476448274     
           1          20  0.975620221300966     
           1          21  0.981976306860550     
           1          22  0.972927416579504     
           2          23  0.965436166276495     
           2          24  0.963359990066400     
           7          25  0.964886189234262     
           7          26  0.970164839456051     
           8          27  0.975080313864881     
           8          28  0.982809300301551     
           8          29  0.975546987805848     
          10          30  0.938129691658687     
          10          31  0.955395669455746     
          15          32  0.962722829617421     
          15          33  0.967785878824418     
          16          34  0.983414563698506     
          16          35  0.980453426780216     
          16          36  0.974316062032782     
          18          37  0.964041315698671     
          18          38  0.969086117692987     
          19          39  0.980337962006418     
          19          40  0.975703503379058     
          19          41  0.975966828265535     
