   20
         18          1         18
         34         19         52
         18         53         70
         17         71         87
         18         88        105
         14        106        119
         18        120        137
         18        138        155
         15        156        170
          9        171        179
          1        180        180
         14        181        194
          1        195        195
         12        196        207
         13        208        220
          9        221        229
          4        230        233
          3        234        236
          1        237        237
          4        238        241
