           1           2   1.00952973841393     
           2           3   1.00847271421495     
           2           4  0.996114757391187     
           4           5   1.00470958806924     
           5           6  0.988349710197401     
           1           7  0.985375797672797     
           1           8  0.985558952247911     
           1           9  0.986319057521261     
           2          10  0.968788557961557     
           3          11  0.986531654051794     
           3          12  0.986699079877066     
           3          13  0.985901744344998     
           4          14  0.975726283368210     
           4          15  0.974379071261663     
           5          16  0.971469408528314     
           5          17  0.971696318704446     
           6          18  0.857193087952809     
