           1           2   1.02336454264164     
           2           3  0.874091255035242     
           3           4   1.31740718403508     
           4           5   1.51451616129213     
           4           6   1.32436048679614     
           6           7  0.887430377885151     
           7           8   1.02258878790716     
           4           9  0.981428806264015     
           5           9  0.133257255381105     
           9          10  0.986212160816993     
          10          11  0.989932626021548     
          11          12  0.948388829618424     
          11          13  0.136139821038464     
          12          13   1.54153695358928     
          12          14   1.36212248619470     
          14          15  0.861083149174100     
          15          16   1.02412016512320     
          12          17   1.32868228167619     
          17          18  0.884405134332628     
          18          19   1.01791903051034     
           1          20  0.975103751661322     
           1          21  0.977434684365705     
           1          22  0.981973642292489     
           2          23  0.965049294581565     
           2          24  0.966294635024009     
           7          25  0.964057610069393     
           7          26  0.967444221452078     
           8          27  0.976957266268271     
           8          28  0.982510423707810     
           8          29  0.976017095945296     
          10          30  0.952711579067515     
          10          31  0.950753890422463     
          15          32  0.964167008066318     
          15          33  0.964152638267673     
          16          34  0.974848297167405     
          16          35  0.974433070673203     
          16          36  0.981211414166586     
          18          37  0.966896050722119     
          18          38  0.970698139479180     
          19          39  0.983629109949261     
          19          40  0.975522868797022     
          19          41  0.981863212535083     
