           1           2   1.02346595332290     
           2           3  0.878002194142549     
           3           4   1.32241926607394     
           4           5   1.51077816273213     
           4           6   1.32699513404960     
           6           7  0.888678432419028     
           7           8   1.01989350032292     
           4           9  0.996207342603122     
           5           9  0.137319524431097     
           9          10  0.972302588179636     
          10          11  0.996971880497352     
          11          12  0.947617846953301     
          11          13  0.133632036166725     
          12          13   1.54137033311038     
          12          14   1.34894047887516     
          14          15  0.863409822159847     
          15          16   1.02126344507234     
          12          17   1.32716531176763     
          17          18  0.887102935475847     
          18          19   1.02239149406973     
           1          20  0.976934960821450     
           1          21  0.982221401950865     
           1          22  0.975822595141697     
           2          23  0.964768540981185     
           2          24  0.967223147153775     
           7          25  0.966947160573599     
           7          26  0.967290026374625     
           8          27  0.982378513413057     
           8          28  0.977155385012177     
           8          29  0.978353763734064     
          10          30  0.961761958516741     
          10          31  0.947718739747674     
          15          32  0.963223078683922     
          15          33  0.967275298588545     
          16          34  0.980866816453504     
          16          35  0.974454079242850     
          16          36  0.983010916987016     
          18          37  0.964171149389894     
          18          38  0.969331590228835     
          19          39  0.980214753926211     
          19          40  0.975959469218645     
          19          41  0.976160540163590     
