           1           2   1.02226483979443     
           2           3  0.878465566175969     
           3           4   1.32567615405549     
           4           5   1.51464364323719     
           4           6   1.31861703822747     
           6           7  0.885673083161516     
           7           8   1.01770016591188     
           4           9   1.01732681591083     
           5           9  0.133805484495352     
           9          10  0.976795150915820     
          10          11  0.993431556139282     
          11          12  0.970378169488172     
          11          13  0.134281689604369     
          12          13   1.51921491047849     
          12          14   1.33089184588553     
          14          15  0.880378205455232     
          15          16   1.02402112044406     
          12          17   1.35422494246661     
          17          18  0.860525395930461     
          18          19   1.02104537300118     
           1          20  0.975045534209257     
           1          21  0.981279130631979     
           1          22  0.976028228807406     
           2          23  0.966459730755664     
           2          24  0.967397731258345     
           7          25  0.966655647630949     
           7          26  0.971067083497769     
           8          27  0.981941162399448     
           8          28  0.983788797503076     
           8          29  0.975745718658981     
          10          30  0.947403414451647     
          10          31  0.957583988572530     
          15          32  0.962549421839080     
          15          33  0.966582151517855     
          16          34  0.982397832681231     
          16          35  0.975267390578344     
          16          36  0.974146892148461     
          18          37  0.963645724836894     
          18          38  0.970385017051518     
          19          39  0.982984580626801     
          19          40  0.981399808722171     
          19          41  0.973110517906919     
