           1           2   1.02225033497701     
           2           3  0.887246073751358     
           3           4   1.32664431836484     
           4           5   1.51087013808588     
           4           6   1.32412446338602     
           6           7  0.879030475037521     
           7           8   1.02267690168334     
           4           9  0.986462159684503     
           5           9  0.132658178447256     
           9          10  0.987239802634422     
          10          11  0.985485116893323     
          11          12  0.975339544980273     
          11          13  0.133819001270219     
          12          13   1.51668018473942     
          12          14   1.31872140962491     
          14          15  0.876889320312334     
          15          16   1.02300381067090     
          12          17   1.31549127569509     
          17          18  0.891305588267806     
          18          19   1.02192070508323     
           1          20  0.982299558961446     
           1          21  0.977280049214620     
           1          22  0.976112879664553     
           2          23  0.967294561521567     
           2          24  0.964082952260178     
           7          25  0.967363970259579     
           7          26  0.965421704000182     
           8          27  0.981966941381219     
           8          28  0.976788683503737     
           8          29  0.975746353607852     
          10          30  0.954807272817244     
          10          31  0.952541662652326     
          15          32  0.965273024234304     
          15          33  0.967619696258385     
          16          34  0.982213978941992     
          16          35  0.975560421041014     
          16          36  0.977423670048067     
          18          37  0.963962003639149     
          18          38  0.966808194736202     
          19          39  0.982627385364734     
          19          40  0.976809063252600     
          19          41  0.975006176163725     
