           1           2   1.02194088582997     
           2           3  0.887325385519840     
           3           4   1.31786138046047     
           4           5   1.50466945321766     
           4           6   1.31659471960085     
           6           7  0.878440669903289     
           7           8   1.02301994244830     
           4           9  0.970988404387181     
           5           9  0.134893954490189     
           9          10  0.984907986633133     
          10          11  0.991433605230008     
          11          12  0.947460572195825     
          11          13  0.133995144952138     
          12          13   1.54406333475489     
          12          14   1.35241202786220     
          14          15  0.861733496349035     
          15          16   1.02085808509027     
          12          17   1.32958280694063     
          17          18  0.884536622845910     
          18          19   1.02263391918247     
           1          20  0.972400473962287     
           1          21  0.975910240829723     
           1          22  0.980310814110292     
           2          23  0.966977092914261     
           2          24  0.963459709168042     
           7          25  0.968301659963263     
           7          26  0.965523173607042     
           8          27  0.976536060850207     
           8          28  0.975797285230582     
           8          29  0.981841304111147     
          10          30  0.942248265392625     
          10          31  0.954298375927163     
          15          32  0.969876775608629     
          15          33  0.962348940381293     
          16          34  0.982358378622316     
          16          35  0.973714560100859     
          16          36  0.980918212086635     
          18          37  0.963845651283860     
          18          38  0.969617890518430     
          19          39  0.975555535793914     
          19          40  0.975544326728851     
          19          41  0.980322500640024     
