   -0.12687511
    0.08252972
   -0.25917692
    0.37687291
   -0.46398814
   -0.25491944
    0.08278619
   -0.13377594
   -0.15261777
    0.04171397
   -0.15472537
    0.37047397
   -0.44862857
   -0.25198803
    0.08633114
   -0.12902603
   -0.26078434
    0.07055625
   -0.12999003
    0.05503985
    0.07300667
    0.08633418
    0.08770224
    0.06500503
    0.05988558
    0.06185444
    0.07155804
    0.08385407
    0.07667512
    0.10226571
    0.09818876
    0.07120822
    0.05477824
    0.07513563
    0.08174234
    0.05986747
    0.09885969
    0.07151414
    0.05782024
    0.07347486
    0.08946103
