   -0.13052633
    0.06823994
   -0.22815773
    0.37749582
   -0.47824437
   -0.10709986
    0.00412017
    0.14092607
    0.37471664
   -0.46801592
   -0.26223750
    0.07280832
   -0.13574875
   -0.11961891
    0.35345460
   -0.48409103
   -0.25201012
    0.04185619
   -0.29142339
    0.02511007
    0.05841180
    0.07798157
    0.07781718
    0.09355380
    0.05872906
    0.13403537
    0.13767547
    0.06221152
    0.07266340
    0.07925855
    0.06646928
    0.08068130
    0.07172564
    0.09803643
    0.07522773
    0.07333474
    0.07861194
    0.10202130
