           1           2   1.02191284796438     
           2           3  0.888339069227206     
           3           4   1.31863074880508     
           4           5   1.51527784922385     
           4           6   1.31636645266137     
           6           7  0.882203334701202     
           7           8   1.02175291894817     
           4           9   1.01146037187009     
           5           9  0.133473269191832     
           9          10  0.976433948347773     
          10          11  0.992433153788563     
          11          12  0.968307148465102     
          11          13  0.132090766325530     
          12          13   1.53380611420586     
          12          14   1.34468692902390     
          14          15  0.859276006094061     
          15          16   1.02129833560109     
          12          17   1.32456704289962     
          17          18  0.885175213545380     
          18          19   1.02248713081094     
           1          20  0.981450830179502     
           1          21  0.976302071218519     
           1          22  0.976186602454234     
           2          23  0.967993960078403     
           2          24  0.964569063197442     
           7          25  0.967602835603043     
           7          26  0.966874784747756     
           8          27  0.981507671647202     
           8          28  0.976326225328844     
           8          29  0.976427347921614     
          10          30  0.957059616511378     
          10          31  0.948742037082085     
          15          32  0.970244255921067     
          15          33  0.962939835103061     
          16          34  0.981332520839867     
          16          35  0.982840561818371     
          16          36  0.973008454421000     
          18          37  0.964138236079640     
          18          38  0.969695982181144     
          19          39  0.976321592289954     
          19          40  0.980259558873504     
          19          41  0.975439996916307     
