$coord
          6.090914014332          0.450037411849          0.002221805601     c 
          3.622208253053         -1.033441463074          0.016745915537     c 
          1.323377827876          0.711837989221         -0.012680069624     c 
         -1.152622202813         -0.767229762670          0.004822686825     c 
         -3.444576385425          0.990083006590         -0.052033314130     c 
         -5.767825515216         -0.313887699558          0.119267378383     o 
          7.699971752188         -0.826765676590          0.023033467084     h 
          6.214612854868          1.625159716803         -1.679348785131     h 
          6.206990173576          1.669584670929          1.652309353013     h 
          3.548326078486         -2.225922201570          1.699359988749     h 
          3.558393881854         -2.272896150148         -1.632248318834     h 
          1.387617213937          1.954093629042          1.634121186727     h 
          1.392889968477          1.904324546561         -1.696521047220     h 
         -1.258510706412         -1.936991265271          1.701658099027     h 
         -1.213143992431         -2.020846004985         -1.635362275960     h 
         -3.403851328759          2.153474996828         -1.771941146715     h 
         -3.411051058392          2.253555523153          1.581246411458     h 
         -5.900043085752         -1.480358928689         -1.281883510830     h 
$end
