   59
          6          1          6
          6          7         12
         12         13         24
          6         25         30
         12         31         42
          6         43         48
          6         49         54
          6         55         60
          6         61         66
          3         67         69
          6         70         75
          5         76         80
          6         81         86
          4         87         90
          1         91         91
          1         92         92
          6         93         98
          6         99        104
          5        105        109
          6        110        115
          5        116        120
          6        121        126
          6        127        132
          6        133        138
          5        139        143
          6        144        149
          6        150        155
          5        156        160
          1        161        161
          2        162        163
          2        164        165
          1        166        166
          5        167        171
         11        172        182
          6        183        188
          6        189        194
          3        195        197
          2        198        199
          1        200        200
          6        201        206
          3        207        209
          1        210        210
          1        211        211
          1        212        212
          5        213        217
          6        218        223
          4        224        227
          1        228        228
          5        229        233
          1        234        234
          6        235        240
          5        241        245
          5        246        250
          5        251        255
          3        256        258
          1        259        259
          5        260        264
          4        265        268
          2        269        270
