           1           2   1.01337190620174     
           2           3  0.903921901128671     
           3           4   1.22210511726760     
           3           5  0.159690815023470     
           4           5   1.60974743636921     
           4           6  0.985047118388004     
           6           7   1.01045345992493     
           7           8  0.926113817308644     
           7           9  0.953607911804128     
           9          10   1.68949581963260     
           9          11   1.19942060075053     
          10          11  0.177120737033479     
          11          12  0.903971113159374     
          12          13   1.01229199960717     
           7          14  0.941982151531546     
           5          15  0.195770405981868     
          14          15  0.969130608255144     
          14          16  0.127995032821999     
          15          16   1.47164869369536     
          15          17   1.28158398625690     
          17          18  0.911303949678663     
          15          19   1.24948272656602     
          19          20  0.923463839974777     
           1          21  0.985537613349656     
           1          22  0.978256229519925     
           1          23  0.983313998681083     
           2          24  0.970452596660446     
           2          25  0.965936283967737     
           6          26  0.935732911303857     
           6          27  0.932757595137846     
          12          28  0.967560181612015     
          12          29  0.970164999682247     
          13          30  0.978196182867040     
          13          31  0.985068316620285     
          13          32  0.983166246672146     
          18          33  0.973164423579966     
          18          34  0.977380967457856     
          18          35  0.971175488744604     
          20          36  0.972798457087289     
          20          37  0.975868785187784     
          20          38  0.975613489848563     
