   -0.12544867
    0.07397629
   -0.25952961
    0.37635815
   -0.47190250
   -0.25883715
    0.07790866
   -0.12694763
   -0.14499713
    0.03424794
   -0.14477144
    0.36591163
   -0.46382274
   -0.25742058
    0.08800994
   -0.12382562
   -0.25661196
    0.08426904
   -0.13254979
    0.04559370
    0.08838898
    0.07106007
    0.06488902
    0.09484992
    0.06317760
    0.09105991
    0.08503110
    0.07264732
    0.05480741
    0.11245500
    0.11008097
    0.08196401
    0.06257360
    0.07035178
    0.08621047
    0.05599678
    0.06075819
    0.06385193
    0.08556341
    0.07492765
    0.06974438
