   -0.13332268
    0.08388395
   -0.26643395
    0.35020021
   -0.46408227
   -0.25467772
    0.07686092
   -0.12556768
   -0.14152079
    0.02715301
   -0.11086662
    0.36247904
   -0.47353301
   -0.26776706
    0.07708391
   -0.13082257
   -0.26582921
    0.07656391
   -0.12878381
    0.06746412
    0.07648562
    0.08554560
    0.06712086
    0.05679536
    0.07659550
    0.08911580
    0.06776971
    0.09052957
    0.06478420
    0.13284887
    0.08485334
    0.06073874
    0.09148502
    0.08717265
    0.07547735
    0.05741752
    0.07392852
    0.08451620
    0.06786209
    0.08755820
    0.06291757
