           1           2   1.02239801272176     
           2           3  0.867444577428407     
           3           4   1.33242839350415     
           4           5   1.54521363692001     
           4           6   1.27580159481263     
           6           7  0.877935991433844     
           7           8   1.02238896414699     
           4           9  0.994705602921152     
           5           9  0.126373339971975     
           9          10  0.979747185453535     
          10          11  0.992470164711447     
          11          12  0.947412560305154     
          11          13  0.133923001536578     
          12          13   1.54337920200788     
          12          14   1.32559823989057     
          14          15  0.885041064969385     
          15          16   1.02272107204829     
          12          17   1.35395642462811     
          17          18  0.862278411036832     
          18          19   1.01982500908266     
           1          20  0.982746670141900     
           1          21  0.973450828669759     
           1          22  0.974052762509610     
           2          23  0.965493243091590     
           2          24  0.965800235803065     
           7          25  0.965153128031217     
           7          26  0.968054329425015     
           8          27  0.980574372120125     
           8          28  0.981895809407202     
           8          29  0.975141305205093     
          10          30  0.954152143168704     
          10          31  0.954136004193524     
          15          32  0.969655089385622     
          15          33  0.963981112574671     
          16          34  0.980564510640944     
          16          35  0.975398979021401     
          16          36  0.975543307173396     
          18          37  0.962985801471853     
          18          38  0.970935062224063     
          19          39  0.982283676062598     
          19          40  0.980743240185759     
          19          41  0.974166319953953     
