           1           2   1.00173595905175     
           2           3   1.01442010827481     
           3           4   1.01441879849150     
           4           5   1.00173663294815     
           1           6   1.01438858165869     
           5           6   1.01438896982975     
           1           7  0.974910509870717     
           1           8  0.966293949734744     
           2           9  0.966276997081432     
           2          10  0.974914463028044     
           3          11  0.951539986483372     
           4          12  0.966277474367528     
           4          13  0.974914437792436     
           5          14  0.974910412304354     
           5          15  0.966293707278952     
           6          16  0.951540928766914     
