   -0.13248008
    0.07886013
   -0.26186734
    0.37909973
   -0.46461471
   -0.27266127
    0.07645267
   -0.12637513
   -0.13367038
    0.03029679
   -0.13021011
    0.36415177
   -0.46062353
   -0.26588360
    0.07990260
   -0.13028635
   -0.26112515
    0.08756980
   -0.12154380
    0.05894186
    0.08659206
    0.07346848
    0.06299653
    0.08284871
    0.06395449
    0.08982279
    0.07016452
    0.05307234
    0.08431031
    0.11478948
    0.11943254
    0.08524004
    0.05834987
    0.06206020
    0.07161982
    0.08485226
    0.07240583
    0.06051846
    0.08615195
    0.05544215
    0.06797328
