           1           2   1.02270640742430     
           2           3  0.885327871333641     
           3           4   1.33192454433751     
           4           5   1.53273416256600     
           4           6   1.30893034938744     
           6           7  0.856429140820993     
           7           8   1.02239622875954     
           4           9  0.960770682361973     
           5           9  0.138099138108907     
           9          10  0.974293895165321     
          10          11  0.987248016199443     
          11          12  0.944597573823707     
          11          13  0.140038366115162     
          12          13   1.48497083532796     
          12          14   1.31005104300287     
          14          15  0.864748389785919     
          15          16   1.02472700820300     
          12          17   1.29711572871276     
          17          18  0.898883654679954     
          18          19   1.02238439627536     
           1          20  0.980824440532544     
           1          21  0.973188764601508     
           1          22  0.975019075190310     
           2          23  0.967399186040701     
           2          24  0.964037852572554     
           7          25  0.969522097452954     
           7          26  0.964541584525173     
           8          27  0.976181901453602     
           8          28  0.973557041029508     
           8          29  0.980764796315671     
          10          30  0.952624536821678     
          10          31  0.949635284436822     
          15          32  0.969720815999214     
          15          33  0.963014510691420     
          16          34  0.975032700333946     
          16          35  0.974041388865568     
          16          36  0.982067623720283     
          18          37  0.963377039906522     
          18          38  0.965591800376702     
          19          39  0.972118845044287     
          19          40  0.981808269688957     
          19          41  0.976590939271484     
