   -0.12733050
    0.07940270
   -0.25713174
    0.38066413
   -0.46784888
   -0.25741774
    0.07046797
   -0.12553599
   -0.14901180
    0.04202476
   -0.15050127
    0.37174844
   -0.44999081
   -0.25976245
    0.08447650
   -0.12614539
   -0.26056621
    0.07349158
   -0.13031239
    0.05419207
    0.07309889
    0.08409855
    0.08668277
    0.06407397
    0.06704436
    0.09803984
    0.06856033
    0.05380124
    0.08387046
    0.09789411
    0.09332442
    0.07511115
    0.06145169
    0.07267523
    0.08663819
    0.06332018
    0.09510997
    0.06529196
    0.05569800
    0.07236241
    0.08693932
