   -0.13132312
    0.07487292
   -0.26183445
    0.38048578
   -0.48615090
   -0.26771903
    0.07180133
   -0.13380086
   -0.11021773
    0.03444200
   -0.13576713
    0.35527435
   -0.45706569
   -0.26382553
    0.08909467
   -0.13079692
   -0.25992586
    0.07789273
   -0.13655828
    0.07717971
    0.05433247
    0.08582720
    0.05996055
    0.09485109
    0.07626056
    0.08964658
    0.06950167
    0.09067759
    0.06718372
    0.12366296
    0.06971178
    0.06707261
    0.07690273
    0.08955818
    0.06522910
    0.06804202
    0.08272024
    0.05471522
    0.07696952
    0.08396458
    0.06715164
