   -0.12652316
    0.06338479
   -0.25495739
    0.37169893
   -0.46086168
   -0.09759198
    0.01263053
    0.09849295
    0.37572467
   -0.45984018
   -0.25298307
    0.07501439
   -0.12404450
   -0.11441502
    0.36748183
   -0.47636161
   -0.27151355
    0.01329109
   -0.25326898
    0.01293809
    0.06289093
    0.05470610
    0.07775529
    0.06772780
    0.09237347
    0.09258841
    0.12354969
    0.09201576
    0.06205945
    0.05520323
    0.06629530
    0.08156039
    0.07640762
    0.10992866
    0.08975383
    0.11331458
    0.09127059
    0.09230274
