           1           2   1.01409462464589     
           2           3  0.908216173730766     
           3           4   1.19408284922118     
           3           5  0.180298179487478     
           4           5   1.70576752532245     
           4           6  0.955788499138086     
           6           7  0.968959216495989     
           7           8  0.949628528453307     
           7           9  0.952375195906484     
           9          10   1.66706918580342     
           9          11   1.21180567497060     
          10          11  0.169906364070447     
          11          12  0.897512870270879     
          12          13   1.01373198022501     
           7          14  0.956891415577151     
          14          15  0.984349457405560     
          14          16  0.130338749364060     
          15          16   1.52763639419671     
          15          17   1.28970036256761     
          17          18  0.911129436486444     
          15          19   1.33459393972129     
          19          20  0.885692427747119     
           1          21  0.984520214383206     
           1          22  0.984098088142090     
           1          23  0.978566420175361     
           2          24  0.969525539109029     
           2          25  0.967519493415944     
           6          26  0.970390411295943     
           6          27  0.947177966520426     
          12          28  0.966999941697769     
          12          29  0.970058510542434     
          13          30  0.985355056329342     
          13          31  0.982252436317637     
          13          32  0.977815648820301     
          18          33  0.976402673344608     
          18          34  0.972137492211810     
          18          35  0.975741976398168     
          20          36  0.971177454898345     
          20          37  0.975290348595579     
          20          38  0.977080949134430     
