           1           2   1.02010733576426     
           2           3  0.863546536753530     
           3           4   1.34045786270059     
           4           5   1.53666816531234     
           4           6   1.31388225029586     
           6           7  0.884725663739571     
           7           8   1.02238660715698     
           4           9  0.950970489274456     
           5           9  0.139235856627109     
           9          10  0.989622960592406     
          10          11  0.982828691215011     
          11          12   1.01290887267270     
          11          13  0.126911284339228     
          12          13   1.54957256030061     
          12          14   1.27849106569804     
          14          15  0.884023776225886     
          15          16   1.02192444446897     
          12          17   1.32717506298454     
          17          18  0.868491519916140     
          18          19   1.01912229887909     
           1          20  0.982113999978702     
           1          21  0.973404914415781     
           1          22  0.981456417981851     
           2          23  0.970208822008696     
           2          24  0.968213939206248     
           7          25  0.964167502766351     
           7          26  0.969548721834233     
           8          27  0.975513783336740     
           8          28  0.975215584132897     
           8          29  0.981072859292482     
          10          30  0.939801436474484     
          10          31  0.952900349460784     
          15          32  0.965160102654175     
          15          33  0.965824442131933     
          16          34  0.974702324419707     
          16          35  0.982217137005598     
          16          36  0.976536403155200     
          18          37  0.970486021056880     
          18          38  0.967883488006726     
          19          39  0.982342382366709     
          19          40  0.974060290949563     
          19          41  0.982925486300972     
