   -0.13372831
    0.08284642
   -0.26556941
    0.37390321
   -0.46570926
   -0.26125549
    0.08413534
   -0.12335837
   -0.12881057
    0.03389055
   -0.12555512
    0.37810689
   -0.46232058
   -0.26870128
    0.07112331
   -0.12719042
   -0.26505697
    0.08402886
   -0.12271668
    0.07541099
    0.08454807
    0.06982184
    0.06445576
    0.06034740
    0.08579984
    0.05728504
    0.08427968
    0.05905001
    0.06417395
    0.10932673
    0.10953068
    0.09604617
    0.06935534
    0.06707240
    0.08447250
    0.05621497
    0.08401152
    0.05649245
    0.06370948
    0.08270061
    0.05783249
