           1           2   1.02209910186514     
           2           3  0.892085094160366     
           3           4   1.30361888311328     
           4           5   1.47925197984167     
           4           6   1.30305498342552     
           6           7  0.877219522863859     
           7           8   1.02245979948354     
           4           9  0.997576721485849     
           5           9  0.144136206509218     
           9          10  0.992591099010551     
          10          11  0.976674509074789     
          11          12  0.982224607522338     
          11          13  0.106493568808310     
          12          13   1.54077708213262     
          12          14   1.28787318631111     
          14          15  0.883257078597703     
          15          16   1.02169310259219     
          12          17   1.30913475636479     
          17          18  0.884435559529515     
          18          19   1.02066552599387     
           1          20  0.981798461371396     
           1          21  0.976776003628630     
           1          22  0.976372128684255     
           2          23  0.967532304827638     
           2          24  0.965303621904834     
           7          25  0.965785304267444     
           7          26  0.969746719721920     
           8          27  0.983671032850641     
           8          28  0.976064552896128     
           8          29  0.976068902941481     
          10          30  0.951279024800294     
          10          31  0.941316568815836     
          15          32  0.966697967489490     
          15          33  0.965531967698023     
          16          34  0.981394898728252     
          16          35  0.973748288003651     
          16          36  0.976103169072543     
          18          37  0.965455333795333     
          18          38  0.966678539763708     
          19          39  0.981315749500387     
          19          40  0.976108950599119     
          19          41  0.975686697313777     
