           1           2   1.02034982073513     
           2           3  0.882702692989028     
           3           4   1.31991617597015     
           4           5   1.51357366665010     
           4           6   1.32461245995698     
           6           7  0.874050774988565     
           7           8   1.01896173820123     
           4           9   1.02480977015364     
           5           9  0.135361080946229     
           9          10  0.972065318338191     
          10          11  0.998414373659711     
          11          12  0.964903389355197     
          11          13  0.135201546738744     
          12          13   1.52417062765858     
          12          14   1.35406957422372     
          14          15  0.863402913474605     
          15          16   1.02077524008708     
          12          17   1.33021739566046     
          17          18  0.881111223624660     
          18          19   1.02365243015663     
           1          20  0.982654340080446     
           1          21  0.982991172186243     
           1          22  0.975853096740137     
           2          23  0.967220154177296     
           2          24  0.969471535707258     
           7          25  0.972229539002741     
           7          26  0.968841694100039     
           8          27  0.982177604474364     
           8          28  0.982228578446406     
           8          29  0.974901702155397     
          10          30  0.959595369810178     
          10          31  0.946169236339769     
          15          32  0.970266163151122     
          15          33  0.964347981605008     
          16          34  0.982434871741213     
          16          35  0.982828573272436     
          16          36  0.973605337175761     
          18          37  0.966270769725599     
          18          38  0.961900648144363     
          19          39  0.976574357601934     
          19          40  0.975470384228205     
          19          41  0.982571302674820     
