           1           2   1.02083046153140     
           2           3  0.888252883587723     
           3           4   1.32206495901600     
           4           5   1.50832678732257     
           4           6   1.32746656110393     
           6           7  0.890635305874077     
           7           8   1.02026347175269     
           4           9  0.976656134002014     
           5           9  0.149164689127256     
           9          10  0.973295857075141     
          10          11  0.998338327531772     
          11          12  0.954742354941901     
          11          13  0.134592598216272     
          12          13   1.52863428008014     
          12          14   1.33949236721339     
          14          15  0.861119352739632     
          15          16   1.02322433455696     
          12          17   1.32936369239530     
          17          18  0.885901774330024     
          18          19   1.02265747423550     
           1          20  0.981398349150383     
           1          21  0.974405973941242     
           1          22  0.976249949588813     
           2          23  0.967435918039911     
           2          24  0.964408396472054     
           7          25  0.963663994293680     
           7          26  0.965288544445720     
           8          27  0.980344980165276     
           8          28  0.977587059573461     
           8          29  0.983287373901002     
          10          30  0.960312525953598     
          10          31  0.945599380722740     
          15          32  0.965080482107846     
          15          33  0.970536256554215     
          16          34  0.981325645986374     
          16          35  0.974022262588275     
          16          36  0.976385033464150     
          18          37  0.964077913692035     
          18          38  0.969731577274171     
          19          39  0.980088283092048     
          19          40  0.975571017448073     
          19          41  0.975664148416884     
