           1           2   1.02208692096200     
           2           3  0.885197551451288     
           3           4   1.31802684367742     
           4           5   1.48658407030652     
           4           6   1.32447698228017     
           6           7  0.880438837475612     
           7           8   1.02316837941580     
           4           9   1.01536877409908     
           5           9  0.136090119053232     
           9          10  0.984110212295967     
          10          11  0.986331246829049     
          11          12  0.964715016144019     
          11          13  0.139721027241306     
          12          13   1.52138817119971     
          12          14   1.37743637436414     
          14          15  0.856917205790952     
          15          16   1.02386098330843     
          12          17   1.30898153012911     
          17          18  0.887349047274198     
          18          19   1.01768117040042     
           1          20  0.976777591760945     
           1          21  0.975938463223276     
           1          22  0.982298953892298     
           2          23  0.966173872107475     
           2          24  0.966084821123815     
           7          25  0.968388753000245     
           7          26  0.963588354258102     
           8          27  0.972494429162830     
           8          28  0.975386673893288     
           8          29  0.981807956802211     
          10          30  0.954195080167103     
          10          31  0.940241847569761     
          15          32  0.964736682433931     
          15          33  0.969862717124904     
          16          34  0.970214755345411     
          16          35  0.981903321372328     
          16          36  0.972718643066192     
          18          37  0.968809818729027     
          18          38  0.968752058953142     
          19          39  0.982047845264666     
          19          40  0.983573514732356     
          19          41  0.975701543390344     
