           1           2   1.02224640212253     
           2           3  0.878443416453754     
           3           4   1.32391210535755     
           4           5   1.51825145488921     
           4           6   1.33059845495240     
           6           7  0.882980186211789     
           7           8   1.02219756969276     
           4           9  0.988756926282613     
           5           9  0.132425641831793     
           9          10  0.989361462300428     
          10          11  0.980283794902357     
          11          12  0.965249494656334     
          11          13  0.129470121905877     
          12          13   1.51197381514283     
          12          14   1.31998754905645     
          14          15  0.885926861157828     
          15          16   1.01724900617859     
          12          17   1.33709239407745     
          17          18  0.871089658805157     
          18          19   1.02384224668812     
           1          20  0.982671886238395     
           1          21  0.975697092122657     
           1          22  0.977861055952429     
           2          23  0.966980014889654     
           2          24  0.966604313558305     
           7          25  0.964342258815596     
           7          26  0.967564932332065     
           8          27  0.975591672959171     
           8          28  0.977665855306784     
           8          29  0.982388883241182     
          10          30  0.949173557204726     
          10          31  0.957174397386039     
          15          32  0.971960626194487     
          15          33  0.965631539849340     
          16          34  0.975612257603503     
          16          35  0.983525907537100     
          16          36  0.982097959241633     
          18          37  0.966354457018120     
          18          38  0.964600183616460     
          19          39  0.982090919693651     
          19          40  0.976546015049366     
          19          41  0.974604876851784     
