   -0.12804649
    0.06814220
   -0.25768923
    0.36866205
   -0.45280727
   -0.25645082
    0.08110996
   -0.12423808
   -0.14744677
    0.04251607
   -0.13985314
    0.37575996
   -0.47343002
   -0.26013007
    0.08298137
   -0.13421122
   -0.25073681
    0.08046062
   -0.13163915
    0.08652170
    0.05561562
    0.06582489
    0.10080162
    0.07563797
    0.06693756
    0.07743427
    0.08454647
    0.07131542
    0.06040785
    0.09680464
    0.09407097
    0.06311775
    0.05937424
    0.08392456
    0.07148978
    0.07645693
    0.07782105
    0.06086358
    0.06580552
    0.07364079
    0.08863366
