           1           2   1.02250424150613     
           2           3  0.885352952991721     
           3           4   1.31992453766970     
           4           5   1.51662233015887     
           4           6   1.36089070134519     
           6           7  0.863612413291577     
           7           8   1.02413048909614     
           4           9  0.939163859956460     
           5           9  0.142304212664241     
           9          10  0.991402761080213     
          10          11  0.988095613880939     
          11          12  0.953811561504927     
          11          13  0.136960175276857     
          12          13   1.52876024545600     
          12          14   1.36069401597154     
          14          15  0.862830455874938     
          15          16   1.02076465975494     
          12          17   1.33168267505361     
          17          18  0.882802311133197     
          18          19   1.02382498583079     
           1          20  0.975750808533105     
           1          21  0.975925647587412     
           1          22  0.982521933313399     
           2          23  0.961902696350240     
           2          24  0.963273188263286     
           7          25  0.969885887843882     
           7          26  0.964586872181656     
           8          27  0.970357021988444     
           8          28  0.972638419295863     
           8          29  0.982128906205799     
          10          30  0.942597245296212     
          10          31  0.950766162120124     
          15          32  0.969187347930249     
          15          33  0.962247374684508     
          16          34  0.973464250892529     
          16          35  0.979644758951281     
          16          36  0.982107393812505     
          18          37  0.966994375086588     
          18          38  0.962485218440875     
          19          39  0.982196721577659     
          19          40  0.974332353320212     
          19          41  0.975756076938374     
