   -0.11745818
    0.08556158
   -0.25291118
    0.37489432
   -0.47654690
   -0.25900405
    0.06877094
   -0.12616193
   -0.12027070
    0.02769556
   -0.12070182
    0.36617527
   -0.48324296
   -0.25846514
    0.09120583
   -0.12932683
   -0.26683687
    0.07542351
   -0.12850734
    0.07492752
    0.04539856
    0.07730583
    0.05109425
    0.08225205
    0.07686332
    0.09712395
    0.08925375
    0.06566834
    0.05526138
    0.09236510
    0.13167145
    0.05130151
    0.06459313
    0.06523813
    0.08268555
    0.07928833
    0.09041623
    0.06302073
    0.08725124
    0.05381310
    0.07291342
