           1           2   1.01891326009793     
           2           3  0.907752664738971     
           3           4   1.21232835166926     
           3           5  0.177961188780402     
           4           5   1.66913351866183     
           4           6  0.967576330294531     
           6           7  0.975830808056048     
           7           8  0.931499413762202     
           7           9  0.952690072243566     
           9          10   1.61740978042974     
           9          11   1.24294965058978     
          10          11  0.160300073797312     
          11          12  0.893319754291161     
          12          13   1.01914663904613     
           7          14  0.972387411114072     
          10          15  0.197867765178444     
          14          15  0.973487109319889     
          14          16  0.130907522828419     
          15          16   1.50434961543943     
          15          17   1.31028628475537     
          17          18  0.891726574983046     
          15          19   1.25932832789653     
          19          20  0.920898166352297     
           1          21  0.982783026072462     
           1          22  0.982679724459520     
           1          23  0.979008864385074     
           2          24  0.968623402144948     
           2          25  0.962840810779648     
           6          26  0.960196904412794     
           6          27  0.935097353626366     
          12          28  0.967968731231626     
          12          29  0.964907339616620     
          13          30  0.982016763828523     
          13          31  0.981945938078717     
          13          32  0.977130443940040     
          18          33  0.972967512911657     
          18          34  0.977581370250914     
          18          35  0.973968094541442     
          20          36  0.973545701100589     
          20          37  0.974497960745340     
          20          38  0.977474328942005     
