           1           2   1.01986430645976     
           2           3  0.887221224008127     
           3           4   1.31819060567642     
           4           5   1.51321639509418     
           4           6   1.31970565529786     
           6           7  0.879477011190087     
           7           8   1.02269651107777     
           4           9   1.00778640041472     
           5           9  0.136044728359062     
           9          10  0.971394578543069     
          10          11  0.999051202224297     
          11          12  0.958594369624734     
          11          13  0.135184935239595     
          12          13   1.51746146897070     
          12          14   1.31448307541069     
          14          15  0.888218148661028     
          15          16   1.01689368444733     
          12          17   1.36831922759034     
          17          18  0.857048355268499     
          18          19   1.02492873267113     
           1          20  0.983438722805653     
           1          21  0.976704877172347     
           1          22  0.980128908512623     
           2          23  0.965817818586374     
           2          24  0.968245748589813     
           7          25  0.967425223021453     
           7          26  0.965779169321323     
           8          27  0.981402680414906     
           8          28  0.973768683119986     
           8          29  0.976013285204398     
          10          30  0.957978357764007     
          10          31  0.945631089419089     
          15          32  0.969519901491552     
          15          33  0.966544520599110     
          16          34  0.983672472150590     
          16          35  0.981617668151690     
          16          36  0.975742124669034     
          18          37  0.970569283905455     
          18          38  0.964178710092669     
          19          39  0.980553089599307     
          19          40  0.970002413429666     
          19          41  0.971661038536145     
