   -0.12468625
    0.07981158
   -0.25579470
    0.36621336
   -0.50157263
   -0.26235457
    0.07671913
   -0.12625616
   -0.11464111
    0.02244002
   -0.13121792
    0.37440975
   -0.46938357
   -0.26222493
    0.09329729
   -0.13052047
   -0.25877967
    0.07283846
   -0.12835957
    0.05167169
    0.07345855
    0.08255989
    0.09238240
    0.05542772
    0.09195842
    0.05942501
    0.07438967
    0.08663083
    0.04811639
    0.12339094
    0.13022904
    0.06903371
    0.05194887
    0.06425692
    0.07623663
    0.08383834
    0.09429437
    0.06284450
    0.08479221
    0.05068386
    0.07249201
