   -0.13041062
    0.07374689
   -0.25764616
    0.37882328
   -0.47424558
   -0.26878920
    0.07554431
   -0.12271633
   -0.12655912
    0.03506483
   -0.14989029
    0.38035531
   -0.45927375
   -0.26050463
    0.07477269
   -0.12692364
   -0.25852350
    0.07689087
   -0.11972112
    0.05567514
    0.08513525
    0.07119372
    0.06598243
    0.09189058
    0.08760078
    0.07222845
    0.05447372
    0.06311565
    0.08274125
    0.10444282
    0.10054236
    0.06625588
    0.09311977
    0.06881005
    0.05264061
    0.08655898
    0.09348389
    0.06629737
    0.05400899
    0.05890195
    0.08490611
