   -0.13233413
    0.08122458
   -0.26603378
    0.38373388
   -0.44555599
   -0.26565090
    0.06842367
   -0.12691327
   -0.14672665
    0.03253590
   -0.12962600
    0.37579269
   -0.47350996
   -0.27627556
    0.08987131
   -0.11705383
   -0.25851861
    0.07747245
   -0.12720214
    0.08529345
    0.06961498
    0.06757311
    0.06491768
    0.07615457
    0.07492531
    0.09472304
    0.06468468
    0.05483407
    0.08522857
    0.09169469
    0.12767686
    0.07766505
    0.06082785
    0.05385663
    0.06245439
    0.08090897
    0.09081313
    0.06250582
    0.08581040
    0.05548351
    0.06869958
