           1           2   1.02026034721037     
           2           3  0.872650614692188     
           3           4   1.32751116892122     
           4           5   1.52902688646433     
           4           6   1.31354127878927     
           6           7  0.886570134326047     
           7           8   1.02333320798218     
           4           9  0.960699701865101     
           5           9  0.139937184960507     
           9          10  0.992968440627045     
          10          11  0.975480554160565     
          11          12   1.01533956664877     
          12          13   1.54181687672271     
          12          14   1.29280659454737     
          14          15  0.878335820157139     
          15          16   1.02399243808276     
          12          17   1.30972982523900     
          17          18  0.886995129882506     
          18          19   1.02123696856081     
           1          20  0.974965759722160     
           1          21  0.983125730031534     
           1          22  0.980938658547334     
           2          23  0.964108603318688     
           2          24  0.968780882939906     
           7          25  0.967475409277109     
           7          26  0.963393186560821     
           8          27  0.982238055449704     
           8          28  0.974563691702304     
           8          29  0.975937948209873     
          10          30  0.939197893601128     
          10          31  0.956918406011775     
          15          32  0.965017508095086     
          15          33  0.967865705649154     
          16          34  0.974607012828780     
          16          35  0.980881551535561     
          16          36  0.976136695853084     
          18          37  0.964245096512921     
          18          38  0.966330069552472     
          19          39  0.976257403692762     
          19          40  0.975562109093375     
          19          41  0.982639178023121     
