$coord
         -5.281817590574          3.246847471866          2.288858035585     c 
         -4.897264738851          1.627339041175         -0.071328116783     c 
         -5.409354948283          2.685818688052         -1.769024127189     h 
         -2.182900371985          0.744703348553         -0.316505095854     c 
         -1.119298867642         -0.829907783641          1.496337271938     c 
          1.364310806931         -1.606963013679          1.283472820998     c 
          2.852209785999         -0.837586375688         -0.741079227970     c 
          1.773739889163          0.720331320170         -2.556368909163     c 
         -0.714564026617          1.497347279624         -2.354049657198     c 
          5.567489987004         -1.635267214430         -0.907415701499     c 
          7.252173560897         -0.110811228359          0.908889391808     c 
          9.931616202102         -1.180500807801          0.906115035253     c 
          7.281543469763          2.679672741795          0.181549756881     c 
         -6.506015727509         -0.732896988242          0.004616717846     c 
         -7.078020162280         -1.884132145625          1.899829811848     o 
         -7.178371974450         -1.483483713945         -2.286049025047     o 
         -3.938464755647          4.798675387147          2.293878798382     h 
         -7.189827518477          4.007002462275          2.327348353555     h 
         -5.003152826711          2.112553721413          3.977824321476     h 
         -2.254721473103         -1.469140721391          3.068447225982     h 
          2.158528361177         -2.837248744589          2.706132885226     h 
          2.890266267489          1.332792105806         -4.151318763773     h 
         -1.517319976675          2.705681204442         -3.789529840152     h 
          5.721050760760         -3.635831365845         -0.423655649905     h 
          6.258879250027         -1.380753524065         -2.833620934316     h 
          6.468044673915         -0.283624449962          2.817503811672     h 
         11.126025405173         -0.125516839858          2.203400611168     h 
         10.749218811670         -1.054921635899         -0.975870001481     h 
          9.930757270069         -3.152712853156          1.484222704505     h 
          8.050771561688          2.917497270574         -1.710171590140     h 
          5.379447034818          3.457058090327          0.217173060687     h 
          8.446270862055          3.749447761606          1.493797119513     h 
         -8.141328613214         -3.059106842573         -2.272569535206     h 
$end
