   -0.12906646
    0.07537157
   -0.26168621
    0.35354588
   -0.46345831
   -0.25681273
    0.08021811
   -0.12955029
   -0.13559626
    0.02906053
   -0.09727910
    0.37497418
   -0.47697186
   -0.27110159
    0.07542798
   -0.13704551
   -0.27306063
    0.08808836
   -0.12327534
    0.08565193
    0.07489749
    0.05150220
    0.05897711
    0.09117914
    0.08884115
    0.06497061
    0.07282985
    0.08842006
    0.06684194
    0.13076843
    0.08530428
    0.08675581
    0.06727390
    0.06827734
    0.07299573
    0.08985624
    0.04766199
    0.08292089
    0.07903771
    0.07171864
    0.05153527
