           1           2   1.02160708653387     
           2           3  0.871140549737079     
           3           4   1.32195083895743     
           4           5   1.50469241650511     
           4           6   1.33285394569035     
           6           7  0.884348951492312     
           7           8   1.02275377424221     
           4           9  0.983216202440044     
           5           9  0.138553810206140     
           9          10  0.988088208909179     
          10          11  0.982668694265380     
          11          12  0.965299632347472     
          11          13  0.136141010548201     
          12          13   1.50278638759224     
          12          14   1.31148058614557     
          14          15  0.892201443764429     
          15          16   1.02222015935976     
          12          17   1.32817486988906     
          17          18  0.876301957949832     
          18          19   1.02348748477723     
           1          20  0.975528749589202     
           1          21  0.982700640487687     
           1          22  0.978862802154822     
           2          23  0.970648771069778     
           2          24  0.965786691992233     
           7          25  0.964883500355784     
           7          26  0.966613805075364     
           8          27  0.982016806653393     
           8          28  0.975607902239481     
           8          29  0.974964025086556     
          10          30  0.950282957281062     
          10          31  0.958793165099599     
          15          32  0.966470785229634     
          15          33  0.964153838147082     
          16          34  0.970403929168637     
          16          35  0.975886839981668     
          16          36  0.981631086952170     
          18          37  0.966340105445101     
          18          38  0.965125269646494     
          19          39  0.975476773542009     
          19          40  0.982185129842491     
          19          41  0.976630241383477     
