   -0.13033995
    0.07597385
   -0.25351391
    0.36534688
   -0.46381604
   -0.25664218
    0.07368796
   -0.13002102
   -0.13954325
    0.04144119
   -0.15064702
    0.38825737
   -0.46308399
   -0.25092277
    0.07206732
   -0.12840225
   -0.26990903
    0.07026228
   -0.13161650
    0.08861749
    0.06490937
    0.07351025
    0.07910533
    0.07199896
    0.09542327
    0.06314693
    0.05394328
    0.07421234
    0.08540972
    0.07661075
    0.08926738
    0.06273151
    0.09616537
    0.08553972
    0.07417396
    0.05244483
    0.07713062
    0.09349318
    0.06621110
    0.09110249
    0.06627320
