           1           2   1.61904341239607     
           2           3   1.07968977108931     
           3           4   1.67057107087492     
           3           5   1.12106530074760     
           4           5  0.146763409905192     
           5           6   1.13979126421404     
           5           7  0.136663375875274     
           6           7   1.62006633093442     
           1           8   1.22823561710979     
           6           8   1.13561188164898     
           7           8  0.128717563985840     
           2           9  0.998279489921360     
           1          10  0.947948852864446     
           5          11  0.894198193430975     
           8          12  0.886380544893830     
