   -0.13232297
    0.08500193
   -0.26843386
    0.36162970
   -0.46421772
   -0.26622924
    0.09000461
   -0.11752678
   -0.13067893
    0.03019476
   -0.13636240
    0.37209277
   -0.46063117
   -0.25700767
    0.07660428
   -0.13342283
   -0.27208185
    0.07120662
   -0.13235080
    0.07343501
    0.08606738
    0.06722422
    0.06682723
    0.06065421
    0.08047815
    0.05620840
    0.05502998
    0.08502331
    0.06137803
    0.12505826
    0.11652791
    0.05902049
    0.08423275
    0.07640994
    0.06072245
    0.08528680
    0.09324739
    0.07025242
    0.06779047
    0.08544495
    0.06821179
