   -0.12765027
    0.07481937
   -0.26098132
    0.37523535
   -0.44965479
   -0.26492772
    0.07303690
   -0.13390953
   -0.13942397
    0.03578093
   -0.14161953
    0.38004460
   -0.46860709
   -0.25378258
    0.07521784
   -0.12892758
   -0.25974533
    0.07604032
   -0.12581613
    0.07366415
    0.05398710
    0.08221983
    0.06063636
    0.09236286
    0.07070946
    0.08808015
    0.06451619
    0.08664302
    0.07139630
    0.09083443
    0.09727496
    0.06319941
    0.09258542
    0.05673901
    0.08612866
    0.07195928
    0.09240658
    0.06410357
    0.08442493
    0.05083236
    0.07016652
