           1           2   1.02258653266223     
           2           3  0.888208534792185     
           3           4   1.32378071615646     
           4           5   1.51352424980508     
           4           6   1.31983051928672     
           6           7  0.875002857202935     
           7           8   1.02347730873954     
           4           9  0.984228674468700     
           5           9  0.133116275528380     
           9          10  0.986117133789869     
          10          11  0.988903349174197     
          11          12  0.945104702503237     
          11          13  0.137974692617427     
          12          13   1.54231692874925     
          12          14   1.33367775578637     
          14          15  0.881671948844461     
          15          16   1.02370367335383     
          12          17   1.35111558380259     
          17          18  0.869198085465165     
          18          19   1.01996738430825     
           1          20  0.982204596779681     
           1          21  0.975624436440281     
           1          22  0.976077735351618     
           2          23  0.967421766130929     
           2          24  0.964399622047585     
           7          25  0.966754510934264     
           7          26  0.964914596010152     
           8          27  0.981835118745721     
           8          28  0.975329419025395     
           8          29  0.975200390287598     
          10          30  0.952914932176157     
          10          31  0.953581175942004     
          15          32  0.962612098433266     
          15          33  0.967082564371786     
          16          34  0.973959798275870     
          16          35  0.981887914173601     
          16          36  0.975451064941283     
          18          37  0.967810740574785     
          18          38  0.965461050803449     
          19          39  0.974753367876289     
          19          40  0.981070562095922     
          19          41  0.983185865794002     
