           1           2   1.02190983239225     
           2           3  0.880050091476253     
           3           4   1.32184729853218     
           4           5   1.51707871849628     
           4           6   1.32216402729605     
           6           7  0.883781234716596     
           7           8   1.02004183290441     
           4           9   1.01930594422032     
           5           9  0.134392721573769     
           9          10  0.974768342456240     
          10          11  0.996426741575026     
          11          12  0.968350586992811     
          11          13  0.134689536718020     
          12          13   1.53206469039122     
          12          14   1.32720482709574     
          14          15  0.881281060945601     
          15          16   1.01808404644385     
          12          17   1.35853969546396     
          17          18  0.857070730962954     
          18          19   1.02284123528246     
           1          20  0.975944809316522     
           1          21  0.981987398550485     
           1          22  0.976158190832184     
           2          23  0.967109832822410     
           2          24  0.966928290843548     
           7          25  0.969648842941484     
           7          26  0.966704682147963     
           8          27  0.976099251943644     
           8          28  0.982978470796595     
           8          29  0.982259369995648     
          10          30  0.946731636092886     
          10          31  0.958425374701975     
          15          32  0.970126739786419     
          15          33  0.969521600045562     
          16          34  0.981877648703353     
          16          35  0.975051521576110     
          16          36  0.983328133417359     
          18          37  0.967837143793351     
          18          38  0.965966319559344     
          19          39  0.983077024629203     
          19          40  0.980459012615200     
          19          41  0.973345738125702     
