   -0.12397344
    0.06730595
   -0.25266537
    0.37240172
   -0.48309030
   -0.25742825
    0.07307078
   -0.13347734
   -0.12470916
    0.03932935
   -0.15008023
    0.34458290
   -0.45557308
   -0.25506138
    0.08370493
   -0.12847685
   -0.25750021
    0.08329926
   -0.13262408
    0.08614702
    0.05160744
    0.06203438
    0.09994030
    0.07975502
    0.09048644
    0.07302124
    0.06501480
    0.07019203
    0.08831277
    0.11801883
    0.07469462
    0.06349220
    0.08845815
    0.06595789
    0.09091169
    0.07263237
    0.05411927
    0.06810384
    0.08458415
    0.07720729
    0.06627307
