           1           2   1.01909765062455     
           2           3   1.00768846292935     
           3           4   1.00699387027815     
           4           5   1.00677539719566     
           5           6   1.00680238351347     
           6           7   1.00697676472398     
           7           8   1.00768769216990     
           8           9   1.01910111579110     
           1          10  0.987214767567369     
           1          11  0.987793449547038     
           1          12  0.987807732814763     
           2          13  0.978539391667913     
           2          14  0.978620267578200     
           3          15  0.977471803754553     
           3          16  0.977398622837446     
           4          17  0.977509567203291     
           4          18  0.977495762988916     
           5          19  0.977434065665860     
           5          20  0.977453036248672     
           6          21  0.977502301207702     
           6          22  0.977485325379516     
           7          23  0.977455529564466     
           7          24  0.977445468869895     
           8          25  0.978573413242990     
           8          26  0.978569507340282     
           9          27  0.987213634773072     
           9          28  0.987806037759427     
           9          29  0.987803910460715     
