           1           2   1.01937774939064     
           2           3  0.871401814713883     
           3           4   1.30864848479743     
           4           5   1.48202527774681     
           4           6   1.31432084986218     
           6           7  0.880728177219276     
           7           8   1.02333954529578     
           4           9   1.02230293762747     
           5           9  0.141998915775041     
           9          10  0.980684968472400     
          10          11  0.989847702293048     
          11          12  0.997410823420325     
          11          13  0.134471087916494     
          12          13   1.50962123014241     
          12          14   1.31575638168596     
          14          15  0.881247198925325     
          15          16   1.02204393890686     
          12          17   1.31863396719193     
          17          18  0.889417639839057     
          18          19   1.02239952401995     
           1          20  0.981482278803989     
           1          21  0.973972529982084     
           1          22  0.982857113625545     
           2          23  0.968142102555916     
           2          24  0.970678185423178     
           7          25  0.969193785267571     
           7          26  0.963506835158061     
           8          27  0.981860288230401     
           8          28  0.973740205121532     
           8          29  0.975246606884130     
          10          30  0.940605775891135     
          10          31  0.952100714647353     
          15          32  0.965966651696320     
          15          33  0.965105317104624     
          16          34  0.975842552342282     
          16          35  0.976950686125486     
          16          36  0.981976328933898     
          18          37  0.964297334793564     
          18          38  0.966781476529361     
          19          39  0.981305918656639     
          19          40  0.975724525080238     
          19          41  0.973606492125468     
