   -0.12577755
    0.07755955
   -0.26756076
    0.38586507
   -0.44831365
   -0.26596087
    0.08230538
   -0.13437526
   -0.15399953
    0.04405920
   -0.14622638
    0.37261203
   -0.45386820
   -0.25531187
    0.08168648
   -0.12722410
   -0.25701164
    0.07268976
   -0.13064119
    0.05255320
    0.07164098
    0.08263548
    0.08858737
    0.06321877
    0.06414061
    0.07127901
    0.07454899
    0.07129337
    0.08878352
    0.09004072
    0.08907645
    0.07748775
    0.06370544
    0.07511753
    0.08824617
    0.06050735
    0.09640367
    0.06531734
    0.05512998
    0.07286853
    0.08691130
