           1           2   1.02244982808556     
           2           3  0.881499557833690     
           3           4   1.28455838427951     
           4           5   1.55462115042457     
           4           6   1.32757568220696     
           6           7  0.866775327513775     
           7           8   1.01910733644719     
           4           9  0.979660492261561     
           5           9  0.124727111510407     
           9          10  0.983436001836338     
          10          11  0.992087455399969     
          11          12  0.941970249101647     
          11          13  0.134459396988532     
          12          13   1.54736322450119     
          12          14   1.35077047017007     
          14          15  0.863248078797403     
          15          16   1.02048732482888     
          12          17   1.32853821091689     
          17          18  0.884317126357305     
          18          19   1.02281256816043     
           1          20  0.975395848214403     
           1          21  0.982368979449098     
           1          22  0.976178463882897     
           2          23  0.964444378788581     
           2          24  0.966275081933782     
           7          25  0.967977806788994     
           7          26  0.967132828233263     
           8          27  0.982187856223314     
           8          28  0.982704596552413     
           8          29  0.973396787485023     
          10          30  0.954756353753113     
          10          31  0.952378833367041     
          15          32  0.970011899362428     
          15          33  0.963485544629574     
          16          34  0.981810434298934     
          16          35  0.973889268459404     
          16          36  0.980152205789597     
          18          37  0.963768461667295     
          18          38  0.969542743982804     
          19          39  0.975581812593154     
          19          40  0.980683491114485     
          19          41  0.975463177581762     
