           1           2   1.02265259346328     
           2           3   1.41494273651096     
           3           4   1.44011411129177     
           4           5   1.42980846150618     
           3           6  0.101526054775293     
           5           6   1.42643949861541     
           2           7   1.35639667091258     
           6           7   1.34225280820954     
           7           8   1.06559243563245     
           6           9   1.02755731979784     
           1          10  0.970632978607015     
           1          11  0.970654785931746     
           1          12  0.983032476153770     
           3          13  0.968756705028533     
           4          14  0.971053235955811     
           5          15  0.968809261906403     
           8          16  0.849131184799165     
           9          17  0.970671284086396     
           9          18  0.985849588790941     
           9          19  0.970569913750007     
