           1           2  0.792570938172120     
           2           3   1.57413780383450     
           2           4   1.57414428466343     
           1           5  0.100416801052412     
           2           5  0.792570763034399     
           1           6  0.969471198217472     
           1           7  0.969474659604403     
           1           8  0.967489233573766     
           5           9  0.969469327391408     
           5          10  0.967489259069327     
           5          11  0.969476572429640     
