           1           2   1.01299325570513     
           2           3  0.901108540119472     
           3           4   1.23753750222884     
           3           5  0.165522624660052     
           4           5   1.60642119436151     
           4           6  0.981451612415601     
           6           7   1.00042927696148     
           7           8  0.919904853131600     
           7           9  0.950636659469419     
           9          10   1.70670501070465     
           9          11   1.17906384125510     
          10          11  0.171365695026447     
          11          12  0.904470804249672     
          12          13   1.01386916767326     
           7          14  0.959785750564852     
           5          15  0.117952401029135     
          14          15   1.00346021979992     
          14          16  0.140157272769951     
          15          16   1.46156567448008     
          15          17   1.30751357048406     
          17          18  0.910161594957029     
          15          19   1.27006982977864     
          19          20  0.917034813507179     
           1          21  0.981713279521860     
           1          22  0.982197150333024     
           1          23  0.977525203530514     
           2          24  0.963213306825725     
           2          25  0.971424860910675     
           6          26  0.934916128011514     
           6          27  0.934377333699685     
          12          28  0.971245105396554     
          12          29  0.967185699821308     
          13          30  0.985317874359022     
          13          31  0.978072928014161     
          13          32  0.983076788704295     
          18          33  0.972741784473093     
          18          34  0.979831105342183     
          18          35  0.971919360632777     
          20          36  0.973577132572062     
          20          37  0.974569945149803     
          20          38  0.977923439740153     
