   158
         12          1         12
          3         13         15
         25         16         40
          6         41         46
          2         47         48
         18         49         66
          2         67         68
         27         69         95
         21         96        116
          3        117        119
         26        120        145
         21        146        166
          3        167        169
          1        170        170
          1        171        171
          1        172        172
         26        173        198
          1        199        199
         30        200        229
          1        230        230
         10        231        240
          4        241        244
         29        245        273
          3        274        276
          2        277        278
          2        279        280
          5        281        285
         32        286        317
          4        318        321
          7        322        328
          4        329        332
          2        333        334
          7        335        341
          5        342        346
          3        347        349
          3        350        352
          2        353        354
          5        355        359
          5        360        364
          2        365        366
          1        367        367
          5        368        372
          3        373        375
          1        376        376
          1        377        377
          2        378        379
          2        380        381
          3        382        384
          4        385        388
          3        389        391
          8        392        399
          4        400        403
          2        404        405
          2        406        407
          1        408        408
          3        409        411
          4        412        415
          4        416        419
         13        420        432
          1        433        433
          3        434        436
          6        437        442
          7        443        449
          4        450        453
          1        454        454
         15        455        469
          3        470        472
          2        473        474
          5        475        479
          1        480        480
          1        481        481
          4        482        485
          5        486        490
          1        491        491
          1        492        492
          3        493        495
          1        496        496
          4        497        500
          2        501        502
          2        503        504
          2        505        506
          1        507        507
          2        508        509
          1        510        510
          1        511        511
          1        512        512
          4        513        516
          1        517        517
          1        518        518
          1        519        519
          1        520        520
          1        521        521
          1        522        522
         14        523        536
          2        537        538
          1        539        539
          2        540        541
          1        542        542
          1        543        543
          1        544        544
          2        545        546
          1        547        547
          1        548        548
          2        549        550
          1        551        551
          1        552        552
          2        553        554
          2        555        556
         17        557        573
          4        574        577
          1        578        578
          2        579        580
          4        581        584
          2        585        586
          2        587        588
          2        589        590
          1        591        591
          1        592        592
          1        593        593
         13        594        606
          7        607        613
         17        614        630
          1        631        631
          1        632        632
         14        633        646
         15        647        661
          2        662        663
          6        664        669
          3        670        672
          9        673        681
          2        682        683
          1        684        684
          2        685        686
          2        687        688
          1        689        689
         13        690        702
          3        703        705
          6        706        711
          4        712        715
         13        716        728
          1        729        729
          1        730        730
          2        731        732
          3        733        735
          7        736        742
          1        743        743
          1        744        744
          3        745        747
          2        748        749
          1        750        750
          2        751        752
          2        753        754
          1        755        755
          1        756        756
          6        757        762
          1        763        763
          6        764        769
          4        770        773
