           1           2   1.01852295803214     
           2           3  0.880686420189225     
           3           4   1.33392628196021     
           4           5   1.51914705851688     
           4           6   1.36827492287790     
           6           7  0.854825874039905     
           7           8   1.02285140078067     
           4           9  0.964834165972616     
           5           9  0.135161998071782     
           9          10  0.989491386543820     
          10          11  0.980721673011901     
          11          12  0.970818152962677     
          11          13  0.137489439358847     
          12          13   1.54395860292130     
          12          14   1.31031754300514     
          14          15  0.885723707981770     
          15          16   1.01774457424736     
          12          17   1.37165744802164     
          17          18  0.859996943064433     
          18          19   1.02068242651739     
           1          20  0.981652307564769     
           1          21  0.975024588567166     
           1          22  0.983443863945482     
           2          23  0.970375644517706     
           2          24  0.967614746650480     
           7          25  0.970599102643574     
           7          26  0.965344778755919     
           8          27  0.976184956871725     
           8          28  0.973449746139306     
           8          29  0.982640828779030     
          10          30  0.939026086083085     
          10          31  0.954027322012436     
          15          32  0.968842437842680     
          15          33  0.967886149085448     
          16          34  0.975610498219585     
          16          35  0.983465500961860     
          16          36  0.982447176914679     
          18          37  0.968027822521373     
          18          38  0.963053247905450     
          19          39  0.983043111999810     
          19          40  0.974013599474108     
          19          41  0.980034180109314     
