           1           2   1.01678865357339     
           2           3  0.906444288374536     
           3           4   1.20061777767616     
           3           5  0.181883930868668     
           4           5   1.69604614448105     
           4           6  0.955533916029601     
           6           7  0.968627651255045     
           7           8  0.949300683770186     
           7           9  0.952268520458577     
           9          10   1.67101965573122     
           9          11   1.20706900132075     
          10          11  0.169145003840896     
          11          12  0.896543565922742     
          12          13   1.01405100231310     
           7          14  0.957566814574002     
          14          15  0.982660940375827     
          14          16  0.129916547636460     
          15          16   1.52543312060922     
          15          17   1.29229425996989     
          17          18  0.910584717324008     
          15          19   1.33543412685351     
          19          20  0.885647950324952     
           1          21  0.978477636768165     
           1          22  0.984264601321408     
           1          23  0.982773755866898     
           2          24  0.964759090478430     
           2          25  0.968777204080566     
           6          26  0.970174612354702     
           6          27  0.947359815396730     
          12          28  0.967898657149624     
          12          29  0.970009915605261     
          13          30  0.977703906339385     
          13          31  0.985209383758547     
          13          32  0.982174270274238     
          18          33  0.972052579100208     
          18          34  0.975663711374827     
          18          35  0.976403932695487     
          20          36  0.977088164761417     
          20          37  0.971513403575936     
          20          38  0.973802362221092     
