           1           2   1.02865319410506     
           2           3   1.43565323486725     
           3           4   1.42550651970149     
           2           5  0.105760617380904     
           4           5   1.44400006962428     
           3           6  0.101616068076467     
           5           6   1.43416087901420     
           2           7   1.32915088216034     
           6           7   1.38916003134021     
           7           8   1.07003266462557     
           1           9  0.969908796647512     
           1          10  0.985647092978922     
           1          11  0.970162597245840     
           3          12  0.968499836692272     
           4          13  0.971145119055630     
           5          14  0.971122207935829     
           6          15  0.965973190551644     
           8          16  0.846038502814457     
