   -0.12576455
    0.08388905
   -0.25937537
    0.37176748
   -0.48833829
   -0.25507548
    0.07420312
   -0.12974844
   -0.10187509
    0.03461616
   -0.14735154
    0.36956562
   -0.44668751
   -0.27267877
    0.07772159
   -0.12730950
   -0.25929113
    0.08775418
   -0.12651338
    0.08518882
    0.05497951
    0.07233723
    0.09094022
    0.05225014
    0.09470495
    0.06540572
    0.05335063
    0.07182873
    0.08671629
    0.08657032
    0.11858428
    0.06146099
    0.08935090
    0.08240708
    0.06786959
    0.05500163
    0.06130230
    0.07754363
    0.05788001
    0.08402810
    0.07079077
