           1           2   1.02236397476464     
           2           3  0.886654577809192     
           3           4   1.32413935357161     
           4           5   1.53899149484242     
           4           6   1.34245228669072     
           6           7  0.856243212046758     
           7           8   1.02181559445115     
           4           9  0.965363709654583     
           5           9  0.133392900463545     
           9          10  0.991388620034724     
          10          11  0.978246259011274     
          11          12  0.962637144991934     
          11          13  0.135227249507602     
          12          13   1.55583040464751     
          12          14   1.34104643986282     
          14          15  0.863679837207165     
          15          16   1.02039482865660     
          12          17   1.31882003433522     
          17          18  0.886427799030688     
          18          19   1.02193411659976     
           1          20  0.976021143743487     
           1          21  0.975738513894824     
           1          22  0.980211489035423     
           2          23  0.969661758158124     
           2          24  0.963933959335620     
           7          25  0.961994626401381     
           7          26  0.969183650137420     
           8          27  0.982022057662117     
           8          28  0.980344330435476     
           8          29  0.972125676969426     
          10          30  0.958834636022458     
          10          31  0.948778646025290     
          15          32  0.962842102904113     
          15          33  0.968249472428029     
          16          34  0.983624220014836     
          16          35  0.980892634609484     
          16          36  0.974214998099029     
          18          37  0.964471849671171     
          18          38  0.969514205149303     
          19          39  0.976550073964737     
          19          40  0.980690004143457     
          19          41  0.975914466391764     
