           1           2   1.01775459738951     
           2           3  0.885140312982331     
           3           4   1.31943075783317     
           4           5   1.51644840939034     
           4           6   1.32343549486664     
           6           7  0.877017503696195     
           7           8   1.02248773782466     
           4           9   1.01773233315384     
           5           9  0.134437363529869     
           9          10  0.975640121857758     
          10          11  0.994137037889205     
          11          12  0.968132492969302     
          11          13  0.131039362445002     
          12          13   1.52846197558632     
          12          14   1.35206843399311     
          14          15  0.860863373338792     
          15          16   1.02229134660697     
          12          17   1.32525712869479     
          17          18  0.885914853981977     
          18          19   1.02228542907285     
           1          20  0.982034516269426     
           1          21  0.975662186993903     
           1          22  0.983736188272229     
           2          23  0.971087346834207     
           2          24  0.966606704847551     
           7          25  0.967440043918798     
           7          26  0.966290974707958     
           8          27  0.981382416040773     
           8          28  0.974860990856389     
           8          29  0.975847846762937     
          10          30  0.956263133668172     
          10          31  0.947359333470299     
          15          32  0.963754202116381     
          15          33  0.966292381117998     
          16          34  0.974210805844516     
          16          35  0.983101903116875     
          16          36  0.979378412483035     
          18          37  0.964253176976330     
          18          38  0.968937959731316     
          19          39  0.975705141481948     
          19          40  0.976672941872031     
          19          41  0.980474106670520     
