   -0.13389224
    0.07145941
   -0.25988726
    0.36218072
   -0.44852334
   -0.25112626
    0.07853391
   -0.12226748
   -0.14139177
    0.03421693
   -0.15812618
    0.36293673
   -0.47152314
   -0.24948719
    0.07534398
   -0.12630314
   -0.26270671
    0.08717032
   -0.12655116
    0.07001341
    0.08865360
    0.06501760
    0.08895897
    0.07193091
    0.06195601
    0.09404857
    0.05185949
    0.08066254
    0.06717572
    0.12323288
    0.10229921
    0.09583430
    0.06673393
    0.07100283
    0.08642783
    0.05504704
    0.04437711
    0.08024582
    0.06072721
    0.07980786
    0.07393101
