   -0.12983602
    0.06270119
   -0.25415603
    0.37289663
   -0.46299411
   -0.09036124
    0.00669653
    0.12212385
    0.37274523
   -0.44391398
   -0.24758395
    0.07544658
   -0.13049786
   -0.14044724
    0.38667237
   -0.47707680
   -0.25404561
    0.00596007
   -0.26731669
    0.02059061
    0.05481426
    0.07721195
    0.06817308
    0.06753317
    0.09284030
    0.10868590
    0.07777606
    0.08274625
    0.06394461
    0.05991254
    0.07518362
    0.08049676
    0.11696088
    0.09216270
    0.09377168
    0.07981328
    0.10776869
    0.07260074
