           1           2  0.972303898424768     
           2           3  0.959552308166260     
           2           4  0.969966935954924     
           4           5  0.954479662451378     
           4           6  0.968051245414242     
           6           7  0.958838604103076     
           6           8  0.951592392221840     
           8           9  0.950345462845666     
           1          10  0.968418950328675     
           8          10  0.963172039831892     
           8          11   1.01017809868568     
           6          12   1.00337631539439     
           4          13  0.999201459327882     
           2          14   1.00509636885996     
           1          15  0.967481930229996     
           1          16  0.966689985209167     
          11          17  0.834281894966025     
          12          18  0.845794754011556     
          13          19  0.847155355982707     
          14          20  0.853722184861523     
