           1           2   1.43451700684601     
           2           3   1.40626475458711     
           1           4  0.105228480067432     
           3           4   1.37196313584500     
           4           5   1.37196481781971     
           1           6   1.43453795117275     
           5           6   1.40624700331316     
           5           7  0.965835055092742     
           4           8   1.00413663673629     
           8           9   1.37197273452250     
           9          10   1.40624444127248     
           8          11  0.105228432358959     
          10          11   1.43454024502986     
          11          12   1.43451533364807     
           8          13   1.37195167981616     
          12          13   1.40625919899930     
          13          14  0.965841654040327     
           9          15  0.965830044046871     
           3          16  0.965817809409236     
           1          17  0.961122452878986     
           2          18  0.961213985489070     
           6          19  0.961213907981633     
          10          20  0.961213544574398     
          11          21  0.961122668020307     
          12          22  0.961215568998849     
