   -0.13006761
    0.07619479
   -0.26084217
    0.36988955
   -0.46318081
   -0.26899497
    0.08787514
   -0.12436556
   -0.12847662
    0.02951716
   -0.15660368
    0.38005657
   -0.45721383
   -0.26794558
    0.07630168
   -0.12489897
   -0.27071689
    0.07855519
   -0.13168294
    0.05762289
    0.08716135
    0.06942525
    0.06550585
    0.09186371
    0.06031740
    0.07631792
    0.06915121
    0.05545350
    0.08365190
    0.12427871
    0.11524101
    0.09301028
    0.06236967
    0.08293106
    0.05351536
    0.07089615
    0.07115211
    0.06977821
    0.06877086
    0.07128825
    0.08689690
