$hessian                                                                        
        0.5168899322   0.0405577201  -0.0009629457  -0.0977408250   0.0548563246
       -0.0062859782   0.0106108858  -0.0153238703   0.0002211070  -0.0314006917
        0.0308385009  -0.0046433550  -0.0001833036   0.0014583014  -0.0000861008
        0.0002971924   0.0004184004   0.0002349206  -0.0014996506   0.0009749958
       -0.0004047820  -0.0035115709  -0.0026006375  -0.0009335365  -0.2754130707
       -0.0517632916  -0.0292064695  -0.0445828426  -0.0173508117  -0.0251130312
       -0.0710908137  -0.0437193271   0.0676066330  -0.0009649716   0.0005633845
        0.0000877462  -0.0003776717   0.0004929660  -0.0004539331  -0.0001321397
        0.0001261098  -0.0000262989  -0.0001470851   0.0000203528   0.0000043097
       -0.0005475062   0.0000103461   0.0001420676   0.0000126819   0.0000317622
       -0.0000421145  -0.0003895132   0.0005830595  -0.0000995520   0.0001709640
       -0.0001742861  -0.0000386865
        0.0405577201   0.4692841852   0.0037486655   0.0430460261  -0.1404657321
        0.0083613155   0.0069866613  -0.0598491373   0.0055377739   0.0194318232
       -0.0037319717   0.0024510399  -0.0018768601  -0.0029538107  -0.0000326326
        0.0001547022  -0.0000241843  -0.0001942132   0.0000787729  -0.0000973243
        0.0001333025  -0.0008971737   0.0015746287   0.0003548480  -0.0496391212
       -0.0546279360  -0.0058324414  -0.0151708246  -0.1127660404  -0.1113790125
       -0.0409716744  -0.0973488547   0.0966323206  -0.0009806830   0.0005838243
        0.0007519866  -0.0007583370   0.0006020344  -0.0007381454  -0.0000951752
        0.0000043079   0.0000110801   0.0001223602   0.0000989360  -0.0000330333
        0.0000635232   0.0000392249   0.0000001019   0.0000025664   0.0000234430
       -0.0000224136   0.0001975610  -0.0004373397   0.0001635011  -0.0002518673
        0.0000917469   0.0000859564
       -0.0009629457   0.0037486655   0.4930692366  -0.0061286384   0.0108006545
       -0.0702061687  -0.0009448282   0.0035246237   0.0161158479  -0.0039723577
        0.0035525551   0.0032248845   0.0003838320  -0.0000988983  -0.0023538374
        0.0001304462   0.0000680916  -0.0000524160  -0.0005014527   0.0006630088
       -0.0000910341  -0.0009903225  -0.0000040498   0.0065701485  -0.0293894402
       -0.0062115124  -0.0482138052  -0.0233136746  -0.1165331765  -0.2042193353
        0.0662112075   0.1008367183  -0.1949671154  -0.0012770766   0.0002355988
        0.0003375990   0.0007574627  -0.0000013624   0.0004776724   0.0001026436
        0.0000156842   0.0000949279  -0.0000230285  -0.0000044294   0.0000201291
       -0.0001486107  -0.0000408673   0.0000503636  -0.0001070385  -0.0000040316
        0.0000819566   0.0009300696  -0.0011124925   0.0001617055  -0.0007562472
        0.0005652198  -0.0001007594
       -0.0977408250   0.0430460261  -0.0061286384   0.6542336374   0.1236262784
        0.0338737736  -0.1659404912  -0.1825260201   0.0025380489  -0.3432652300
       -0.0043383919  -0.0252298287  -0.0153723504  -0.0110881620   0.0001196507
       -0.0006335837   0.0007157128  -0.0013686381  -0.0018920433  -0.0002331864
        0.0007685389  -0.0270366594   0.0119746959  -0.0035394540  -0.0205031317
        0.0256157899  -0.0037284092   0.0037794173  -0.0007814115  -0.0001806980
        0.0067851662  -0.0067830761   0.0023041652   0.0013446916   0.0029810586
        0.0018084602   0.0018740671   0.0037377505  -0.0030123663  -0.0006247877
       -0.0002890885   0.0003750775   0.0006505621   0.0006464834  -0.0004337846
        0.0003711012  -0.0006461051   0.0005376363  -0.0006681215   0.0003762351
       -0.0002673873   0.0024599183  -0.0033136693   0.0032401503   0.0021786626
       -0.0027209197  -0.0016762969
        0.0548563246  -0.1404657321   0.0108006545   0.1236262784   0.7252118088
       -0.0239678246  -0.1943928305  -0.4570771157   0.0081605126  -0.0034355063
       -0.0829901349   0.0026583463  -0.0202552260  -0.0006775106  -0.0030022743
       -0.0034784803  -0.0035509174  -0.0000483782   0.0040697067  -0.0050568819
        0.0006825416   0.0235956937  -0.0009544199   0.0028843851  -0.0004561057
        0.0047476602  -0.0006552541   0.0055771480  -0.0186986980  -0.0025836740
        0.0031020380  -0.0164000566   0.0049773752   0.0001426130  -0.0006317202
       -0.0003379584   0.0000986890  -0.0000060014   0.0001670679  -0.0001862682
       -0.0000959020   0.0001118448  -0.0008838595   0.0003333479  -0.0002975449
        0.0017407527   0.0002427209  -0.0001807914  -0.0001888241   0.0001951783
       -0.0000408303   0.0034000085  -0.0023728622   0.0023264100   0.0030678479
       -0.0017527634  -0.0016546078
       -0.0062859782   0.0083613155  -0.0702061687   0.0338737736  -0.0239678246
        0.1806666936   0.0034928650   0.0100394106  -0.0595066458  -0.0289174020
        0.0012481562  -0.0385056367   0.0007853645  -0.0014107268  -0.0084771249
       -0.0004594223  -0.0006482707   0.0004105840   0.0014270691  -0.0006006606
        0.0008112901  -0.0029826885   0.0012607951  -0.0033956747  -0.0028053464
        0.0034263799  -0.0000356244   0.0126306494  -0.0220171724   0.0016423234
       -0.0111764811   0.0220573182  -0.0035270122  -0.0009049383  -0.0013616417
        0.0006937209   0.0016700920   0.0027962884  -0.0002566965  -0.0003395396
       -0.0000866034  -0.0003536006  -0.0000085447   0.0001417270  -0.0001012352
        0.0002361689   0.0000460860  -0.0000820927   0.0003329522  -0.0000418729
       -0.0004832119  -0.0013979355   0.0019071012  -0.0002749912   0.0008293418
       -0.0011498051   0.0009811036
        0.0106108858   0.0069866613  -0.0009448282  -0.1659404912  -0.1943928305
        0.0034928650   0.2259000029   0.2535022824   0.0006386492  -0.0622657327
       -0.0636701463  -0.0036225914  -0.0073768739   0.0017599520  -0.0012638369
       -0.0023981501  -0.0022023410   0.0007021457   0.0012038886  -0.0007198353
       -0.0006659336   0.0010224483  -0.0031831302   0.0009185728   0.0018120395
       -0.0003767433   0.0004465926  -0.0003845467   0.0016612328   0.0006277068
       -0.0002267974   0.0021154956  -0.0008737442  -0.0005427012  -0.0006600243
       -0.0005334324  -0.0008343338  -0.0011396393   0.0008449403   0.0001803881
        0.0000712375  -0.0000457778  -0.0009983619  -0.0001896806  -0.0000877291
       -0.0000629901   0.0001853375  -0.0001820045   0.0002138105  -0.0001678303
        0.0000289875   0.0005157961   0.0004012298  -0.0002804105  -0.0004282808
        0.0000187725   0.0007998288
       -0.0153238703  -0.0598491373   0.0035246237  -0.1825260201  -0.4570771157
        0.0100394106   0.2535022824   0.5478052051  -0.0111630163  -0.0524543694
       -0.0259087046  -0.0032937977  -0.0038775803   0.0014148748   0.0003090751
       -0.0009859653  -0.0008561960   0.0005682056   0.0004125511   0.0013656838
       -0.0001638657   0.0035709329   0.0017628351  -0.0008133850  -0.0018903735
        0.0030906632  -0.0003278382   0.0022678500  -0.0051875259   0.0011233452
        0.0029970878  -0.0063597933   0.0001196845  -0.0005637740  -0.0005944443
       -0.0004571562  -0.0010491258  -0.0015926403   0.0009129688   0.0002270507
        0.0000367401  -0.0001170985  -0.0004462773  -0.0001201975   0.0000187395
       -0.0004597928   0.0001332330  -0.0001740157   0.0002284319  -0.0003305162
        0.0000933785  -0.0019591747   0.0011009496  -0.0019462753  -0.0016698633
        0.0011660863   0.0017470171
        0.0002211070   0.0055377739   0.0161158479   0.0025380489   0.0081605126
       -0.0595066458   0.0006386492  -0.0111630163   0.0273323353  -0.0031412201
       -0.0035616762   0.0125830769  -0.0008116878   0.0005129938   0.0072709775
       -0.0000682335   0.0003496130   0.0001515528  -0.0001227398  -0.0002708987
       -0.0000482321   0.0004282198  -0.0005796288  -0.0022456433   0.0004865349
       -0.0003879253  -0.0008695146  -0.0008058936   0.0027777760  -0.0002813026
        0.0005085696  -0.0014463936   0.0000604920   0.0007290867   0.0009042422
       -0.0000722580  -0.0010110894  -0.0012639511   0.0000639159   0.0001224922
        0.0000077579   0.0000778088  -0.0000364806  -0.0000268501   0.0000043245
        0.0000465681  -0.0000032930   0.0000081333  -0.0000855135  -0.0000021791
        0.0000701615   0.0004811202   0.0002636634   0.0001089533  -0.0001175382
        0.0001914792  -0.0008239834
       -0.0314006917   0.0194318232  -0.0039723577  -0.3432652300  -0.0034355063
       -0.0289174020  -0.0622657327  -0.0524543694  -0.0031412201   0.7404313540
        0.0332600010   0.0468546895  -0.1041780054  -0.0496144475   0.0025681160
       -0.0342100832  -0.0194113302   0.0015164752  -0.0365917768   0.0195030837
       -0.0033484422  -0.1083794990   0.0501198882  -0.0075884023  -0.0026392640
        0.0036620958  -0.0006297667  -0.0018289933  -0.0006564861   0.0003811274
       -0.0016116865  -0.0007813633  -0.0007762692   0.0042398985   0.0002485970
       -0.0042814542  -0.0032454265  -0.0121359778   0.0075713285  -0.0001088671
       -0.0000944407  -0.0005562438  -0.0067224666   0.0018410019  -0.0017708183
       -0.0071923760  -0.0020880044   0.0016757774   0.0002907951   0.0001148656
        0.0003634463  -0.0048428259   0.0126875457  -0.0096456512   0.0035208773
       -0.0001969765   0.0036970675
        0.0308385009  -0.0037319717   0.0035525551  -0.0043383919  -0.0829901349
        0.0012481562  -0.0636701463  -0.0259087046  -0.0035616762   0.0332600010
        0.5523469554  -0.0326765551  -0.0576249945  -0.1678115071   0.0087916567
       -0.0119407671   0.0022116748  -0.0010751938   0.0101867733   0.0018336878
       -0.0013058986   0.0578513189  -0.1611691759   0.0106071339   0.0037610400
       -0.0054470577   0.0007002411  -0.0001344403  -0.0007656793  -0.0003566358
        0.0000546396  -0.0005672505   0.0006138181  -0.0137027555  -0.0292490847
       -0.0044525804  -0.0146336922  -0.0245610074   0.0103962108   0.0006226223
       -0.0003626144   0.0000962716  -0.0000454427  -0.0010993600  -0.0009432581
       -0.0000979099  -0.0010062470  -0.0008385482  -0.0005728148  -0.0001934532
        0.0001351966   0.0149034744  -0.0211323147   0.0113794845   0.0152829850
       -0.0303967548  -0.0023103784
       -0.0046433550   0.0024510399   0.0032248845  -0.0252298287   0.0026583463
       -0.0385056367  -0.0036225914  -0.0032937977   0.0125830769   0.0468546895
       -0.0326765551   0.0996675912   0.0011797264   0.0072873624  -0.0461391277
       -0.0050906919  -0.0051838099   0.0021083091   0.0039202889  -0.0047190796
        0.0025507496  -0.0093881823   0.0117874922  -0.0517370832  -0.0005331541
        0.0006726569   0.0009572866  -0.0006327277   0.0008044910   0.0007681367
        0.0000580550  -0.0006565388   0.0006925690  -0.0095023631  -0.0137054525
        0.0039377716   0.0136408493   0.0222795337   0.0028641853   0.0003327588
        0.0002612349   0.0005356878  -0.0008643510  -0.0000482728   0.0003031152
        0.0007108130   0.0000361381   0.0004210385  -0.0003628266   0.0001601852
        0.0007909628  -0.0167969626   0.0245537062   0.0004291136   0.0099698534
       -0.0126686803   0.0045473692
       -0.0001833036  -0.0018768601   0.0003838320  -0.0153723504  -0.0202552260
        0.0007853645  -0.0073768739  -0.0038775803  -0.0008116878  -0.1041780054
       -0.0576249945   0.0011797264   0.4347141950  -0.0528349252  -0.0150625252
       -0.1650387280   0.0394880683  -0.0297998489  -0.0114459521   0.0163746388
        0.0014715168   0.0062342090   0.0040128202  -0.0003327321  -0.0002632571
       -0.0004934703  -0.0000028706  -0.0005826746  -0.0001825169  -0.0002930473
       -0.0001821230  -0.0001706174   0.0000614792  -0.0675353949   0.0546349191
        0.0574696795  -0.0387332094   0.0077788143  -0.0082104588  -0.0077602185
        0.0043271187  -0.0042437358  -0.0198039643   0.0066013136  -0.0036028596
       -0.0004668046   0.0014326614   0.0010700328   0.0003629060   0.0000636523
        0.0000602600  -0.0008297738   0.0010824696  -0.0003202450  -0.0015586764
        0.0015197146   0.0001981198
        0.0014583014  -0.0029538107  -0.0000988983  -0.0110881620  -0.0006775106
       -0.0014107268   0.0017599520   0.0014148748   0.0005129938  -0.0496144475
       -0.1678115071   0.0072873624  -0.0528349252   0.5026066558   0.0085666057
        0.0366582947  -0.0743202013   0.0101240420   0.0212506936  -0.0212147605
        0.0042175119  -0.0028619624  -0.0292385745   0.0000478555   0.0002628383
       -0.0001167920   0.0000540580   0.0017229141   0.0006659585   0.0003980468
        0.0012450576   0.0004956495  -0.0002746566   0.0545100573  -0.1352333627
       -0.1002279859   0.0055795351  -0.0682860335   0.0720164432   0.0036516012
       -0.0007813630   0.0022178802  -0.0141657264   0.0053158897  -0.0024083956
        0.0001512361  -0.0055807845  -0.0018877833   0.0002325807   0.0004476018
        0.0002084518   0.0002385950  -0.0012882547  -0.0004319067   0.0018435665
       -0.0034436751   0.0010891019
       -0.0000861008  -0.0000326326  -0.0023538374   0.0001196507  -0.0030022743
       -0.0084771249  -0.0012638369   0.0003090751   0.0072709775   0.0025681160
        0.0087916567  -0.0461391277  -0.0150625252   0.0085666057   0.5102608277
       -0.0271385455   0.0109116122  -0.0759104736   0.0081228288  -0.0051238245
        0.0042404899   0.0016389243   0.0008952849  -0.0008636569  -0.0001606959
       -0.0000705552   0.0000953766   0.0009290040  -0.0003137385   0.0002011529
       -0.0015366180   0.0001815910   0.0004061092   0.0561749463  -0.0992147460
       -0.1478750038  -0.0059195443   0.0741750210  -0.2326194577  -0.0284548500
        0.0105167981  -0.0092716324   0.0102724355  -0.0031187711   0.0021468425
        0.0002211608  -0.0021038198   0.0001153440   0.0003674747  -0.0003660541
        0.0002760255  -0.0014608514   0.0015039749  -0.0009881433   0.0006690270
       -0.0025052036  -0.0005146879
        0.0002971924   0.0001547022   0.0001304462  -0.0006335837  -0.0034784803
       -0.0004594223  -0.0023981501  -0.0009859653  -0.0000682335  -0.0342100832
       -0.0119407671  -0.0050906919  -0.1650387280   0.0366582947  -0.0271385455
        0.4981554200   0.0715865485  -0.0071300482  -0.0595532137   0.0028524526
        0.0006983271  -0.0103546249  -0.0208676338  -0.0080954010   0.0001055173
       -0.0000500023   0.0000064212  -0.0000777621  -0.0000896048  -0.0001199059
       -0.0001283975  -0.0000931590   0.0000989066  -0.0119112555   0.0051362713
       -0.0022758442  -0.0057744367   0.0018646715  -0.0043969526  -0.0463305783
       -0.0023363891  -0.0269780487  -0.1587280247  -0.0996931614   0.0738543811
        0.0005475119   0.0198406974   0.0063103624   0.0006164905   0.0020781204
        0.0004911228   0.0001798183   0.0001249576  -0.0005399183  -0.0047631120
       -0.0007615533   0.0007030444
        0.0004184004  -0.0000241843   0.0000680916   0.0007157128  -0.0035509174
       -0.0006482707  -0.0022023410  -0.0008561960   0.0003496130  -0.0194113302
        0.0022116748  -0.0051838099   0.0394880683  -0.0743202013   0.0109116122
        0.0715865485   0.4665154062  -0.0214042031   0.0014188669  -0.1746366956
       -0.0442052460  -0.0159928242  -0.0229310564  -0.0055081338   0.0000808538
        0.0001347932   0.0000148670  -0.0000654891   0.0000980415   0.0002224954
        0.0000516262   0.0000860314  -0.0002258757   0.0183945600  -0.0048212517
        0.0033738709   0.0097660441  -0.0022847841   0.0033257055  -0.0025210743
       -0.0416898581   0.0057597318  -0.0985714161  -0.1213769373   0.0624647074
        0.0007099190  -0.0177220500  -0.0058449387  -0.0006398698  -0.0039037876
       -0.0042059954  -0.0003062512   0.0004047542  -0.0003585199  -0.0029200042
       -0.0013327816   0.0010942984
        0.0002349206  -0.0001942132  -0.0000524160  -0.0013686381  -0.0000483782
        0.0004105840   0.0007021457   0.0005682056   0.0001515528   0.0015164752
       -0.0010751938   0.0021083091  -0.0297998489   0.0101240420  -0.0759104736
       -0.0071300482  -0.0214042031   0.5360609587   0.0008189821  -0.0442097080
       -0.0862431847  -0.0015567308   0.0041595179   0.0042021004   0.0000392016
       -0.0000129379   0.0001112287  -0.0000234477   0.0000126254   0.0000415831
        0.0001349314  -0.0000386224   0.0000238044   0.0157759725  -0.0049852521
        0.0037106924  -0.0261423164   0.0094495092  -0.0088999902  -0.0258071610
        0.0055985729  -0.2770619668   0.0716458921   0.0609784242  -0.0887212640
        0.0003646509   0.0101819008   0.0036538179  -0.0007098112  -0.0296245632
       -0.0144533656   0.0003934341   0.0002374905   0.0004375508   0.0009113963
        0.0002827835   0.0004304786
       -0.0014996506   0.0000787729  -0.0005014527  -0.0018920433   0.0040697067
        0.0014270691   0.0012038886   0.0004125511  -0.0001227398  -0.0365917768
        0.0101867733   0.0039202889  -0.0114459521   0.0212506936   0.0081228288
       -0.0595532137   0.0014188669   0.0008189821   0.5066714724  -0.0706946112
        0.0080270541  -0.1668074530  -0.0407470763   0.0287671420  -0.0002571937
        0.0003235204  -0.0000975778   0.0000209145  -0.0000793918  -0.0001042087
       -0.0000743712   0.0000113385   0.0000765837  -0.0048607934   0.0008396993
       -0.0007111002   0.0000867379  -0.0002095667   0.0004266754   0.0007301410
       -0.0018888470  -0.0003027989   0.0013510841  -0.0192112788  -0.0061635921
       -0.1645984428   0.0981403788  -0.0764134316  -0.0464703610   0.0023538951
        0.0262606253  -0.0057652159  -0.0019763626   0.0043149185  -0.0102477711
       -0.0042790622   0.0022547337
        0.0009749958  -0.0000973243   0.0006630088  -0.0002331864  -0.0050568819
       -0.0006006606  -0.0007198353   0.0013656838  -0.0002708987   0.0195030837
        0.0018336878  -0.0047190796   0.0163746388  -0.0212147605  -0.0051238245
        0.0028524526  -0.1746366956  -0.0442097080  -0.0706946112   0.4607804721
       -0.0201907612  -0.0439896954  -0.0754776433   0.0119293972   0.0002084403
       -0.0002018008   0.0000715904  -0.0000366634   0.0001141803   0.0000568880
        0.0000809545  -0.0000133313  -0.0000468458   0.0025199934  -0.0012639333
        0.0009816860   0.0004188542   0.0004118117  -0.0002116855   0.0008464351
       -0.0039916952  -0.0043871991  -0.0001157003  -0.0185375560  -0.0061054952
        0.0971217064  -0.1149491309   0.0604553841   0.0026044725  -0.0416878147
        0.0046682846  -0.0088029757  -0.0021344980   0.0030165820  -0.0189133597
       -0.0052427698   0.0040233372
       -0.0004047820   0.0001333025  -0.0000910341   0.0007685389   0.0006825416
        0.0008112901  -0.0006659336  -0.0001638657  -0.0000482321  -0.0033484422
       -0.0013058986   0.0025507496   0.0014715168   0.0042175119   0.0042404899
        0.0006983271  -0.0442052460  -0.0862431847   0.0080270541  -0.0201907612
        0.5365532988   0.0310340268   0.0112540588  -0.0759655927  -0.0000786338
        0.0000408011  -0.0000280667   0.0000005955   0.0000100649  -0.0000097606
        0.0000229700  -0.0000053737   0.0000205107  -0.0008927218   0.0001746186
        0.0003779643  -0.0004045018   0.0001089090   0.0003573288   0.0018007763
       -0.0296166499  -0.0146508586  -0.0007849088   0.0100972212   0.0037702623
       -0.0741291712   0.0589891310  -0.0896217929   0.0253251461   0.0046391601
       -0.2762601630   0.0265747502   0.0098820689  -0.0095525536  -0.0150146066
       -0.0047415943   0.0037893443
       -0.0035115709  -0.0008971737  -0.0009903225  -0.0270366594   0.0235956937
       -0.0029826885   0.0010224483   0.0035709329   0.0004282198  -0.1083794990
        0.0578513189  -0.0093881823   0.0062342090  -0.0028619624   0.0016389243
       -0.0103546249  -0.0159928242  -0.0015567308  -0.1668074530  -0.0439896954
        0.0310340268   0.4471982138   0.0583979421   0.0154723168  -0.0006630870
        0.0014623979  -0.0001541818  -0.0002071922  -0.0000490399  -0.0001587855
       -0.0002913969   0.0000964157   0.0000966183  -0.0010090106  -0.0011119672
       -0.0002086619  -0.0010910336  -0.0014986998   0.0004119714   0.0004134519
       -0.0000511107  -0.0000279264  -0.0004017155  -0.0012718758  -0.0009561592
       -0.0198656648  -0.0074088126   0.0035731946  -0.0074285693  -0.0043304746
        0.0043591501  -0.0396637470  -0.0087842586   0.0116249191  -0.0681570990
       -0.0567268063  -0.0522157023
       -0.0026006375   0.0015746287  -0.0000040498   0.0119746959  -0.0009544199
        0.0012607951  -0.0031831302   0.0017628351  -0.0005796288   0.0501198882
       -0.1611691759   0.0117874922   0.0040128202  -0.0292385745   0.0008952849
       -0.0208676338  -0.0229310564   0.0041595179  -0.0407470763  -0.0754776433
        0.0112540588   0.0583979421   0.5037187826   0.0093657367  -0.0003982801
       -0.0000389950  -0.0000654995   0.0002323434  -0.0000072676   0.0001310393
        0.0002861931  -0.0001206510  -0.0000993776  -0.0017347045  -0.0031193806
        0.0008760792  -0.0003715202  -0.0016976957  -0.0004171724  -0.0002773368
        0.0005034599   0.0002332098  -0.0000360614  -0.0056860660  -0.0018405070
        0.0132626402   0.0055401186  -0.0022701658  -0.0034748434  -0.0008787636
        0.0022727987  -0.0069335120  -0.0623975437   0.0638695325  -0.0576617871
       -0.1493825917  -0.1008291440
       -0.0009335365   0.0003548480   0.0065701485  -0.0035394540   0.0028843851
       -0.0033956747   0.0009185728  -0.0008133850  -0.0022456433  -0.0075884023
        0.0106071339  -0.0517370832  -0.0003327321   0.0000478555  -0.0008636569
       -0.0080954010  -0.0055081338   0.0042021004   0.0287671420   0.0119293972
       -0.0759655927   0.0154723168   0.0093657367   0.5063577439  -0.0000290911
        0.0000692296   0.0003468504  -0.0007788282   0.0008069958  -0.0002069266
        0.0005512107  -0.0007326821   0.0000438709  -0.0008881662  -0.0027910304
       -0.0007671175   0.0013277370   0.0016120378  -0.0010124576  -0.0003846550
       -0.0004432140   0.0003659465  -0.0001723344  -0.0021826258   0.0001034294
       -0.0102386386  -0.0035898423   0.0021613780   0.0280755015   0.0115505307
       -0.0093936419   0.0097004725   0.0654961905  -0.2383644224  -0.0518317139
       -0.0986634275  -0.1361992514
       -0.2754130707  -0.0496391212  -0.0293894402  -0.0205031317  -0.0004561057
       -0.0028053464   0.0018120395  -0.0018903735   0.0004865349  -0.0026392640
        0.0037610400  -0.0005331541  -0.0002632571   0.0002628383  -0.0001606959
        0.0001055173   0.0000808538   0.0000392016  -0.0002571937   0.0002084403
       -0.0000786338  -0.0006630870  -0.0003982801  -0.0000290911   0.3184474023
        0.0558253640   0.0346327198  -0.0065993151  -0.0032621396  -0.0028405753
       -0.0141227843  -0.0048451978   0.0006419900  -0.0000271031   0.0002069671
        0.0002032031   0.0001310462   0.0001217148  -0.0001944190   0.0000261464
        0.0000127557   0.0000114685   0.0000288538   0.0000035162   0.0000085318
       -0.0000854463   0.0000155242   0.0000162831   0.0000316520  -0.0000139525
       -0.0000074924  -0.0000248843   0.0000252325  -0.0000224317   0.0000158799
       -0.0000190763   0.0000213472
       -0.0517632916  -0.0546279360  -0.0062115124   0.0256157899   0.0047476602
        0.0034263799  -0.0003767433   0.0030906632  -0.0003879253   0.0036620958
       -0.0054470577   0.0006726569  -0.0004934703  -0.0001167920  -0.0000705552
       -0.0000500023   0.0001347932  -0.0000129379   0.0003235204  -0.0002018008
        0.0000408011   0.0014623979  -0.0000389950   0.0000692296   0.0558253640
        0.0599662550   0.0070423515  -0.0179440170  -0.0040895852  -0.0040748390
       -0.0162409442  -0.0034810104  -0.0005365617  -0.0000332411   0.0000145669
        0.0001909374   0.0000276428  -0.0000775683  -0.0001288655  -0.0000265705
       -0.0000132103  -0.0000070592  -0.0000018323  -0.0000005546  -0.0000202881
        0.0000835071   0.0000414570  -0.0000146889  -0.0000172002  -0.0000087813
        0.0000150843  -0.0000063227  -0.0000135562  -0.0000128321  -0.0000466826
        0.0001214525   0.0000206247
       -0.0292064695  -0.0058324414  -0.0482138052  -0.0037284092  -0.0006552541
       -0.0000356244   0.0004465926  -0.0003278382  -0.0008695146  -0.0006297667
        0.0007002411   0.0009572866  -0.0000028706   0.0000540580   0.0000953766
        0.0000064212   0.0000148670   0.0001112287  -0.0000975778   0.0000715904
       -0.0000280667  -0.0001541818  -0.0000654995   0.0003468504   0.0346327198
        0.0070423515   0.0508813729  -0.0264183210  -0.0073342038  -0.0051719445
        0.0250868686   0.0062757383   0.0018781083   0.0001898561   0.0000599601
       -0.0000260956  -0.0001428172   0.0000396133   0.0000444576   0.0000337675
       -0.0000211305   0.0000146355  -0.0000113176   0.0000015120   0.0000026330
       -0.0000295472   0.0000057705   0.0000056883   0.0000007683   0.0000107022
        0.0000042457   0.0000411235  -0.0000733793   0.0000006459  -0.0000168391
        0.0000333426   0.0000025218
       -0.0445828426  -0.0151708246  -0.0233136746   0.0037794173   0.0055771480
        0.0126306494  -0.0003845467   0.0022678500  -0.0008058936  -0.0018289933
       -0.0001344403  -0.0006327277  -0.0005826746   0.0017229141   0.0009290040
       -0.0000777621  -0.0000654891  -0.0000234477   0.0000209145  -0.0000366634
        0.0000005955  -0.0002071922   0.0002323434  -0.0007788282  -0.0065993151
       -0.0179440170  -0.0264183210   0.0495198957   0.0193357470   0.0292603746
        0.0018607231   0.0050360443   0.0099059829  -0.0011933988  -0.0005172617
       -0.0005754041   0.0002070746  -0.0002823014  -0.0000572311   0.0000041339
        0.0000079176  -0.0000290567   0.0000187766  -0.0000133569   0.0000022338
        0.0000322205  -0.0000348345  -0.0000122323   0.0000292476  -0.0000123001
       -0.0000276157  -0.0000807149   0.0001491575  -0.0000479298   0.0000650366
       -0.0001176329  -0.0000064778
       -0.0173508117  -0.1127660404  -0.1165331765  -0.0007814115  -0.0186986980
       -0.0220171724   0.0016612328  -0.0051875259   0.0027777760  -0.0006564861
       -0.0007656793   0.0008044910  -0.0001825169   0.0006659585  -0.0003137385
       -0.0000896048   0.0000980415   0.0000126254  -0.0000793918   0.0001141803
        0.0000100649  -0.0000490399  -0.0000072676   0.0008069958  -0.0032621396
       -0.0040895852  -0.0073342038   0.0193357470   0.1317067261   0.1299620476
        0.0010901835   0.0086888342   0.0117150312   0.0002536936   0.0003467186
        0.0000063548   0.0002255149   0.0000236499  -0.0000175767   0.0000312950
        0.0000015239   0.0000383397  -0.0000409051   0.0000079435   0.0000110294
       -0.0000373497  -0.0000200237   0.0000101776  -0.0000451163  -0.0000091056
        0.0000070725   0.0001290393  -0.0001678807   0.0000516006  -0.0001519328
        0.0000582300   0.0000022614
       -0.0251130312  -0.1113790125  -0.2042193353  -0.0001806980  -0.0025836740
        0.0016423234   0.0006277068   0.0011233452  -0.0002813026   0.0003811274
       -0.0003566358   0.0007681367  -0.0002930473   0.0003980468   0.0002011529
       -0.0001199059   0.0002224954   0.0000415831  -0.0001042087   0.0000568880
       -0.0000097606  -0.0001587855   0.0001310393  -0.0002069266  -0.0028405753
       -0.0040748390  -0.0051719445   0.0292603746   0.1299620476   0.2343113520
       -0.0020363029  -0.0136127837  -0.0270051924   0.0006348337   0.0000606793
        0.0005346301   0.0000411438  -0.0000769648  -0.0005737636  -0.0000543540
        0.0000246524   0.0000196959   0.0000079648   0.0000233214  -0.0000218770
       -0.0000074282   0.0000207248   0.0000090899  -0.0000109355  -0.0000014228
       -0.0000327440  -0.0000237107   0.0000399059   0.0000270372  -0.0000101679
        0.0000221866  -0.0000321546
       -0.0710908137  -0.0409716744   0.0662112075   0.0067851662   0.0031020380
       -0.0111764811  -0.0002267974   0.0029970878   0.0005085696  -0.0016116865
        0.0000546396   0.0000580550  -0.0001821230   0.0012450576  -0.0015366180
       -0.0001283975   0.0000516262   0.0001349314  -0.0000743712   0.0000809545
        0.0000229700  -0.0002913969   0.0002861931   0.0005512107  -0.0141227843
       -0.0162409442   0.0250868686   0.0018607231   0.0010901835  -0.0020363029
        0.0799668941   0.0487993639  -0.0784331501  -0.0002164655  -0.0001154547
       -0.0002399230  -0.0008162842  -0.0001913941   0.0007203306   0.0001260814
       -0.0000585628   0.0000721648  -0.0000059256  -0.0000235622   0.0000211136
        0.0000247807  -0.0000417942   0.0000182685  -0.0000203574   0.0000214368
        0.0000185240   0.0000518665  -0.0000758056   0.0000124497  -0.0000281088
       -0.0000093889  -0.0000141889
       -0.0437193271  -0.0973488547   0.1008367183  -0.0067830761  -0.0164000566
        0.0220573182   0.0021154956  -0.0063597933  -0.0014463936  -0.0007813633
       -0.0005672505  -0.0006565388  -0.0001706174   0.0004956495   0.0001815910
       -0.0000931590   0.0000860314  -0.0000386224   0.0000113385  -0.0000133313
       -0.0000053737   0.0000964157  -0.0001206510  -0.0007326821  -0.0048451978
       -0.0034810104   0.0062757383   0.0050360443   0.0086888342  -0.0136127837
        0.0487993639   0.1145559870  -0.1126111983   0.0001388867   0.0001765272
       -0.0000930598   0.0003572827   0.0002458835  -0.0000537035  -0.0000407193
       -0.0000086019  -0.0000214251  -0.0000269751   0.0000254489  -0.0000115413
       -0.0000341618  -0.0000019016  -0.0000204070   0.0000503277  -0.0000149658
       -0.0000471490  -0.0001604619   0.0001034145  -0.0000472122   0.0000499037
       -0.0000613591   0.0000467249
        0.0676066330   0.0966323206  -0.1949671154   0.0023041652   0.0049773752
       -0.0035270122  -0.0008737442   0.0001196845   0.0000604920  -0.0007762692
        0.0006138181   0.0006925690   0.0000614792  -0.0002746566   0.0004061092
        0.0000989066  -0.0002258757   0.0000238044   0.0000765837  -0.0000468458
        0.0000205107   0.0000966183  -0.0000993776   0.0000438709   0.0006419900
       -0.0005365617   0.0018781083   0.0099059829   0.0117150312  -0.0270051924
       -0.0784331501  -0.1126111983   0.2229497517  -0.0002244071  -0.0001320599
       -0.0009883451  -0.0006272131  -0.0000017739   0.0003929683   0.0000671228
       -0.0000163617  -0.0000162538  -0.0000059918  -0.0000348844   0.0000272742
        0.0000156907  -0.0000261192  -0.0000095878  -0.0000069432  -0.0000031145
        0.0000376733   0.0000642483  -0.0000269054  -0.0000263752   0.0000082979
       -0.0000224947   0.0000067500
       -0.0009649716  -0.0009806830  -0.0012770766   0.0013446916   0.0001426130
       -0.0009049383  -0.0005427012  -0.0005637740   0.0007290867   0.0042398985
       -0.0137027555  -0.0095023631  -0.0675353949   0.0545100573   0.0561749463
       -0.0119112555   0.0183945600   0.0157759725  -0.0048607934   0.0025199934
       -0.0008927218  -0.0010090106  -0.0017347045  -0.0008881662  -0.0000271031
       -0.0000332411   0.0001898561  -0.0011933988   0.0002536936   0.0006348337
       -0.0002164655   0.0001388867  -0.0002244071   0.0817445276  -0.0607324698
       -0.0613398593   0.0014409778   0.0006237413   0.0009336064   0.0009385818
        0.0002221596   0.0005348825  -0.0014436026   0.0003780725  -0.0000492589
       -0.0000286685   0.0012246583   0.0003072295  -0.0000131778  -0.0001036286
       -0.0001328383  -0.0001974114   0.0001498006  -0.0000389091   0.0002352775
       -0.0007069798  -0.0000298751
        0.0005633845   0.0005838243   0.0002355988   0.0029810586  -0.0006317202
       -0.0013616417  -0.0006600243  -0.0005944443   0.0009042422   0.0002485970
       -0.0292490847  -0.0137054525   0.0546349191  -0.1352333627  -0.0992147460
        0.0051362713  -0.0048212517  -0.0049852521   0.0008396993  -0.0012639333
        0.0001746186  -0.0011119672  -0.0031193806  -0.0027910304   0.0002069671
        0.0000145669   0.0000599601  -0.0005172617   0.0003467186   0.0000606793
       -0.0001154547   0.0001765272  -0.0001320599  -0.0607324698   0.1689003782
        0.1158209693  -0.0021758581   0.0066064375   0.0052570613  -0.0000733747
        0.0001854413  -0.0001933093   0.0004309243  -0.0004288238  -0.0000650007
       -0.0001093733  -0.0003288082  -0.0001285970  -0.0000520342  -0.0000494731
        0.0000361341  -0.0002375807   0.0002359940  -0.0001232193   0.0007435774
       -0.0013296054   0.0001510453
        0.0000877462   0.0007519866   0.0003375990   0.0018084602  -0.0003379584
        0.0006937209  -0.0005334324  -0.0004571562  -0.0000722580  -0.0042814542
       -0.0044525804   0.0039377716   0.0574696795  -0.1002279859  -0.1478750038
       -0.0022758442   0.0033738709   0.0037106924  -0.0007111002   0.0009816860
        0.0003779643  -0.0002086619   0.0008760792  -0.0007671175   0.0002032031
        0.0001909374  -0.0000260956  -0.0005754041   0.0000063548   0.0005346301
       -0.0002399230  -0.0000930598  -0.0009883451  -0.0613398593   0.1158209693
        0.1662725413   0.0118962944  -0.0179017099  -0.0274280875  -0.0009481100
        0.0007731247   0.0011538443  -0.0000997104  -0.0000084806  -0.0000676468
       -0.0001004201   0.0001781414   0.0001178001  -0.0001004246   0.0002581842
        0.0001674681  -0.0001228816   0.0002046036  -0.0000774703   0.0000718424
        0.0000629932  -0.0000020075
       -0.0003776717  -0.0007583370   0.0007574627   0.0018740671   0.0000986890
        0.0016700920  -0.0008343338  -0.0010491258  -0.0010110894  -0.0032454265
       -0.0146336922   0.0136408493  -0.0387332094   0.0055795351  -0.0059195443
       -0.0057744367   0.0097660441  -0.0261423164   0.0000867379   0.0004188542
       -0.0004045018  -0.0010910336  -0.0003715202   0.0013277370   0.0001310462
        0.0000276428  -0.0001428172   0.0002070746   0.0002255149   0.0000411438
       -0.0008162842   0.0003572827  -0.0006272131   0.0014409778  -0.0021758581
        0.0118962944   0.0517211356  -0.0002237493   0.0075221801  -0.0050163431
        0.0027183533  -0.0021346647   0.0005087104   0.0001313707  -0.0010564905
       -0.0001274505   0.0000242026   0.0002247856  -0.0000581857   0.0000884427
        0.0001527658   0.0002452648  -0.0003889874   0.0000986559  -0.0001406392
        0.0001653376   0.0001066707
        0.0004929660   0.0006020344  -0.0000013624   0.0037377505  -0.0000060014
        0.0027962884  -0.0011396393  -0.0015926403  -0.0012639511  -0.0121359778
       -0.0245610074   0.0222795337   0.0077788143  -0.0682860335   0.0741750210
        0.0018646715  -0.0022847841   0.0094495092  -0.0002095667   0.0004118117
        0.0001089090  -0.0014986998  -0.0016976957   0.0016120378   0.0001217148
       -0.0000775683   0.0000396133  -0.0002823014   0.0000236499  -0.0000769648
       -0.0001913941   0.0002458835  -0.0000017739   0.0006237413   0.0066064375
       -0.0179017099  -0.0002237493   0.0909327021  -0.0912122078   0.0014162031
       -0.0001590890   0.0003644563  -0.0008243356   0.0006357829  -0.0003070632
       -0.0001461413   0.0000214989  -0.0001785967   0.0001925064  -0.0002747881
       -0.0001849315   0.0004780689  -0.0007019331   0.0000887199  -0.0000546313
        0.0001617400   0.0002144728
       -0.0004539331  -0.0007381454   0.0004776724  -0.0030123663   0.0001670679
       -0.0002566965   0.0008449403   0.0009129688   0.0000639159   0.0075713285
        0.0103962108   0.0028641853  -0.0082104588   0.0720164432  -0.2326194577
       -0.0043969526   0.0033257055  -0.0088999902   0.0004266754  -0.0002116855
        0.0003573288   0.0004119714  -0.0004171724  -0.0010124576  -0.0001944190
       -0.0001288655   0.0000444576  -0.0000572311  -0.0000175767  -0.0005737636
        0.0007203306  -0.0000537035   0.0003929683   0.0009336064   0.0052570613
       -0.0274280875   0.0075221801  -0.0912122078   0.2656059030  -0.0023469104
        0.0010284679   0.0000717583   0.0002722609  -0.0002641423   0.0008256514
        0.0000699578  -0.0000620765   0.0000686864  -0.0000413634   0.0001068022
        0.0000731594  -0.0000847049   0.0000291305   0.0000119208   0.0000250880
       -0.0001342826  -0.0000671544
       -0.0001321397  -0.0000951752   0.0001026436  -0.0006247877  -0.0001862682
       -0.0003395396   0.0001803881   0.0002270507   0.0001224922  -0.0001088671
        0.0006226223   0.0003327588  -0.0077602185   0.0036516012  -0.0284548500
       -0.0463305783  -0.0025210743  -0.0258071610   0.0007301410   0.0008464351
        0.0018007763   0.0004134519  -0.0002773368  -0.0003846550   0.0000261464
       -0.0000265705   0.0000337675   0.0000041339   0.0000312950  -0.0000543540
        0.0001260814  -0.0000407193   0.0000671228   0.0009385818  -0.0000733747
       -0.0009481100  -0.0050163431   0.0014162031  -0.0023469104   0.0550594341
       -0.0024034702   0.0324736351   0.0017535928  -0.0020725565   0.0222979428
        0.0002258620   0.0003049656   0.0006243060   0.0006200400   0.0007580902
        0.0003392689  -0.0000718364  -0.0002247765   0.0000404293  -0.0000330825
        0.0000630591   0.0001004366
        0.0001261098   0.0000043079   0.0000156842  -0.0002890885  -0.0000959020
       -0.0000866034   0.0000712375   0.0000367401   0.0000077579  -0.0000944407
       -0.0003626144   0.0002612349   0.0043271187  -0.0007813630   0.0105167981
       -0.0023363891  -0.0416898581   0.0055985729  -0.0018888470  -0.0039916952
       -0.0296166499  -0.0000511107   0.0005034599  -0.0004432140   0.0000127557
       -0.0000132103  -0.0000211305   0.0000079176   0.0000015239   0.0000246524
       -0.0000585628  -0.0000086019  -0.0000163617   0.0002221596   0.0001854413
        0.0007731247   0.0027183533  -0.0001590890   0.0010284679  -0.0024034702
        0.0516307333  -0.0038140502   0.0001291280  -0.0004854347   0.0193812136
        0.0000505070   0.0009790946  -0.0007305196  -0.0005531470  -0.0054335715
       -0.0032689586  -0.0001067313  -0.0002815705   0.0001415306   0.0001165002
       -0.0000383905   0.0002484507
       -0.0000262989   0.0000110801   0.0000949279   0.0003750775   0.0001118448
       -0.0003536006  -0.0000457778  -0.0001170985   0.0000778088  -0.0005562438
        0.0000962716   0.0005356878  -0.0042437358   0.0022178802  -0.0092716324
       -0.0269780487   0.0057597318  -0.2770619668  -0.0003027989  -0.0043871991
       -0.0146508586  -0.0000279264   0.0002332098   0.0003659465   0.0000114685
       -0.0000070592   0.0000146355  -0.0000290567   0.0000383397   0.0000196959
        0.0000721648  -0.0000214251  -0.0000162538   0.0005348825  -0.0001933093
        0.0011538443  -0.0021346647   0.0003644563   0.0000717583   0.0324736351
       -0.0038140502   0.3176401122   0.0008948130   0.0027640925  -0.0188487695
        0.0001905714   0.0003778928   0.0007764648  -0.0001788211  -0.0032873060
       -0.0008112024  -0.0001692062  -0.0001848670   0.0000999103   0.0001399662
        0.0000375148   0.0001634917
       -0.0001470851   0.0001223602  -0.0000230285   0.0006505621  -0.0008838595
       -0.0000085447  -0.0009983619  -0.0004462773  -0.0000364806  -0.0067224666
       -0.0000454427  -0.0008643510  -0.0198039643  -0.0141657264   0.0102724355
       -0.1587280247  -0.0985714161   0.0716458921   0.0013510841  -0.0001157003
       -0.0007849088  -0.0004017155  -0.0000360614  -0.0001723344   0.0000288538
       -0.0000018323  -0.0000113176   0.0000187766  -0.0000409051   0.0000079648
       -0.0000059256  -0.0000269751  -0.0000059918  -0.0014436026   0.0004309243
       -0.0000997104   0.0005087104  -0.0008243356   0.0002722609   0.0017535928
        0.0001291280   0.0008948130   0.1839601691   0.1143297551  -0.0809221576
       -0.0001692612  -0.0000207001   0.0000283880   0.0002410829  -0.0000661341
       -0.0002029186  -0.0001015115   0.0001287565  -0.0000772276   0.0000090872
        0.0001044417   0.0000872173
        0.0000203528   0.0000989360  -0.0000044294   0.0006464834   0.0003333479
        0.0001417270  -0.0001896806  -0.0001201975  -0.0000268501   0.0018410019
       -0.0010993600  -0.0000482728   0.0066013136   0.0053158897  -0.0031187711
       -0.0996931614  -0.1213769373   0.0609784242  -0.0192112788  -0.0185375560
        0.0100972212  -0.0012718758  -0.0056860660  -0.0021826258   0.0000035162
       -0.0000005546   0.0000015120  -0.0000133569   0.0000079435   0.0000233214
       -0.0000235622   0.0000254489  -0.0000348844   0.0003780725  -0.0004288238
       -0.0000084806   0.0001313707   0.0006357829  -0.0002641423  -0.0020725565
       -0.0004854347   0.0027640925   0.1143297551   0.1415115757  -0.0687980073
        0.0000301161  -0.0008446532  -0.0000066015  -0.0003071148   0.0009972313
        0.0003808512   0.0000313268   0.0000325399  -0.0000827992  -0.0012307220
       -0.0003791127   0.0001887149
        0.0000043097  -0.0000330333   0.0000201291  -0.0004337846  -0.0002975449
       -0.0001012352  -0.0000877291   0.0000187395   0.0000043245  -0.0017708183
       -0.0009432581   0.0003031152  -0.0036028596  -0.0024083956   0.0021468425
        0.0738543811   0.0624647074  -0.0887212640  -0.0061635921  -0.0061054952
        0.0037702623  -0.0009561592  -0.0018405070   0.0001034294   0.0000085318
       -0.0000202881   0.0000026330   0.0000022338   0.0000110294  -0.0000218770
        0.0000211136  -0.0000115413   0.0000272742  -0.0000492589  -0.0000650007
       -0.0000676468  -0.0010564905  -0.0003070632   0.0008256514   0.0222979428
        0.0193812136  -0.0188487695  -0.0809221576  -0.0687980073   0.0997153281
       -0.0000324478  -0.0000151652  -0.0001342844  -0.0005826779  -0.0007065340
        0.0007673629  -0.0002138245  -0.0001832846   0.0000756233  -0.0003167126
       -0.0001405713   0.0001331010
       -0.0005475062   0.0000635232  -0.0001486107   0.0003711012   0.0017407527
        0.0002361689  -0.0000629901  -0.0004597928   0.0000465681  -0.0071923760
       -0.0000979099   0.0007108130  -0.0004668046   0.0001512361   0.0002211608
        0.0005475119   0.0007099190   0.0003646509  -0.1645984428   0.0971217064
       -0.0741291712  -0.0198656648   0.0132626402  -0.0102386386  -0.0000854463
        0.0000835071  -0.0000295472   0.0000322205  -0.0000373497  -0.0000074282
        0.0000247807  -0.0000341618   0.0000156907  -0.0000286685  -0.0001093733
       -0.0001004201  -0.0001274505  -0.0001461413   0.0000699578   0.0002258620
        0.0000505070   0.0001905714  -0.0001692612   0.0000301161  -0.0000324478
        0.1909977313  -0.1126473564   0.0840006214   0.0016568320  -0.0000967769
       -0.0009625012   0.0005659590   0.0007532273  -0.0002867418  -0.0012773877
       -0.0003382729   0.0000793041
        0.0000103461   0.0000392249  -0.0000408673  -0.0006461051   0.0002427209
        0.0000460860   0.0001853375   0.0001332330  -0.0000032930  -0.0020880044
       -0.0010062470   0.0000361381   0.0014326614  -0.0055807845  -0.0021038198
        0.0198406974  -0.0177220500   0.0101819008   0.0981403788  -0.1149491309
        0.0589891310  -0.0074088126   0.0055401186  -0.0035898423   0.0000155242
        0.0000414570   0.0000057705  -0.0000348345  -0.0000200237   0.0000207248
       -0.0000417942  -0.0000019016  -0.0000261192   0.0012246583  -0.0003288082
        0.0001781414   0.0000242026   0.0000214989  -0.0000620765   0.0003049656
        0.0009790946   0.0003778928  -0.0000207001  -0.0008446532  -0.0000151652
       -0.1126473564   0.1336374042  -0.0663694563   0.0020382869  -0.0003449650
        0.0026625909   0.0000022539   0.0005681287  -0.0002842466  -0.0003317055
       -0.0004043167  -0.0000034902
        0.0001420676   0.0000001019   0.0000503636   0.0005376363  -0.0001807914
       -0.0000820927  -0.0001820045  -0.0001740157   0.0000081333   0.0016757774
       -0.0008385482   0.0004210385   0.0010700328  -0.0018877833   0.0001153440
        0.0063103624  -0.0058449387   0.0036538179  -0.0764134316   0.0604553841
       -0.0896217929   0.0035731946  -0.0022701658   0.0021613780   0.0000162831
       -0.0000146889   0.0000056883  -0.0000122323   0.0000101776   0.0000090899
        0.0000182685  -0.0000204070  -0.0000095878   0.0003072295  -0.0001285970
        0.0001178001   0.0002247856  -0.0001785967   0.0000686864   0.0006243060
       -0.0007305196   0.0007764648   0.0000283880  -0.0000066015  -0.0001342844
        0.0840006214  -0.0663694563   0.1007788389  -0.0229401445   0.0185214319
       -0.0190050449   0.0009623264  -0.0002743787   0.0007643188   0.0000565332
       -0.0000676067  -0.0000781596
        0.0000126819   0.0000025664  -0.0001070385  -0.0006681215  -0.0001888241
        0.0003329522   0.0002138105   0.0002284319  -0.0000855135   0.0002907951
       -0.0005728148  -0.0003628266   0.0003629060   0.0002325807   0.0003674747
        0.0006164905  -0.0006398698  -0.0007098112  -0.0464703610   0.0026044725
        0.0253251461  -0.0074285693  -0.0034748434   0.0280755015   0.0000316520
       -0.0000172002   0.0000007683   0.0000292476  -0.0000451163  -0.0000109355
       -0.0000203574   0.0000503277  -0.0000069432  -0.0000131778  -0.0000520342
       -0.0001004246  -0.0000581857   0.0001925064  -0.0000413634   0.0006200400
       -0.0005531470  -0.0001788211   0.0002410829  -0.0003071148  -0.0005826779
        0.0016568320   0.0020382869  -0.0229401445   0.0545207449   0.0018383957
       -0.0321154865  -0.0050146307  -0.0014981457   0.0024240491   0.0010771199
        0.0001615420   0.0007160944
        0.0000317622   0.0000234430  -0.0000040316   0.0003762351   0.0001951783
       -0.0000418729  -0.0001678303  -0.0003305162  -0.0000021791   0.0001148656
       -0.0001934532   0.0001601852   0.0000636523   0.0004476018  -0.0003660541
        0.0020781204  -0.0039037876  -0.0296245632   0.0023538951  -0.0416878147
        0.0046391601  -0.0043304746  -0.0008787636   0.0115505307  -0.0000139525
       -0.0000087813   0.0000107022  -0.0000123001  -0.0000091056  -0.0000014228
        0.0000214368  -0.0000149658  -0.0000031145  -0.0001036286  -0.0000494731
        0.0002581842   0.0000884427  -0.0002747881   0.0001068022   0.0007580902
       -0.0054335715  -0.0032873060  -0.0000661341   0.0009972313  -0.0007065340
       -0.0000967769  -0.0003449650   0.0185214319   0.0018383957   0.0515074272
       -0.0030131183  -0.0029190477  -0.0002300945   0.0011170897  -0.0000147512
        0.0001891986   0.0006861103
       -0.0000421145  -0.0000224136   0.0000819566  -0.0002673873  -0.0000408303
       -0.0004832119   0.0000289875   0.0000933785   0.0000701615   0.0003634463
        0.0001351966   0.0007909628   0.0000602600   0.0002084518   0.0002760255
        0.0004911228  -0.0042059954  -0.0144533656   0.0262606253   0.0046682846
       -0.2762601630   0.0043591501   0.0022727987  -0.0093936419  -0.0000074924
        0.0000150843   0.0000042457  -0.0000276157   0.0000070725  -0.0000327440
        0.0000185240  -0.0000471490   0.0000376733  -0.0001328383   0.0000361341
        0.0001674681   0.0001527658  -0.0001849315   0.0000731594   0.0003392689
       -0.0032689586  -0.0008112024  -0.0002029186   0.0003808512   0.0007673629
       -0.0009625012   0.0026625909  -0.0190050449  -0.0321154865  -0.0030131183
        0.3171018609   0.0022007756   0.0004580564   0.0000159952  -0.0005165719
       -0.0001545030   0.0010525018
       -0.0003895132   0.0001975610   0.0009300696   0.0024599183   0.0034000085
       -0.0013979355   0.0005157961  -0.0019591747   0.0004811202  -0.0048428259
        0.0149034744  -0.0167969626  -0.0008297738   0.0002385950  -0.0014608514
        0.0001798183  -0.0003062512   0.0003934341  -0.0057652159  -0.0088029757
        0.0265747502  -0.0396637470  -0.0069335120   0.0097004725  -0.0000248843
       -0.0000063227   0.0000411235  -0.0000807149   0.0001290393  -0.0000237107
        0.0000518665  -0.0001604619   0.0000642483  -0.0001974114  -0.0002375807
       -0.0001228816   0.0002452648   0.0004780689  -0.0000847049  -0.0000718364
       -0.0001067313  -0.0001692062  -0.0001015115   0.0000313268  -0.0002138245
        0.0005659590   0.0000022539   0.0009623264  -0.0050146307  -0.0029190477
        0.0022007756   0.0512257452   0.0004856197  -0.0095445268   0.0017376968
        0.0015661104  -0.0115337161
        0.0005830595  -0.0004373397  -0.0011124925  -0.0033136693  -0.0023728622
        0.0019071012   0.0004012298   0.0011009496   0.0002636634   0.0126875457
       -0.0211323147   0.0245537062   0.0010824696  -0.0012882547   0.0015039749
        0.0001249576   0.0004047542   0.0002374905  -0.0019763626  -0.0021344980
        0.0098820689  -0.0087842586  -0.0623975437   0.0654961905   0.0000252325
       -0.0000135562  -0.0000733793   0.0001491575  -0.0001678807   0.0000399059
       -0.0000758056   0.0001034145  -0.0000269054   0.0001498006   0.0002359940
        0.0002046036  -0.0003889874  -0.0007019331   0.0000291305  -0.0002247765
       -0.0002815705  -0.0001848670   0.0001287565   0.0000325399  -0.0001832846
        0.0007532273   0.0005681287  -0.0002743787  -0.0014981457  -0.0002300945
        0.0004580564   0.0004856197   0.0827663907  -0.0824027665  -0.0003090507
        0.0059456764  -0.0203178178
       -0.0000995520   0.0001635011   0.0001617055   0.0032401503   0.0023264100
       -0.0002749912  -0.0002804105  -0.0019462753   0.0001089533  -0.0096456512
        0.0113794845   0.0004291136  -0.0003202450  -0.0004319067  -0.0009881433
       -0.0005399183  -0.0003585199   0.0004375508   0.0043149185   0.0030165820
       -0.0095525536   0.0116249191   0.0638695325  -0.2383644224  -0.0000224317
       -0.0000128321   0.0000006459  -0.0000479298   0.0000516006   0.0000270372
        0.0000124497  -0.0000472122  -0.0000263752  -0.0000389091  -0.0001232193
       -0.0000774703   0.0000986559   0.0000887199   0.0000119208   0.0000404293
        0.0001415306   0.0000999103  -0.0000772276  -0.0000827992   0.0000756233
       -0.0002867418  -0.0002842466   0.0007643188   0.0024240491   0.0011170897
        0.0000159952  -0.0095445268  -0.0824027665   0.2744356798  -0.0008520281
        0.0035353270  -0.0272844983
        0.0001709640  -0.0002518673  -0.0007562472   0.0021786626   0.0030678479
        0.0008293418  -0.0004282808  -0.0016698633  -0.0001175382   0.0035208773
        0.0152829850   0.0099698534  -0.0015586764   0.0018435665   0.0006690270
       -0.0047631120  -0.0029200042   0.0009113963  -0.0102477711  -0.0189133597
       -0.0150146066  -0.0681570990  -0.0576617871  -0.0518317139   0.0000158799
       -0.0000466826  -0.0000168391   0.0000650366  -0.0001519328  -0.0000101679
       -0.0000281088   0.0000499037   0.0000082979   0.0002352775   0.0007435774
        0.0000718424  -0.0001406392  -0.0000546313   0.0000250880  -0.0000330825
        0.0001165002   0.0001399662   0.0000090872  -0.0012307220  -0.0003167126
       -0.0012773877  -0.0003317055   0.0000565332   0.0010771199  -0.0000147512
       -0.0005165719   0.0017376968  -0.0003090507  -0.0008520281   0.0776235557
        0.0624519770   0.0567510792
       -0.0001742861   0.0000917469   0.0005652198  -0.0027209197  -0.0017527634
       -0.0011498051   0.0000187725   0.0011660863   0.0001914792  -0.0001969765
       -0.0303967548  -0.0126686803   0.0015197146  -0.0034436751  -0.0025052036
       -0.0007615533  -0.0013327816   0.0002827835  -0.0042790622  -0.0052427698
       -0.0047415943  -0.0567268063  -0.1493825917  -0.0986634275  -0.0000190763
        0.0001214525   0.0000333426  -0.0001176329   0.0000582300   0.0000221866
       -0.0000093889  -0.0000613591  -0.0000224947  -0.0007069798  -0.0013296054
        0.0000629932   0.0001653376   0.0001617400  -0.0001342826   0.0000630591
       -0.0000383905   0.0000375148   0.0001044417  -0.0003791127  -0.0001405713
       -0.0003382729  -0.0004043167  -0.0000676067   0.0001615420   0.0001891986
       -0.0001545030   0.0015661104   0.0059456764   0.0035353270   0.0624519770
        0.1860299900   0.1155173223
       -0.0000386865   0.0000859564  -0.0001007594  -0.0016762969  -0.0016546078
        0.0009811036   0.0007998288   0.0017470171  -0.0008239834   0.0036970675
       -0.0023103784   0.0045473692   0.0001981198   0.0010891019  -0.0005146879
        0.0007030444   0.0010942984   0.0004304786   0.0022547337   0.0040233372
        0.0037893443  -0.0522157023  -0.1008291440  -0.1361992514   0.0000213472
        0.0000206247   0.0000025218  -0.0000064778   0.0000022614  -0.0000321546
       -0.0000141889   0.0000467249   0.0000067500  -0.0000298751   0.0001510453
       -0.0000020075   0.0001066707   0.0002144728  -0.0000671544   0.0001004366
        0.0002484507   0.0001634917   0.0000872173   0.0001887149   0.0001331010
        0.0000793041  -0.0000034902  -0.0000781596   0.0007160944   0.0006861103
        0.0010525018  -0.0115337161  -0.0203178178  -0.0272844983   0.0567510792
        0.1155173223   0.1539959944
