           1           2   1.02204308384046     
           2           3  0.886283203490275     
           3           4   1.31852828615454     
           4           5   1.53558490619696     
           4           6   1.34285885143968     
           6           7  0.862080351340364     
           7           8   1.02276607456999     
           4           9  0.960800040853206     
           5           9  0.139811186106763     
           9          10  0.981329792848121     
          10          11  0.989234237478208     
          11          12  0.962971832685603     
          11          13  0.132783149413075     
          12          13   1.53725182602387     
          12          14   1.34515730400849     
          14          15  0.859302519986597     
          15          16   1.02165797621209     
          12          17   1.32484053069342     
          17          18  0.887915852871291     
          18          19   1.02226853037023     
           1          20  0.976354982460423     
           1          21  0.975833302489115     
           1          22  0.980894360688715     
           2          23  0.969350734233074     
           2          24  0.964305753515546     
           7          25  0.969931365301018     
           7          26  0.965839285626777     
           8          27  0.973998214121927     
           8          28  0.980217498160470     
           8          29  0.973493695416248     
          10          30  0.958745062384881     
          10          31  0.946821435472398     
          15          32  0.962565518438073     
          15          33  0.966515359597460     
          16          34  0.973750902113309     
          16          35  0.983125412060806     
          16          36  0.981391964292746     
          18          37  0.964185613198425     
          18          38  0.969448167648744     
          19          39  0.980193350399891     
          19          40  0.975922302289271     
          19          41  0.976346199096658     
