$coord
          4.532054841321         -1.234085142094         -0.304454562163     c 
          2.071969084613         -0.225767393708          0.796479673749     c 
          2.156535318430         -0.329001203869          2.875287571692     h 
          1.439571044115          2.476335140894         -0.035773892665     c 
         -1.440771159365          2.476670351632          0.035050773346     c 
         -2.076910035968         -0.224539208091         -0.798837734826     c 
         -2.178884749318         -0.323681493419         -2.876848434681     h 
          0.001623322401         -1.762369485983         -0.012824414450     o 
         -4.527735503600         -1.236892935460          0.319815448986     c 
          6.102484816335         -0.079176508832          0.336934350883     h 
          4.821966403658         -3.173372398693          0.302800308161     h 
          4.449741287825         -1.197211382628         -2.356782235881     h 
          2.281598584376          3.880124417100          1.204246692120     h 
          2.110491346132          2.782678242825         -1.960764673637     h 
         -2.111172930598          2.782775693347          1.960242150428     h 
         -2.282134098506          3.881778998213         -1.203890128801     h 
         -4.822279407282         -3.174713908530         -0.289996932219     h 
         -6.103813734740         -0.080806902020         -0.305477073410     h 
         -4.428592168530         -1.205274425246          2.371487600015     h 
$end
