           1           2   1.01434346188524     
           2           3  0.905267613871723     
           3           4   1.20388125856114     
           3           5  0.171466145805254     
           4           5   1.66690982092183     
           4           6  0.974787089862012     
           6           7  0.993236449322929     
           7           8  0.951397237507051     
           7           9  0.948812920779024     
           9          10   1.62396807411368     
           9          11   1.22472560817860     
          10          11  0.161698253271575     
          11          12  0.896215726466133     
          12          13   1.01268927735437     
           7          14  0.951398272165983     
          10          15  0.120458457849234     
          14          15   1.00364155585784     
          14          16  0.136336154950093     
          15          16   1.47464354100922     
          15          17   1.28693478975439     
          17          18  0.904270450025843     
          15          19   1.27427388086621     
          19          20  0.916126337960384     
           1          21  0.983937301606091     
           1          22  0.978325254535700     
           1          23  0.985914648876454     
           2          24  0.966672616849412     
           2          25  0.969614977540341     
           6          26  0.921322460426669     
           6          27  0.949889463188241     
          12          28  0.964021304181997     
          12          29  0.970716202615351     
          13          30  0.983508629090720     
          13          31  0.977595696491358     
          13          32  0.983286809669450     
          18          33  0.974571190992650     
          18          34  0.980369223624694     
          18          35  0.974042247513040     
          20          36  0.977771507027453     
          20          37  0.973346516063554     
          20          38  0.974141275568431     
