   -0.12706917
    0.07614888
   -0.26638958
    0.38663548
   -0.46593810
   -0.26952113
    0.08297278
   -0.13337005
   -0.13704589
    0.02922678
   -0.14508753
    0.38693808
   -0.46865191
   -0.26272274
    0.08475960
   -0.12929304
   -0.26488066
    0.09200135
   -0.11887879
    0.06452510
    0.06571181
    0.08854668
    0.08837900
    0.07360429
    0.05623440
    0.06616092
    0.08370066
    0.07655372
    0.06786057
    0.08824587
    0.12965101
    0.08739867
    0.05565190
    0.05975437
    0.07144744
    0.08550404
    0.07601094
    0.06030329
    0.06475511
    0.08263157
    0.05753429
