           1           2   1.02198140820976     
           2           3  0.888144287385114     
           3           4   1.32050224029121     
           4           5   1.49327753233412     
           4           6   1.31866929407817     
           6           7  0.874033225832512     
           7           8   1.02324269092407     
           4           9  0.979299326376287     
           5           9  0.144244880843260     
           9          10  0.987571143761962     
          10          11  0.991740031820446     
          11          12  0.939143069678708     
          11          13  0.137197173305045     
          12          13   1.55002428520523     
          12          14   1.31564286217511     
          14          15  0.888061343693420     
          15          16   1.02112254426695     
          12          17   1.34563506335397     
          17          18  0.863068436146664     
          18          19   1.02230209255940     
           1          20  0.975914995683976     
           1          21  0.981612170232468     
           1          22  0.972015649816785     
           2          23  0.965789898186744     
           2          24  0.963645551470174     
           7          25  0.964916872423851     
           7          26  0.970226511646645     
           8          27  0.975807187770174     
           8          28  0.975251866253452     
           8          29  0.982929978622740     
          10          30  0.939944787848941     
          10          31  0.951670252967810     
          15          32  0.968816161550627     
          15          33  0.963782631513755     
          16          34  0.976540732806431     
          16          35  0.980911340923788     
          16          36  0.973772669056352     
          18          37  0.966000145335864     
          18          38  0.966884854639545     
          19          39  0.982492073437143     
          19          40  0.981832376898067     
          19          41  0.974030159181508     
