           1           2  0.891606773030195     
           2           3  0.891591820474426     
           1           4  0.891600559102054     
           3           4  0.891596078773271     
           4           5  0.987480739901867     
           4           6  0.987668823755265     
           3           7  0.987671695732293     
           3           8  0.987487251061488     
           2           9  0.987665956689556     
           2          10  0.987481023164365     
           1          11  0.987481463098256     
           1          12  0.987672218506687     
