   -0.12750872
    0.07780569
   -0.26165440
    0.38087247
   -0.46973894
   -0.25567656
    0.07371703
   -0.12773093
   -0.14575223
    0.04163124
   -0.15632373
    0.37196409
   -0.45618085
   -0.25752819
    0.07562219
   -0.12854503
   -0.25054426
    0.07308183
   -0.13032564
    0.08583165
    0.05283795
    0.07244516
    0.09051329
    0.06663726
    0.09428033
    0.06622395
    0.05293055
    0.06700550
    0.08569038
    0.09624861
    0.09635632
    0.06936842
    0.09278023
    0.06233671
    0.08528850
    0.07221264
    0.06083782
    0.09393449
    0.05843364
    0.08221613
    0.06840538
