   -0.13331381
    0.08129302
   -0.25148929
    0.37180087
   -0.45147019
   -0.25610942
    0.07942965
   -0.13151608
   -0.16350941
    0.04195445
   -0.16225133
    0.37702544
   -0.43975295
   -0.26200515
    0.07387366
   -0.12882015
   -0.26231575
    0.08042726
   -0.13450255
    0.07008255
    0.07615886
    0.08372808
    0.06619059
    0.05796152
    0.09345962
    0.06179560
    0.06342066
    0.07267033
    0.08517717
    0.09957241
    0.10108537
    0.06587258
    0.09398966
    0.05420537
    0.08557551
    0.07076144
    0.06122339
    0.07226708
    0.07518438
    0.07219366
    0.08867590
