           1           2   1.01786790149555     
           2           3  0.885734401908128     
           3           4   1.32342866217570     
           4           5   1.54814100580385     
           4           6   1.35631649635251     
           6           7  0.863930913686824     
           7           8   1.02291508698865     
           4           9  0.948619300452198     
           5           9  0.136238906658009     
           9          10  0.986158227901344     
          10          11  0.990359993805249     
          11          12  0.937199245575492     
          11          13  0.136715301347419     
          12          13   1.55696045017680     
          12          14   1.31693077511394     
          14          15  0.886120207816441     
          15          16   1.02260320834402     
          12          17   1.33687678013935     
          17          18  0.864351037420611     
          18          19   1.01884539580260     
           1          20  0.983480752242466     
           1          21  0.982116320387071     
           1          22  0.975654135167007     
           2          23  0.970928217610140     
           2          24  0.966653417787344     
           7          25  0.963393739226344     
           7          26  0.965196731006933     
           8          27  0.978742112556755     
           8          28  0.981838544084105     
           8          29  0.974347339327469     
          10          30  0.953115141771656     
          10          31  0.952925902198990     
          15          32  0.968449422520853     
          15          33  0.963860279717601     
          16          34  0.976679789181140     
          16          35  0.975869085697949     
          16          36  0.981939229935884     
          18          37  0.968818807838873     
          18          38  0.969521610792444     
          19          39  0.982686444383411     
          19          40  0.980834240165572     
          19          41  0.973282064100750     
