           1           2   1.01925640067846     
           2           3  0.873911545895412     
           3           4   1.30966609466381     
           4           5   1.51312237453077     
           4           6   1.31951355702503     
           6           7  0.885613099018665     
           7           8   1.02232598834109     
           4           9   1.01239989830425     
           5           9  0.134426167904945     
           9          10  0.969647139668871     
          10          11  0.999052512018439     
          11          12  0.995644774193105     
          11          13  0.134087119635390     
          12          13   1.50254349491413     
          12          14   1.32371638419439     
          14          15  0.884856352243229     
          15          16   1.01999576070135     
          12          17   1.33416849967232     
          17          18  0.875018194805475     
          18          19   1.02269872765745     
           1          20  0.980873177697619     
           1          21  0.973777197544703     
           1          22  0.981864226700410     
           2          23  0.966923838061436     
           2          24  0.971001942891812     
           7          25  0.963988721782949     
           7          26  0.967540734997362     
           8          27  0.977120049955873     
           8          28  0.982239178890200     
           8          29  0.975813122143502     
          10          30  0.946861288879129     
          10          31  0.958735139574966     
          15          32  0.966437293393440     
          15          33  0.969285098702134     
          16          34  0.981940667862255     
          16          35  0.982796051135780     
          16          36  0.976385687903784     
          18          37  0.963006706025680     
          18          38  0.965342163541502     
          19          39  0.976082847022240     
          19          40  0.975368960780776     
          19          41  0.982557553080831     
