           1           2   1.01983528954001     
           2           3  0.888051192684345     
           3           4   1.31511412463876     
           4           5   1.50974461257979     
           4           6   1.32283425144514     
           6           7  0.880649992901750     
           7           8   1.02253194900751     
           4           9   1.00186526688316     
           5           9  0.135867430576782     
           9          10  0.972776733472164     
          10          11  0.996665262974740     
          11          12  0.950560096522729     
          11          13  0.135115247804226     
          12          13   1.52377776439293     
          12          14   1.31808624022975     
          14          15  0.887418216720725     
          15          16   1.02172147741402     
          12          17   1.36178284772740     
          17          18  0.863324452666326     
          18          19   1.02162278824402     
           1          20  0.979972998435232     
           1          21  0.983566204828418     
           1          22  0.976803002723377     
           2          23  0.965628330487877     
           2          24  0.967786894051050     
           7          25  0.967235854428884     
           7          26  0.965702698005800     
           8          27  0.974324306249207     
           8          28  0.976176241066701     
           8          29  0.981637284391877     
          10          30  0.959156638531892     
          10          31  0.946246529510014     
          15          32  0.963103894180129     
          15          33  0.964521328197125     
          16          34  0.983214520262460     
          16          35  0.976768707489876     
          16          36  0.977225002231986     
          18          37  0.966762985473123     
          18          38  0.962967571408232     
          19          39  0.982798692549329     
          19          40  0.974172855882876     
          19          41  0.980587376948644     
