   -0.13382448
    0.09272503
   -0.28532281
    0.35835540
   -0.46143468
   -0.26615009
    0.08037384
   -0.12779500
   -0.10927686
    0.03054225
   -0.12340234
    0.35953113
   -0.46157451
   -0.25925045
    0.06851353
   -0.12686025
   -0.25971747
    0.07869104
   -0.13036720
    0.07560126
    0.07490934
    0.08298262
    0.05277737
    0.04773574
    0.06693857
    0.08759986
    0.08877312
    0.06646343
    0.06504085
    0.13274808
    0.07696300
    0.09683775
    0.07950583
    0.06418285
    0.08843891
    0.05735825
    0.08055315
    0.07181306
    0.06687909
    0.06502614
    0.08711562
