           1           2   1.01370084094167     
           2           3  0.908799137060006     
           3           4   1.18900166961383     
           3           5  0.179007237927080     
           4           5   1.70847737118077     
           4           6  0.956638679503157     
           6           7  0.974229702121505     
           7           8  0.929280096391336     
           7           9  0.956399043101341     
           9          10   1.64520624344176     
           9          11   1.23084675067325     
          10          11  0.165848494613159     
          11          12  0.889117337203735     
          12          13   1.01433460709676     
           7          14  0.970058703723872     
          10          15  0.159901308006266     
          14          15  0.987334322419877     
          14          16  0.123303413760093     
          15          16   1.51862686929273     
          15          17   1.28713274004415     
          17          18  0.898444156826091     
          15          19   1.21923282909256     
          19          20  0.922587119801206     
           1          21  0.983759885979364     
           1          22  0.978826104785715     
           1          23  0.985444765926510     
           2          24  0.967178856523578     
           2          25  0.969867776946628     
           6          26  0.966427803700470     
           6          27  0.943922928716117     
          12          28  0.965729036734681     
          12          29  0.969131026533799     
          13          30  0.984737641540563     
          13          31  0.983031205446823     
          13          32  0.976420515277650     
          18          33  0.971728763913578     
          18          34  0.973954347960897     
          18          35  0.977607674644134     
          20          36  0.978849633022549     
          20          37  0.976128416060012     
          20          38  0.973260430710956     
