   -0.12517683
    0.07414346
   -0.26244941
    0.36399439
   -0.46101997
   -0.26572128
    0.08507044
   -0.12491265
   -0.14994415
    0.04060006
   -0.15156509
    0.38207461
   -0.46655731
   -0.26319766
    0.06982505
   -0.13187185
   -0.25574593
    0.06991240
   -0.12356344
    0.06899107
    0.08487830
    0.05589404
    0.09407389
    0.06486567
    0.06577816
    0.08197008
    0.06803873
    0.05496578
    0.08544394
    0.09679400
    0.10921875
    0.09335655
    0.07595556
    0.08765517
    0.06687919
    0.06397343
    0.07433675
    0.10161500
    0.06798972
    0.04737559
    0.08605580
