           1           2  0.978556670837336     
           2           3  0.959664114310939     
           2           4  0.963334775355429     
           4           5  0.959630176301249     
           4           6  0.958287789342508     
           6           7  0.960234893504768     
           6           8  0.952220419903581     
           8           9  0.949909626780403     
           1          10  0.971056853225564     
           8          10  0.957476658826188     
           8          11   1.02514601786490     
           6          12  0.997794198476642     
           4          13  0.998010811837855     
           2          14   1.00639520961961     
           1          15  0.965516423839093     
           1          16  0.966114615120509     
          11          17  0.833181555132160     
          12          18  0.845760254620254     
          13          19  0.843685514910265     
          14          20  0.848181324695677     
