           1           2   1.02191178857766     
           2           3  0.891284156807893     
           3           4   1.31335551141479     
           4           5   1.51170398770950     
           4           6   1.31147266181292     
           6           7  0.874736390703984     
           7           8   1.02163147453082     
           4           9  0.990814267031025     
           5           9  0.137417006195721     
           9          10  0.985025296902023     
          10          11  0.986632336878064     
          11          12  0.993402256891594     
          11          13  0.134635957443631     
          12          13   1.50825433138417     
          12          14   1.32016124863299     
          14          15  0.875476180430112     
          15          16   1.02174942441425     
          12          17   1.32442194708367     
          17          18  0.887106787305970     
          18          19   1.02240988174822     
           1          20  0.976906890097766     
           1          21  0.981901466384446     
           1          22  0.975089405704376     
           2          23  0.966348742935158     
           2          24  0.964153608988906     
           7          25  0.967007114201802     
           7          26  0.968387920950798     
           8          27  0.982222141645471     
           8          28  0.982870378926658     
           8          29  0.975502521977085     
          10          30  0.956150847654719     
          10          31  0.950672166118161     
          15          32  0.968409345444755     
          15          33  0.966181367051921     
          16          34  0.982373728339269     
          16          35  0.981922706808041     
          16          36  0.975615298295452     
          18          37  0.964213543071583     
          18          38  0.967110817475449     
          19          39  0.982407648519148     
          19          40  0.976060953230300     
          19          41  0.977084951413401     
