           1           2   1.01801939004639     
           2           3  0.880662269867163     
           3           4   1.32742841518097     
           4           5   1.55598380457451     
           4           6   1.35358566002311     
           6           7  0.859961609318465     
           7           8   1.02096841806966     
           4           9  0.966394519127219     
           5           9  0.134736014707605     
           9          10  0.972331450939625     
          10          11  0.999237716533616     
          11          12  0.961372788766576     
          11          13  0.133428782263134     
          12          13   1.52728173525766     
          12          14   1.36722516621368     
          14          15  0.855547910063524     
          15          16   1.02474950048049     
          12          17   1.33018363592553     
          17          18  0.884862829401319     
          18          19   1.01786231962917     
           1          20  0.974967251119403     
           1          21  0.983775891882661     
           1          22  0.981803722629263     
           2          23  0.970309225049230     
           2          24  0.968517229663608     
           7          25  0.963084415367503     
           7          26  0.969698511086969     
           8          27  0.982020055306822     
           8          28  0.973055980449352     
           8          29  0.982622579568148     
          10          30  0.961484623511180     
          10          31  0.948280350647770     
          15          32  0.965711299293383     
          15          33  0.963443846427230     
          16          34  0.981545980342041     
          16          35  0.976727275226254     
          16          36  0.972997965637973     
          18          37  0.967678093672223     
          18          38  0.970349984101927     
          19          39  0.975615221529098     
          19          40  0.981756178565807     
          19          41  0.983643973745696     
