   -0.13442954
    0.06857696
   -0.26329516
    0.37653737
   -0.46537539
   -0.24738109
    0.07332141
   -0.12862146
   -0.13692570
    0.03714564
   -0.13625646
    0.38449615
   -0.47195462
   -0.26964094
    0.07730767
   -0.12694567
   -0.25390289
    0.07293036
   -0.12833905
    0.06844923
    0.08888625
    0.07302388
    0.07317829
    0.09573009
    0.09281482
    0.05773003
    0.05332153
    0.07522984
    0.08163114
    0.09001854
    0.09135022
    0.08936895
    0.06210894
    0.05489520
    0.07153550
    0.08332184
    0.09407510
    0.06466204
    0.08644713
    0.05418989
    0.07078398
