   -0.12780339
    0.06881602
   -0.25511071
    0.37544733
   -0.45472478
   -0.26051397
    0.08526370
   -0.12765916
   -0.14724440
    0.03661275
   -0.13912481
    0.37555754
   -0.45937682
   -0.26978602
    0.08929461
   -0.13503594
   -0.26295814
    0.08510113
   -0.12903062
    0.06855053
    0.08546774
    0.05569982
    0.09977291
    0.07099663
    0.05874350
    0.07974584
    0.08289866
    0.07337775
    0.05621982
    0.10475614
    0.10867835
    0.05690547
    0.06551686
    0.07081775
    0.08701045
    0.07585063
    0.06154585
    0.07313264
    0.08454617
    0.07251813
    0.05952406
