           1           2   1.03161930705335     
           2           3   1.41579474325057     
           3           4   1.37088353433161     
           2           5  0.101599291840906     
           4           5   1.35659319057537     
           3           6  0.100412697515168     
           5           6   1.45228243266787     
           2           7   1.37177090258403     
           6           7   1.40899293667236     
           7           8  0.933366196126415     
           4           9   1.08922550872530     
           1          10  0.983332092497429     
           1          11  0.966883347868242     
           1          12  0.966849825731747     
           3          13  0.960977888831366     
           5          14  0.965995629314643     
           6          15  0.966517618317380     
           9          16  0.835271544565052     
