$hessian                                                                        
        0.5299242196  -0.0000190394   0.0000033642  -0.0547249176  -0.0000400071
       -0.0000154899  -0.0123051836   0.0039663966   0.0252937241   0.0013328849
        0.0039410874  -0.0067696870  -0.0055107452  -0.0078607783  -0.0185283892
       -0.0565090434   0.0554205553  -0.0191259298  -0.2490846418   0.0557812373
        0.0716180107  -0.1531225729  -0.1111894518  -0.0524756030
       -0.0000190394   0.5299208995   0.0000106062  -0.0000403278  -0.0547246911
       -0.0000063806   0.0039659119   0.0013190725  -0.0068177780   0.0039414706
       -0.0123225211   0.0253068279  -0.0078607202  -0.0054787401  -0.0184915012
        0.0554177375  -0.2493071356   0.0716399439   0.0557845058  -0.0567174112
       -0.0192680192  -0.1111895384  -0.1526894730  -0.0523736990
        0.0000033642   0.0000106062   0.4391285688  -0.0000100278  -0.0000010177
       -0.1921297273   0.0121933076  -0.0032783191  -0.0159850521  -0.0032548196
        0.0121994529  -0.0159822793  -0.0089365355  -0.0089179069  -0.0159707138
       -0.0195443822   0.0731125320  -0.0663516276   0.0730893021  -0.0196890620
       -0.0663617612  -0.0535402087  -0.0534362854  -0.0663474075
       -0.0547249176  -0.0000403278  -0.0000100278   0.1844143508  -0.0001905060
        0.0000075650  -0.0609973072   0.0113811429   0.0129694648  -0.0226369570
        0.0109300234  -0.0035520300  -0.0420033497  -0.0220379500  -0.0094166891
       -0.0002092298   0.0006555233  -0.0069756242  -0.0025334227   0.0007548044
        0.0262801900  -0.0013091668  -0.0014527102  -0.0193028487
       -0.0000400071  -0.0547246911  -0.0000010177  -0.0001905060   0.1844151468
       -0.0000028957   0.0110014704  -0.0226800805  -0.0035762435   0.0113075358
       -0.0610419257   0.0129739088  -0.0220366582  -0.0419169861  -0.0093983466
        0.0007521293  -0.0025382055   0.0262945391   0.0006594780  -0.0002109351
       -0.0070253388  -0.0014534421  -0.0013023229  -0.0192646057
       -0.0000154899  -0.0000063806  -0.1921297273   0.0000075650  -0.0000028957
        0.3417812422   0.0316317509  -0.0084609685  -0.0340445585  -0.0084007351
        0.0316452452  -0.0340408832  -0.0232156981  -0.0231704527  -0.0340278250
       -0.0011744629   0.0043895016  -0.0158434782   0.0043863947  -0.0011817748
       -0.0158461110  -0.0032193245  -0.0032122745  -0.0158486590
       -0.0123051836   0.0039659119   0.0121933076  -0.0609973072   0.0110014704
        0.0316317509   0.1332202177  -0.0283664015  -0.0402607356  -0.0192591234
        0.0305003091  -0.0040881835  -0.0422430421  -0.0169361692  -0.0031636192
        0.0003181462  -0.0006581716   0.0003118513   0.0005294222  -0.0000088068
        0.0031271719   0.0007368702   0.0005018578   0.0002484567
        0.0039663966   0.0013190725  -0.0032783191   0.0113811429  -0.0226800805
       -0.0084609685  -0.0283664015   0.0361029347   0.0108911140   0.0230017940
       -0.0193598272  -0.0007503737  -0.0097943285   0.0036793935   0.0025974765
       -0.0003790592   0.0003441074   0.0001210107   0.0000592330   0.0007413998
       -0.0008489585   0.0001312226  -0.0001470002  -0.0002709813
        0.0252937241  -0.0068177780  -0.0159850521   0.0129694648  -0.0035762435
       -0.0340445585  -0.0402607356   0.0108911140   0.0436899904  -0.0007549343
       -0.0040907427   0.0058160263   0.0014119337   0.0039585367   0.0058758275
        0.0003177022  -0.0002653780   0.0000432496   0.0005848192  -0.0001368826
       -0.0054287124   0.0004380259   0.0000373742   0.0000332292
        0.0013328849   0.0039414706  -0.0032548196  -0.0226369570   0.0113075358
       -0.0084007351  -0.0192591234   0.0230017940  -0.0007549343   0.0359967834
       -0.0281830278   0.0108129885   0.0036284582  -0.0098815767   0.0025909026
        0.0007420927   0.0000588977  -0.0008434553   0.0003420528  -0.0003793721
        0.0001211151  -0.0001461916   0.0001342785  -0.0002710617
        0.0039410874  -0.0123225211   0.0121994529   0.0109300234  -0.0610419257
        0.0316452452   0.0305003091  -0.0193598272  -0.0040907427  -0.0281830278
        0.1333327616  -0.0402737542  -0.0170246180  -0.0421926358  -0.0031705107
       -0.0000093449   0.0005286806   0.0031294308  -0.0006582920   0.0003199728
        0.0003119818   0.0005038629   0.0007354948   0.0002488971
       -0.0067696870   0.0253068279  -0.0159822793  -0.0035520300   0.0129739088
       -0.0340408832  -0.0040881835  -0.0007503737   0.0058160263   0.0108129885
       -0.0402737542   0.0436834942   0.0039605141   0.0014021179   0.0058755088
       -0.0001364106   0.0005851089  -0.0054279770  -0.0002645149   0.0003183467
        0.0000435028   0.0000373235   0.0004378177   0.0000326075
       -0.0055107452  -0.0078607202  -0.0089365355  -0.0420033497  -0.0220366582
       -0.0232156981  -0.0422430421  -0.0097943285   0.0014119337   0.0036284582
       -0.0170246180   0.0039605141   0.0848253029   0.0563161172   0.0294756165
       -0.0001284842   0.0003984351  -0.0003626460   0.0007968797   0.0000980441
       -0.0000826158   0.0006349804  -0.0000962715  -0.0022505689
       -0.0078607783  -0.0054787401  -0.0089179069  -0.0220379500  -0.0419169861
       -0.0231704527  -0.0169361692   0.0036793935   0.0039585367  -0.0098815767
       -0.0421926358   0.0014021179   0.0563161172   0.0846064915   0.0294186480
        0.0000995602   0.0007961896  -0.0000828468   0.0003962128  -0.0001296551
       -0.0003624160  -0.0000954160   0.0006359425  -0.0022456803
       -0.0185283892  -0.0184915012  -0.0159707138  -0.0094166891  -0.0093983466
       -0.0340278250  -0.0031636192   0.0025974765   0.0058758275   0.0025909026
       -0.0031705107   0.0058755088   0.0294756165   0.0294186480   0.0435916736
       -0.0001424698  -0.0003914789   0.0000313571  -0.0003911470  -0.0001418232
        0.0000308989  -0.0004242047  -0.0004224640  -0.0054067271
       -0.0565090434   0.0554177375  -0.0195443822  -0.0002092298   0.0007521293
       -0.0011744629   0.0003181462  -0.0003790592   0.0003177022   0.0007420927
       -0.0000093449  -0.0001364106  -0.0001284842   0.0000995602  -0.0001424698
        0.0604408045  -0.0637763842   0.0228159999  -0.0091680673   0.0267972269
       -0.0077668402   0.0045137815  -0.0189018657   0.0056308636
        0.0554205553  -0.2493071356   0.0731125320   0.0006555233  -0.0025382055
        0.0043895016  -0.0006581716   0.0003441074  -0.0002653780   0.0000588977
        0.0005286806   0.0005851089   0.0003984351   0.0007961896  -0.0003914789
       -0.0637763842   0.2822824289  -0.0854780061   0.0048953711  -0.0092277393
        0.0022410422   0.0030057733  -0.0228783262   0.0058066785
       -0.0191259298   0.0716399439  -0.0663516276  -0.0069756242   0.0262945391
       -0.0158434782   0.0003118513   0.0001210107   0.0000432496  -0.0008434553
        0.0031294308  -0.0054279770  -0.0003626460  -0.0000828468   0.0000313571
        0.0228159999  -0.0854780061   0.0791743112   0.0022270865  -0.0077742191
        0.0041759586   0.0019527176  -0.0078498524   0.0041982064
       -0.2490846418   0.0557845058   0.0730893021  -0.0025334227   0.0006594780
        0.0043863947   0.0005294222   0.0000592330   0.0005848192   0.0003420528
       -0.0006582920  -0.0002645149   0.0007968797   0.0003962128  -0.0003911470
       -0.0091680673   0.0048953711   0.0022270865   0.2820272539  -0.0641934504
       -0.0854517171  -0.0229094767   0.0030569417   0.0058197766
        0.0557812373  -0.0567174112  -0.0196890620   0.0007548044  -0.0002109351
       -0.0011817748  -0.0000088068   0.0007413998  -0.0001368826  -0.0003793721
        0.0003199728   0.0003183467   0.0000980441  -0.0001296551  -0.0001418232
        0.0267972269  -0.0092277393  -0.0077742191  -0.0641934504   0.0606825572
        0.0229842810  -0.0188496833   0.0045418110   0.0056211339
        0.0716180107  -0.0192680192  -0.0663617612   0.0262801900  -0.0070253388
       -0.0158461110   0.0031271719  -0.0008489585  -0.0054287124   0.0001211151
        0.0003119818   0.0000435028  -0.0000826158  -0.0003624160   0.0000308989
       -0.0077668402   0.0022410422   0.0041759586  -0.0854517171   0.0229842810
        0.0791880727  -0.0078453145   0.0019674275   0.0041981517
       -0.1531225729  -0.1111895384  -0.0535402087  -0.0013091668  -0.0014534421
       -0.0032193245   0.0007368702   0.0001312226   0.0004380259  -0.0001461916
        0.0005038629   0.0000373235   0.0006349804  -0.0000954160  -0.0004242047
        0.0045137815   0.0030057733   0.0019527176  -0.0229094767  -0.0188496833
       -0.0078453145   0.1716017759   0.1279472211   0.0626009854
       -0.1111894518  -0.1526894730  -0.0534362854  -0.0014527102  -0.0013023229
       -0.0032122745   0.0005018578  -0.0001470002   0.0000373742   0.0001342785
        0.0007354948   0.0004378177  -0.0000962715   0.0006359425  -0.0004224640
       -0.0189018657  -0.0228783262  -0.0078498524   0.0030569417   0.0045418110
        0.0019674275   0.1279472211   0.1711038739   0.0624782568
       -0.0524756030  -0.0523736990  -0.0663474075  -0.0193028487  -0.0192646057
       -0.0158486590   0.0002484567  -0.0002709813   0.0000332292  -0.0002710617
        0.0002488971   0.0000326075  -0.0022505689  -0.0022456803  -0.0054067271
        0.0056308636   0.0058066785   0.0041982064   0.0058197766   0.0056211339
        0.0041981517   0.0626009854   0.0624782568   0.0791405988
