   -0.13064094
    0.06392261
   -0.25307027
    0.37112720
   -0.47411930
   -0.10252966
    0.01191157
    0.09554462
    0.37517606
   -0.46412488
   -0.25023634
    0.07290308
   -0.12084885
   -0.10876067
    0.38844273
   -0.46697683
   -0.28139248
    0.02070889
   -0.26426872
    0.01453405
    0.05634494
    0.07139789
    0.07751119
    0.09353494
    0.06294397
    0.12241382
    0.12214085
    0.08978494
    0.06943453
    0.05173522
    0.06253778
    0.08096419
    0.11097073
    0.07455698
    0.07642758
    0.08328839
    0.11338390
    0.08332629
