   -0.12473302
    0.06956952
   -0.27201165
    0.39725472
   -0.46976279
   -0.26793906
    0.08680810
   -0.12677619
   -0.12469995
    0.02786903
   -0.12073036
    0.38568765
   -0.47151867
   -0.26626996
    0.08228465
   -0.11696063
   -0.27651092
    0.08597396
   -0.12291444
    0.05125612
    0.06583136
    0.08335775
    0.09445869
    0.06946303
    0.05417785
    0.08263859
    0.08328232
    0.07166425
    0.05550686
    0.12849338
    0.09185575
    0.08768003
    0.06279687
    0.05180036
    0.06006379
    0.08369111
    0.07935229
    0.06320851
    0.06618706
    0.08381276
    0.05480128
