   -0.12794766
    0.08309489
   -0.24294794
    0.35793522
   -0.46365631
   -0.26194636
    0.07271085
   -0.13199434
   -0.14315721
    0.03654131
   -0.12108805
    0.36123223
   -0.46536004
   -0.26022993
    0.07580831
   -0.12645376
   -0.26742460
    0.07086172
   -0.12611392
    0.08037887
    0.07783888
    0.06096623
    0.05047277
    0.08364855
    0.09143444
    0.07044143
    0.06794669
    0.08679114
    0.06364442
    0.07452473
    0.11984354
    0.08527344
    0.07318249
    0.06477240
    0.05970637
    0.08640306
    0.07730781
    0.09579389
    0.06475246
    0.05739216
    0.08761980
