   -0.12555688
    0.07671218
   -0.25398139
    0.35997876
   -0.48575763
   -0.25753252
    0.07825426
   -0.12147878
   -0.12700107
    0.02595828
   -0.13111588
    0.35655758
   -0.45533438
   -0.26437391
    0.07621922
   -0.12336537
   -0.24965066
    0.09188609
   -0.13018274
    0.05276022
    0.07153396
    0.08494890
    0.09344483
    0.06283119
    0.09279021
    0.06258620
    0.06866239
    0.08382488
    0.04738552
    0.11093964
    0.12594052
    0.09073969
    0.06454116
    0.08354868
    0.05092402
    0.06969686
    0.05492348
    0.06187245
    0.06677654
    0.08297163
    0.07612188
