           1           2   1.44178508361222     
           2           3   1.42850507695604     
           1           4  0.104145894175302     
           3           4   1.43677545186257     
           2           5  0.116132720640192     
           4           5   1.43677422598668     
           1           6   1.44178676940029     
           3           6  0.116131513292890     
           5           6   1.42850589154042     
           1           7  0.968879896429645     
           2           8  0.969110048829595     
           3           9  0.963838185683727     
           5          10  0.963837763163796     
           6          11  0.969109826538765     
