           1           2   1.01928261343930     
           2           3  0.875580948043955     
           3           4   1.29817746662153     
           4           5   1.54745119518564     
           4           6   1.32866035924333     
           6           7  0.866272536863230     
           7           8   1.02227288713470     
           4           9  0.996249967871767     
           5           9  0.124436653217564     
           9          10  0.980078769956484     
          10          11  0.993138548685047     
          11          12  0.938852125332702     
          11          13  0.136806789390015     
          12          13   1.53749360023111     
          12          14   1.31742462740020     
          14          15  0.890289019128002     
          15          16   1.02108551815362     
          12          17   1.34819018888342     
          17          18  0.864758593969801     
          18          19   1.02459254701760     
           1          20  0.980150950618006     
           1          21  0.974497263952301     
           1          22  0.981952909805684     
           2          23  0.962869040334630     
           2          24  0.971336829646330     
           7          25  0.967057979429166     
           7          26  0.966378706298578     
           8          27  0.982795453459117     
           8          28  0.975010825280713     
           8          29  0.973503643129509     
          10          30  0.956633470328086     
          10          31  0.944720436276806     
          15          32  0.968146746611640     
          15          33  0.963289458836568     
          16          34  0.976682069979565     
          16          35  0.981516884404481     
          16          36  0.973271290896413     
          18          37  0.963688311500843     
          18          38  0.968193364045092     
          19          39  0.981305029283270     
          19          40  0.973747886583418     
          19          41  0.971332528588902     
