           1           2   1.02225686573545     
           2           3  0.884799160551775     
           3           4   1.28132164517881     
           4           5   1.50975608075431     
           4           6   1.33220333109460     
           6           7  0.879467199162717     
           7           8   1.02322705992544     
           4           9   1.00396714847680     
           5           9  0.138091669103348     
           9          10  0.978184800851162     
          10          11  0.984636354265099     
          11          12  0.983806606877154     
          12          13   1.53508879022673     
          12          14   1.30574809186837     
          14          15  0.875652940542999     
          15          16   1.01929413182984     
          12          17   1.32550383558748     
          17          18  0.883127700182277     
          18          19   1.01697955309321     
           1          20  0.982210293812278     
           1          21  0.976340825098217     
           1          22  0.974316069511389     
           2          23  0.964371189571948     
           2          24  0.965913077206064     
           7          25  0.967848884419374     
           7          26  0.963012571811847     
           8          27  0.981977236826813     
           8          28  0.974048188399163     
           8          29  0.975415498159912     
          10          30  0.954552954051245     
          10          31  0.955844854359681     
          15          32  0.966779805220298     
          15          33  0.970701831893515     
          16          34  0.974695691925634     
          16          35  0.981905951357018     
          16          36  0.983519714186267     
          18          37  0.962216520519095     
          18          38  0.966103170325371     
          19          39  0.974933104109219     
          19          40  0.981985537947791     
          19          41  0.983549709204674     
