           1           2   1.02388702554393     
           2           3  0.870410893004466     
           3           4   1.30270977564945     
           4           5   1.49441465927792     
           4           6   1.32372249394455     
           6           7  0.880841685136686     
           7           8   1.02360210219622     
           4           9   1.00584346351706     
           5           9  0.147777819507562     
           9          10  0.985639543918127     
          10          11  0.987495478693500     
          11          12   1.01936129339636     
          11          13  0.134536079232739     
          12          13   1.50060911735602     
          12          14   1.32267031650855     
          14          15  0.884746869234355     
          15          16   1.01797283204566     
          12          17   1.32889061688698     
          17          18  0.874674456107894     
          18          19   1.02075117474902     
           1          20  0.983408295066843     
           1          21  0.974637381085343     
           1          22  0.975491111655992     
           2          23  0.969370576363062     
           2          24  0.964971424106075     
           7          25  0.969286856861839     
           7          26  0.963257256574461     
           8          27  0.982004477692752     
           8          28  0.974695539697252     
           8          29  0.975269637491498     
          10          30  0.941241028549523     
          10          31  0.954840302441911     
          15          32  0.971625223113578     
          15          33  0.966474444917339     
          16          34  0.981702663795882     
          16          35  0.975654235513979     
          16          36  0.983839147420038     
          18          37  0.963954526526631     
          18          38  0.967474716249126     
          19          39  0.979369287321884     
          19          40  0.975283788557409     
          19          41  0.982084170987017     
