   -0.12957180
    0.06335429
   -0.25139077
    0.37243343
   -0.48677504
   -0.10613057
    0.01854097
    0.07290190
    0.37237852
   -0.47750322
   -0.25330256
    0.06851172
   -0.12701989
   -0.11631081
    0.38472441
   -0.45486789
   -0.25847444
    0.00692901
   -0.26471540
    0.01467050
    0.05068207
    0.07644715
    0.07225002
    0.06285736
    0.09528283
    0.12688910
    0.12398058
    0.09457782
    0.05969112
    0.07356794
    0.08022261
    0.05113176
    0.09325496
    0.08021797
    0.11545996
    0.08811637
    0.09906884
    0.10791916
