   -0.13066267
    0.07642578
   -0.25382880
    0.36647997
   -0.46157817
   -0.25676833
    0.07370725
   -0.13005276
   -0.13977512
    0.04170136
   -0.15210797
    0.38234913
   -0.44700875
   -0.25925575
    0.07298538
   -0.12759399
   -0.26563702
    0.07331274
   -0.13240789
    0.07309247
    0.08800567
    0.06576401
    0.07857900
    0.07122714
    0.09527399
    0.06351788
    0.05445102
    0.07374197
    0.08552261
    0.08046849
    0.09038888
    0.06319491
    0.09570578
    0.08603344
    0.07322126
    0.05261558
    0.07040372
    0.08984019
    0.06074881
    0.08680247
    0.07111635
