           1           2   1.01285141631567     
           2           3  0.906487094608168     
           3           4   1.22075868596331     
           3           5  0.164822409779135     
           4           5   1.63292707205340     
           4           6  0.976100669280726     
           6           7   1.00051020280173     
           7           8  0.924905438032650     
           7           9  0.949162963956553     
           9          10   1.69387673987216     
           9          11   1.18064010900336     
          10          11  0.166933001380308     
          11          12  0.904437511660548     
          12          13   1.01411121073726     
           7          14  0.960355112017141     
          14          15  0.989989809352359     
          14          16  0.137609676597635     
          15          16   1.50281303768349     
          15          17   1.33074037128194     
          17          18  0.886965110497795     
          15          19   1.29055382548161     
          19          20  0.911868340384172     
           1          21  0.985776044450263     
           1          22  0.978787545024599     
           1          23  0.983086381626873     
           2          24  0.970586614847505     
           2          25  0.967133046443869     
           6          26  0.941482718218812     
           6          27  0.933762307511061     
          12          28  0.971142991633107     
          12          29  0.968269561799543     
          13          30  0.984968698037135     
          13          31  0.978283899211783     
          13          32  0.983416542502096     
          18          33  0.970468077219107     
          18          34  0.972470228055994     
          18          35  0.977355724755158     
          20          36  0.972832386916747     
          20          37  0.975336281870661     
          20          38  0.977315228731754     
