           1           2   1.02216622206038     
           2           3  0.886761147068324     
           3           4   1.32095214371982     
           4           5   1.51026953855540     
           4           6   1.31233505423597     
           6           7  0.877310761567505     
           7           8   1.01839925963993     
           4           9   1.01990873488557     
           5           9  0.135653806706656     
           9          10  0.976716345240524     
          10          11  0.992874914246086     
          11          12  0.968352309556356     
          11          13  0.133656080065783     
          12          13   1.53346205153627     
          12          14   1.36163729208909     
          14          15  0.855993513915134     
          15          16   1.02160498514549     
          12          17   1.32429201982997     
          17          18  0.883650519144928     
          18          19   1.01818472121729     
           1          20  0.981330122693146     
           1          21  0.975726692253121     
           1          22  0.975952525975006     
           2          23  0.967723753257261     
           2          24  0.964638383839408     
           7          25  0.970943099961370     
           7          26  0.969367552987876     
           8          27  0.982569239112069     
           8          28  0.975216610472537     
           8          29  0.982141980611586     
          10          30  0.956529420047089     
          10          31  0.948014156225662     
          15          32  0.969331570740946     
          15          33  0.962575508881017     
          16          34  0.982604858222773     
          16          35  0.972627368303342     
          16          36  0.981310736742415     
          18          37  0.968798852610514     
          18          38  0.970243136136321     
          19          39  0.983294789170813     
          19          40  0.975437355324807     
          19          41  0.981664920092955     
