   -0.12572196
    0.06373249
   -0.25297540
    0.37123923
   -0.47085919
   -0.09737471
    0.01571557
    0.08849290
    0.36774845
   -0.46969534
   -0.24754697
    0.08348843
   -0.13263035
   -0.11551231
    0.38365052
   -0.48346418
   -0.25880060
    0.00953300
   -0.25209807
    0.00676218
    0.07707443
    0.06659464
    0.05035566
    0.06625847
    0.09270058
    0.10000905
    0.12166463
    0.06309147
    0.05674531
    0.07231718
    0.08003619
    0.08157185
    0.09076083
    0.07737421
    0.11441847
    0.11260718
    0.09689461
    0.09584157
