           1           2   1.02342976958626     
           2           3  0.876398554861998     
           3           4   1.32200179817972     
           4           5   1.49816015623047     
           4           6   1.32385306131420     
           6           7  0.885075587274359     
           7           8   1.02268248256903     
           4           9  0.984195319448863     
           5           9  0.135534709221774     
           9          10  0.987550793370773     
          10          11  0.991010801569392     
          11          12  0.946028400005955     
          11          13  0.138374421944709     
          12          13   1.53029532635289     
          12          14   1.35899779177574     
          14          15  0.859061894116629     
          15          16   1.02351562258514     
          12          17   1.33320564404380     
          17          18  0.881624511444763     
          18          19   1.01849671585345     
           1          20  0.975593572652928     
           1          21  0.976026432179492     
           1          22  0.982328439509583     
           2          23  0.964178319624642     
           2          24  0.964559048540391     
           7          25  0.969073474819333     
           7          26  0.962984267043125     
           8          27  0.974284539159228     
           8          28  0.976090884710895     
           8          29  0.981602252071847     
          10          30  0.949522296312658     
          10          31  0.951705743664139     
          15          32  0.964543007523833     
          15          33  0.970129571174532     
          16          34  0.974181979278533     
          16          35  0.975983096116958     
          16          36  0.978932969362755     
          18          37  0.967559448263027     
          18          38  0.970423179676931     
          19          39  0.983243274040402     
          19          40  0.975134701641880     
          19          41  0.981679594177676     
