           1           2   1.02336983727507     
           2           3  0.866411133600541     
           3           4   1.33232492162256     
           4           5   1.52661327597891     
           4           6   1.28092306484619     
           6           7  0.890740454852252     
           7           8   1.02102691302886     
           4           9   1.02222275588308     
           5           9  0.123333406118647     
           9          10  0.984327648838561     
          10          11  0.983704980824399     
          11          12  0.970453894071920     
          11          13  0.136097966007726     
          12          13   1.53251642262477     
          12          14   1.30696562307653     
          14          15  0.891276397088954     
          15          16   1.02077436883491     
          12          17   1.36183772890591     
          17          18  0.863974694694754     
          18          19   1.02399200704768     
           1          20  0.981875804741042     
           1          21  0.976245547061437     
           1          22  0.974586839591674     
           2          23  0.964591209853498     
           2          24  0.963493666409444     
           7          25  0.965298575475225     
           7          26  0.965514873514135     
           8          27  0.977584883668940     
           8          28  0.981780269982047     
           8          29  0.976829227690338     
          10          30  0.940537212311081     
          10          31  0.955207817369415     
          15          32  0.968714894467443     
          15          33  0.964154042464137     
          16          34  0.976493584156819     
          16          35  0.981234031503067     
          16          36  0.976187393983560     
          18          37  0.964636847278051     
          18          38  0.967945456534033     
          19          39  0.970284391745367     
          19          40  0.981146796051791     
          19          41  0.973882235324266     
