           1           2   1.02214497903495     
           2           3  0.878045464993441     
           3           4   1.32469757738481     
           4           5   1.51876608931163     
           4           6   1.32251226848009     
           6           7  0.883290338075299     
           7           8   1.02000335983491     
           4           9   1.01231464672807     
           5           9  0.135001615981191     
           9          10  0.974700688450181     
          10          11  0.996100046331561     
          11          12  0.965839485975509     
          11          13  0.132810594481054     
          12          13   1.53692098509126     
          12          14   1.33295471705563     
          14          15  0.880680185656652     
          15          16   1.01811062253769     
          12          17   1.36039765397240     
          17          18  0.859509800337051     
          18          19   1.02122392936601     
           1          20  0.975894927484137     
           1          21  0.975737517927427     
           1          22  0.981942095287450     
           2          23  0.966817806176467     
           2          24  0.967241160590321     
           7          25  0.969516490460555     
           7          26  0.966685239037670     
           8          27  0.975996179180261     
           8          28  0.982961092427165     
           8          29  0.982104200677078     
          10          30  0.947574644278044     
          10          31  0.958518735143789     
          15          32  0.970248832465034     
          15          33  0.969193176960430     
          16          34  0.975033729190298     
          16          35  0.983134503092721     
          16          36  0.982011251083088     
          18          37  0.968167076738703     
          18          38  0.963948926571340     
          19          39  0.973751575155362     
          19          40  0.980918428871065     
          19          41  0.983226203093805     
