   -0.12914178
    0.07081253
   -0.27614172
    0.38528869
   -0.45017083
   -0.27091333
    0.08489198
   -0.12325253
   -0.13410986
    0.03799790
   -0.13816346
    0.37671797
   -0.46955559
   -0.25646892
    0.08288989
   -0.13357218
   -0.25470813
    0.08322804
   -0.12656464
    0.06928465
    0.05758322
    0.08813850
    0.07017591
    0.09645096
    0.08441539
    0.05290484
    0.06501947
    0.08142371
    0.05650145
    0.10525953
    0.09941066
    0.06204473
    0.05930306
    0.08352719
    0.07094496
    0.07654590
    0.06352191
    0.08570716
    0.07259960
    0.05480444
    0.08536872
