$coord
         -6.212389841922          1.428752890100         -0.789123197773     c 
         -4.255012057207          2.872995759115          0.178524357037     c 
         -2.049515693286          1.721895514747          0.979606550743     c 
         -1.775101387010         -0.884527783563          0.812319319617     c 
         -3.738757788647         -2.319688097520         -0.167210934763     c 
         -5.951686383122         -1.168560925313         -0.957409649651     c 
          0.649491791276         -2.119205100952          1.678158160840     c 
          2.821271294991         -0.925940269807          0.545603703001     n 
          3.454929326517         -0.992786427935         -1.953787143650     c 
          5.554757698961          0.483982012946         -2.197873331896     c 
          6.214613520808          1.461458967643          0.088485583640     n 
          4.532879319682          0.586867090434          1.676775545873     c 
         -7.933764153811          2.327829974969         -1.412498356600     h 
         -4.446713581381          4.899469192421          0.312003573812     h 
         -0.521859903806          2.852421037140          1.728085506169     h 
         -3.541525258285         -4.346102805703         -0.309541729741     h 
         -7.469611963485         -2.301588389494         -1.714196211682     h 
          0.835418203534         -1.949760611973          3.729605676933     h 
          0.638179773447         -4.123598693186          1.175580461262     h 
          2.389253868732         -2.052190484905         -3.305865603522     h 
          6.635882480664          0.907190390419         -3.856437763407     h 
          4.514677815521          0.995125007450          3.660096172311     h 
$end
