           1           2   1.02115998718834     
           2           3  0.865553673875192     
           3           4   1.35096470981847     
           4           5   1.54723853935442     
           4           6   1.32387595631268     
           6           7  0.889999935354734     
           7           8   1.02122482428275     
           4           9  0.960835168865878     
           5           9  0.140551767590034     
           9          10  0.972637852878811     
          10          11  0.999318277695501     
          11          12  0.946444614962345     
          11          13  0.135253759535398     
          12          13   1.53117425396423     
          12          14   1.34868067578030     
          14          15  0.859921212650685     
          15          16   1.02339153007973     
          12          17   1.32920036608985     
          17          18  0.886899714086114     
          18          19   1.02272424298805     
           1          20  0.983060931756570     
           1          21  0.981037570517813     
           1          22  0.974512673718310     
           2          23  0.963590802084124     
           2          24  0.966836878610593     
           7          25  0.965397051065454     
           7          26  0.964704533418938     
           8          27  0.980219926383991     
           8          28  0.977435881809840     
           8          29  0.983183878674464     
          10          30  0.963218918369540     
          10          31  0.946785728105016     
          15          32  0.964309628138584     
          15          33  0.970432352400817     
          16          34  0.981414551858187     
          16          35  0.973892745893274     
          16          36  0.976297429298675     
          18          37  0.963943830188413     
          18          38  0.969613749335963     
          19          39  0.980287755125040     
          19          40  0.975758361881085     
          19          41  0.975797959928315     
