   -0.13672897
    0.07398503
   -0.24803396
    0.37133746
   -0.47619318
   -0.10345842
    0.01702965
    0.09800343
    0.37396727
   -0.44287365
   -0.24763880
    0.06874198
   -0.12321576
   -0.12203494
    0.35540788
   -0.47583812
   -0.27602619
    0.01668555
   -0.25046180
    0.01192957
    0.07808898
    0.07413163
    0.07366316
    0.06396467
    0.06259054
    0.10655414
    0.12735605
    0.07393458
    0.09868373
    0.06623505
    0.04696913
    0.08468231
    0.07167785
    0.10638896
    0.08537743
    0.11287687
    0.08890702
    0.09333388
