           1           2   1.02259341659098     
           2           3  0.880753659529595     
           3           4   1.32926978634322     
           4           5   1.50666026825084     
           4           6   1.31781448251238     
           6           7  0.881289510251047     
           7           8   1.02264485179217     
           4           9  0.990516446716566     
           5           9  0.135265835296725     
           9          10  0.988504317022639     
          10          11  0.981285042615942     
          11          12  0.970491515567702     
          11          13  0.134091545975096     
          12          13   1.50786835826198     
          12          14   1.34159907196673     
          14          15  0.870328182487793     
          15          16   1.02123263952457     
          12          17   1.31017341959040     
          17          18  0.891849746042562     
          18          19   1.02195609508793     
           1          20  0.973599234708446     
           1          21  0.981848712888550     
           1          22  0.975591807410799     
           2          23  0.963623382174324     
           2          24  0.968631608175848     
           7          25  0.966619514287569     
           7          26  0.966285560104571     
           8          27  0.976058759843327     
           8          28  0.982838262435975     
           8          29  0.974655296271387     
          10          30  0.956639727645888     
          10          31  0.949714061002117     
          15          32  0.961155872252699     
          15          33  0.968559354288982     
          16          34  0.978903751557659     
          16          35  0.973727124156634     
          16          36  0.982072951019854     
          18          37  0.964244561240779     
          18          38  0.966040804746387     
          19          39  0.981859059263597     
          19          40  0.975932033099572     
          19          41  0.971960118852750     
