   -0.13061095
    0.07378067
   -0.26036365
    0.38462214
   -0.47123759
   -0.26970400
    0.07948815
   -0.12277883
   -0.12687601
    0.03424651
   -0.12850451
    0.37424212
   -0.46477916
   -0.26763611
    0.07502966
   -0.12862068
   -0.26646471
    0.08536540
   -0.12288747
    0.05570978
    0.08619566
    0.07093535
    0.06629035
    0.09237282
    0.08593424
    0.06919230
    0.08294393
    0.05526384
    0.06322358
    0.10647240
    0.10553784
    0.06599137
    0.09092050
    0.06831083
    0.05512595
    0.08647897
    0.08338885
    0.05578927
    0.06068483
    0.06264697
    0.08427940
