           1           2   1.02280888161323     
           2           3  0.887175952621744     
           3           4   1.32799131405961     
           4           5   1.50256588636701     
           4           6   1.31650748878543     
           6           7  0.873407715599119     
           7           8   1.02286082925196     
           4           9  0.979496787688183     
           5           9  0.139174233079225     
           9          10  0.988824497067845     
          10          11  0.983255910940234     
          11          12  0.994218469751789     
          11          13  0.134238690771244     
          12          13   1.51363138267453     
          12          14   1.32004385460048     
          14          15  0.887375630324578     
          15          16   1.02244209034910     
          12          17   1.31708108483316     
          17          18  0.874805462722389     
          18          19   1.02146072834569     
           1          20  0.975569169141932     
           1          21  0.975866457561546     
           1          22  0.981760593645291     
           2          23  0.966856268417714     
           2          24  0.964591724855468     
           7          25  0.965646499801055     
           7          26  0.970616681547468     
           8          27  0.975820655035469     
           8          28  0.976316766720784     
           8          29  0.983016962924619     
          10          30  0.954485885999718     
          10          31  0.953547979953187     
          15          32  0.967235775252568     
          15          33  0.964911155938250     
          16          34  0.982035498811403     
          16          35  0.975401778291702     
          16          36  0.976039161382344     
          18          37  0.966925821281854     
          18          38  0.968394448199477     
          19          39  0.981528763474060     
          19          40  0.982608464603219     
          19          41  0.975567607973072     
