   -0.12556758
    0.07636626
   -0.26901256
    0.38595917
   -0.44954838
   -0.26613310
    0.08198009
   -0.13307086
   -0.15612918
    0.04484252
   -0.14504487
    0.37661171
   -0.46959858
   -0.25545447
    0.07075816
   -0.12798029
   -0.24946868
    0.08010463
   -0.13472227
    0.08344598
    0.05163499
    0.07158809
    0.09288360
    0.06402407
    0.06540201
    0.06953924
    0.07192676
    0.08816943
    0.07318387
    0.08922103
    0.08958979
    0.09607054
    0.07799305
    0.08936788
    0.06432842
    0.06409967
    0.05884535
    0.06976777
    0.07934680
    0.06993535
    0.08474458
