           1           2   1.01313492419285     
           2           3  0.906977462147409     
           3           4   1.19291677195181     
           3           5  0.180585368133083     
           4           5   1.70606107071356     
           4           6  0.956141785423177     
           6           7  0.972135672764001     
           7           8  0.928712348316618     
           7           9  0.957245425311454     
           9          10   1.62956848964776     
           9          11   1.24351811817535     
          10          11  0.165224601866329     
          11          12  0.887117701143387     
          12          13   1.01258029704377     
           7          14  0.971915745657101     
          10          15  0.186967127553702     
          14          15  0.987534042477748     
          14          16  0.126721823524466     
          15          16   1.46530190178568     
          15          17   1.30709364283082     
          17          18  0.912508513820446     
          15          19   1.25680572868058     
          19          20  0.917855744538364     
           1          21  0.978413628257595     
           1          22  0.984021712065210     
           1          23  0.983999330820241     
           2          24  0.969950534043179     
           2          25  0.966401395870795     
           6          26  0.967972547405237     
           6          27  0.944967117675733     
          12          28  0.970162022317487     
          12          29  0.964854346628057     
          13          30  0.984423191774068     
          13          31  0.975815164613424     
          13          32  0.982236638420884     
          18          33  0.978014552934516     
          18          34  0.974401123001333     
          18          35  0.971909679685963     
          20          36  0.979413376150689     
          20          37  0.974506606655099     
          20          38  0.974578002358117     
