$coord
         -2.774604082760          0.000270513703         -0.445161321180     c 
         -1.376690069978          2.363467310179          0.448138017117     c 
          1.378540117540          2.265747973940         -0.444104404260     c 
          2.699573548947         -0.000272410421          0.375296229471     n 
          1.378001245367         -2.266057305637         -0.444089558572     c 
         -1.377181940698         -2.363161419861          0.448159368186     c 
         -2.859929324438          0.000256651429         -2.508208808897     h 
         -4.709259363110          0.000530896774          0.273207163891     h 
         -2.288827467945          4.059739111805         -0.286483929978     h 
         -1.422216102597          2.452929224321          2.511986047549     h 
          1.433959037280          2.294528845967         -2.511560574428     h 
          2.421871425087          3.904832898337          0.253089246692     h 
          2.799062804399         -0.000259494144          2.293910889708     h 
          1.433459514303         -2.294821618563         -2.511551170018     h 
          2.421150106677         -3.905353636700          0.253035293127     h 
         -2.289607042827         -4.059228029942         -0.286493188313     h 
         -1.422656721682         -2.452551848883          2.511965870567     h 
$end
