           1           2   1.00920158068570     
           2           3   1.00500806648019     
           3           4   1.01464559529730     
           4           5   1.01464542817153     
           1           6   1.00920157090254     
           5           6   1.00500884593356     
           1           7  0.977410412576129     
           1           8  0.977395931226522     
           2           9  0.976748050543547     
           2          10  0.977006090542966     
           3          11  0.975776350155887     
           3          12  0.965433061857370     
           4          13  0.954032683847362     
           5          14  0.975775623868767     
           5          15  0.965434237071264     
           6          16  0.976747901928285     
           6          17  0.977005950493590     
