   -0.11806268
    0.06731369
   -0.23630953
    0.37914831
   -0.45336468
   -0.10264014
    0.00140313
    0.13746757
    0.36711535
   -0.46340518
   -0.24934540
    0.07774302
   -0.13415226
   -0.12054602
    0.34730330
   -0.47296500
   -0.29259346
    0.02670798
   -0.25926355
    0.01601356
    0.04187657
    0.07512108
    0.06968629
    0.06197345
    0.09758213
    0.12943647
    0.11640407
    0.06359052
    0.06570291
    0.07840564
    0.06992721
    0.08185712
    0.10274088
    0.07673606
    0.06670758
    0.08746879
    0.08886762
    0.10834758
