           1           2   1.02206970880305     
           2           3  0.862384348559283     
           3           4   1.33062503229039     
           4           5   1.50434531441750     
           4           6   1.29536771669060     
           6           7  0.897107154456285     
           7           8   1.02204862383091     
           4           9  0.929373490253881     
           5           9  0.141983708320211     
           9          10  0.999075712094577     
          10          11  0.967188133918213     
          11          12   1.01385462842193     
          12          13   1.55160363131556     
          12          14   1.27137123723690     
          14          15  0.883253854778854     
          15          16   1.02099650736410     
          12          17   1.32739882232879     
          17          18  0.872130040462402     
          18          19   1.02057246840059     
           1          20  0.973418642327748     
           1          21  0.983213783622922     
           1          22  0.981300855992065     
           2          23  0.966763976376840     
           2          24  0.967284511999864     
           7          25  0.964102959000253     
           7          26  0.967297274283351     
           8          27  0.971629722556636     
           8          28  0.980733137370441     
           8          29  0.976034458008654     
          10          30  0.946173603986371     
          10          31  0.953533857365439     
          15          32  0.966085618341462     
          15          33  0.965534828187109     
          16          34  0.975662641311168     
          16          35  0.981308205645588     
          16          36  0.974919936048471     
          18          37  0.966781677163350     
          18          38  0.962370723814011     
          19          39  0.983568146973929     
          19          40  0.982598552885759     
          19          41  0.975091054774867     
