           1           2   1.02267663168720     
           2           3  0.874437359956227     
           3           4   1.31619212473444     
           4           5   1.50973346231914     
           4           6   1.32399432961117     
           6           7  0.879154136976202     
           7           8   1.02006012004575     
           4           9  0.977794316064681     
           5           9  0.137257253823615     
           9          10  0.989137448011620     
          10          11  0.987352350613979     
          11          12  0.969329790523642     
          11          13  0.136350234456241     
          12          13   1.50806649881043     
          12          14   1.33197786010526     
          14          15  0.883487230870448     
          15          16   1.02103277707504     
          12          17   1.32043332472868     
          17          18  0.881926831889932     
          18          19   1.02222499468925     
           1          20  0.975124886270008     
           1          21  0.975682941837934     
           1          22  0.982903921556246     
           2          23  0.969423142164001     
           2          24  0.964661362456628     
           7          25  0.970208469754069     
           7          26  0.964248160125296     
           8          27  0.974913010292910     
           8          28  0.976369314400649     
           8          29  0.982138146889273     
          10          30  0.953196622945914     
          10          31  0.952633614532717     
          15          32  0.963427796615557     
          15          33  0.967243233768288     
          16          34  0.976380425380326     
          16          35  0.979058962937824     
          16          36  0.983051452232030     
          18          37  0.965460521929964     
          18          38  0.965957977072993     
          19          39  0.976089442169393     
          19          40  0.982346701300595     
          19          41  0.976688002726476     
