   -0.13051046
    0.06667423
   -0.26273346
    0.37356061
   -0.46065408
   -0.09688798
    0.00370731
    0.13035101
    0.37517849
   -0.46119619
   -0.25402680
    0.07391716
   -0.12812985
   -0.11096425
    0.36774068
   -0.48148489
   -0.25430287
    0.01241626
   -0.27197188
    0.01376381
    0.07525041
    0.05589896
    0.06978392
    0.08717762
    0.06332581
    0.08621783
    0.12421712
    0.06227995
    0.08785945
    0.07073813
    0.06037231
    0.08303218
    0.09217153
    0.09075082
    0.11231822
    0.10971229
    0.07531278
    0.08913381
