   -0.12716787
    0.07290012
   -0.27550376
    0.37309719
   -0.45922717
   -0.10651836
    0.01052472
    0.10672214
    0.37921955
   -0.44603063
   -0.24219308
    0.06610041
   -0.12552260
   -0.11995763
    0.35484823
   -0.47627054
   -0.28314182
    0.01789150
   -0.25317466
    0.02037185
    0.06166571
    0.06110790
    0.07854279
    0.06848614
    0.07617090
    0.12831278
    0.13029103
    0.06788046
    0.09838923
    0.07220648
    0.04809573
    0.08021153
    0.07241090
    0.10386368
    0.08407639
    0.11182402
    0.08222072
    0.08727600
