           1           2   1.01847736746914     
           2           3  0.883643933227188     
           3           4   1.30997116930335     
           4           5   1.56698255092162     
           4           6   1.34585414153259     
           6           7  0.862136024089328     
           7           8   1.02005000573368     
           4           9  0.944849350304734     
           5           9  0.130706312030991     
           9          10  0.989305106244612     
          10          11  0.985410711793900     
          11          12  0.973648094142337     
          11          13  0.136481074822949     
          12          13   1.52202034295480     
          12          14   1.33016984874176     
          14          15  0.876033564821878     
          15          16   1.02233732394823     
          12          17   1.32526399315644     
          17          18  0.884254621416194     
          18          19   1.02012348421073     
           1          20  0.983248767944707     
           1          21  0.982692336538458     
           1          22  0.975659773168167     
           2          23  0.967358990607559     
           2          24  0.963896365757705     
           7          25  0.966063344486959     
           7          26  0.969688501690294     
           8          27  0.981764315667212     
           8          28  0.982719885397375     
           8          29  0.972892599970623     
          10          30  0.955333194968104     
          10          31  0.955366040883491     
          15          32  0.966354744984848     
          15          33  0.965121687920699     
          16          34  0.982338061453375     
          16          35  0.975216859878177     
          16          36  0.977977641172930     
          18          37  0.968764283271624     
          18          38  0.966713710851513     
          19          39  0.982821894167436     
          19          40  0.981577593927708     
          19          41  0.976224828738035     
