$coord
         -5.340306715561         -0.116763258497         -1.344672719119     c 
         -2.617207673096          0.341809263497         -0.500250059309     c 
         -2.486534994531          2.661629237054          1.213309574187     c 
         -1.614911040962         -2.037457277926          0.817952654655     c 
          1.176113641013         -1.916902619927          1.531435360620     c 
          2.723543425505         -1.731379664727         -0.704481615858     o 
          3.925345684733          0.373132526141         -1.156930374710     c 
          3.959249237203          2.254027350306          0.129541364457     o 
         -5.453313589666         -1.746576875960         -2.590723497642     h 
         -6.062979704192          1.520279525428         -2.353140330520     h 
         -6.541539076528         -0.456834572219          0.287434635986     h 
         -1.462426320625          0.702245128220         -2.183735179021     h 
         -3.411283950486          4.258050462146          0.308212676221     h 
         -0.540142339450          3.204207901526          1.590470456535     h 
         -3.431844351362          2.290848222201          3.000180714115     h 
         -1.889573159096         -3.655930960072         -0.430304281405     h 
         -2.686766825355         -2.361739237434          2.548007689522     h 
          1.584437794436         -0.306226090290          2.755108648660     h 
          1.751143064991         -3.667917404274          2.457431895505     h 
          4.973212718362          0.199965219594         -2.945847349903     h 
$end
