           1           2   1.00976698008201     
           2           3   1.00855292845459     
           2           4  0.993090220717374     
           4           5   1.00543018922036     
           5           6  0.906012189825737     
           6           7   1.23019833876989     
           6           8  0.197622637251399     
           7           8   1.73610898742585     
           1           9  0.985298292044257     
           1          10  0.985198124647729     
           1          11  0.985916705665724     
           2          12  0.968347502742637     
           3          13  0.986062550109735     
           3          14  0.986271959211209     
           3          15  0.985486364853888     
           4          16  0.973603304933050     
           4          17  0.971653062971809     
           5          18  0.966337863730495     
           5          19  0.965565154631302     
           7          20  0.914879371271975     
