   -0.12133866
    0.08700005
   -0.25888896
    0.37508780
   -0.45871679
   -0.25850789
    0.07595741
   -0.13039927
   -0.14725658
    0.03013774
   -0.14492880
    0.37326029
   -0.45729297
   -0.26994133
    0.07709414
   -0.13288148
   -0.26439966
    0.07712328
   -0.13318399
    0.05546690
    0.06776186
    0.07595894
    0.08557243
    0.04826511
    0.08976217
    0.06383189
    0.08713561
    0.05916876
    0.07238922
    0.11538647
    0.12101357
    0.07009865
    0.07303682
    0.06864287
    0.08662700
    0.07171069
    0.08735096
    0.06065140
    0.07458363
    0.08599649
    0.06166423
