   -0.12905310
    0.07632037
   -0.26177608
    0.36323834
   -0.48205688
   -0.26776434
    0.07104617
   -0.12565535
   -0.12003638
    0.03254194
   -0.15437398
    0.35103955
   -0.44713704
   -0.25624486
    0.08699126
   -0.12978925
   -0.26571783
    0.07079150
   -0.12698685
    0.06803369
    0.06388790
    0.08716122
    0.08450778
    0.07271993
    0.07852542
    0.09625410
    0.08807416
    0.06309386
    0.05630276
    0.13196209
    0.08608503
    0.06373735
    0.07711377
    0.06790929
    0.08703037
    0.06786741
    0.07406315
    0.09388581
    0.05483587
    0.08753471
    0.06403716
