           1           2   1.02095147122357     
           2           3  0.861653145894742     
           3           4   1.36366309028178     
           4           5   1.51804237639830     
           4           6   1.32761366480800     
           6           7  0.880226683051994     
           7           8   1.02387609488385     
           4           9  0.970828134952564     
           5           9  0.136965631560559     
           9          10  0.988271980542772     
          10          11  0.982039838299216     
          11          12  0.969136012092580     
          11          13  0.139750263579890     
          12          13   1.53465407217869     
          12          14   1.36159281228713     
          14          15  0.866253986570945     
          15          16   1.02018856764820     
          12          17   1.31477886697520     
          17          18  0.884236832499067     
          18          19   1.02265037642627     
           1          20  0.979686564113176     
           1          21  0.981309017337544     
           1          22  0.974025017019845     
           2          23  0.966412797532467     
           2          24  0.969257976652518     
           7          25  0.966327140211235     
           7          26  0.963241598557836     
           8          27  0.975167918478308     
           8          28  0.982415215532018     
           8          29  0.973297240244336     
          10          30  0.954164258806814     
          10          31  0.935780237156499     
          15          32  0.964260615996350     
          15          33  0.968403519273873     
          16          34  0.981086373150732     
          16          35  0.974689700574946     
          16          36  0.983291663451503     
          18          37  0.966333646633690     
          18          38  0.963320878585139     
          19          39  0.974873891344837     
          19          40  0.975746720173730     
          19          41  0.982721370257634     
