   -0.13747511
    0.07589212
   -0.22711963
    0.37545565
   -0.43786764
   -0.10695570
   -0.00164753
    0.14401785
    0.37239937
   -0.47157748
   -0.24861394
    0.07277467
   -0.12670567
   -0.10629652
    0.34117301
   -0.48710827
   -0.26819551
    0.04243872
   -0.29839778
    0.03176010
    0.08018947
    0.07416603
    0.08013427
    0.06978515
    0.06183227
    0.13901202
    0.13483202
    0.06294036
    0.08309534
    0.05395941
    0.08068107
    0.07641523
    0.09435282
    0.06994692
    0.07032828
    0.06820377
    0.06541546
    0.09675940
