$coord
         -6.792588244816         -0.042597803617         -0.472848656044     c 
         -4.231711775748         -0.609563714435          0.717661610403     c 
         -2.135799636969          1.005171073111         -0.436569152083     c 
          0.451319830334          0.478971847354          0.728519997817     c 
          1.501668159739         -2.169228294504          0.104700948601     c 
          4.298164698914         -1.805553286247         -0.602346828925     c 
          4.946814727451          0.874911777010          0.256001243893     c 
          2.493111957985          2.309308951031         -0.208424107831     c 
         -7.288834997558          1.934101977473         -0.204987289703     h 
         -6.748882867529         -0.429323935991         -2.491205369256     h 
         -8.258987025633         -1.202481805624          0.378966687079     h 
         -4.324290635618         -0.248840847772          2.748139173441     h 
         -3.784480379788         -2.606566668794          0.458930342736     h 
         -2.049350827736          0.662866177394         -2.471419488245     h 
         -2.597843827227          2.999326108609         -0.158844654814     h 
          0.291929115208          0.674675276485          2.782411091512     h 
          1.306977927018         -3.425881341916          1.723821734895     h 
          0.465324649438         -3.009029621379         -1.464388653435     h 
          5.510783596975         -3.217533964517          0.275562591068     h 
          4.535125054315         -1.947442103049         -2.644821618374     h 
          5.393381720522          0.889354390814          2.269159262815     h 
          6.543800134760          1.666456977951         -0.772670668048     h 
          2.425747364881          4.120112488772          0.767379020784     h 
          2.251991735057          2.646604129777         -2.229164729981     h 
$end
