           1           2   1.02106728603620     
           2           3  0.883052632784655     
           3           4   1.34011515891381     
           4           5   1.54582564793582     
           4           6   1.35642583916093     
           6           7  0.864485006417818     
           7           8   1.02154362891145     
           4           9  0.931378965495589     
           5           9  0.141393054987868     
           9          10  0.996177195454583     
          10          11  0.970426155229108     
          11          12  0.996716206007545     
          11          13  0.139292585178261     
          12          13   1.48801957992065     
          12          14   1.31897414472181     
          14          15  0.891731059806313     
          15          16   1.02262039902542     
          12          17   1.33779152322945     
          17          18  0.870790080900198     
          18          19   1.02175560924115     
           1          20  0.983232232838189     
           1          21  0.976694952406559     
           1          22  0.980836696151298     
           2          23  0.965780724163058     
           2          24  0.966770335005329     
           7          25  0.967162948620563     
           7          26  0.964325821185883     
           8          27  0.981017265132879     
           8          28  0.983377918820441     
           8          29  0.974420193141906     
          10          30  0.957216820963720     
          10          31  0.956193313966755     
          15          32  0.966832938220625     
          15          33  0.964768727354291     
          16          34  0.981867756307179     
          16          35  0.973222100882910     
          16          36  0.976398912475463     
          18          37  0.965952678025802     
          18          38  0.968126695552367     
          19          39  0.980915975029074     
          19          40  0.982491446561491     
          19          41  0.974862754693797     
