   -0.12965278
    0.07103983
   -0.27599279
    0.38892727
   -0.45401219
   -0.26897961
    0.08292922
   -0.12593402
   -0.13668450
    0.03934906
   -0.12930857
    0.38936111
   -0.45659870
   -0.26985206
    0.07549648
   -0.13523133
   -0.27158974
    0.08224925
   -0.12592032
    0.05898181
    0.08729591
    0.06985346
    0.06914207
    0.09555783
    0.08603656
    0.05211559
    0.06579662
    0.08424808
    0.05865611
    0.09370515
    0.09401664
    0.09123937
    0.06636248
    0.07177880
    0.08990338
    0.06410632
    0.06243727
    0.08460184
    0.06911907
    0.05227851
    0.08317151
