           1           2   1.01766574829606     
           2           3  0.886718301150295     
           3           4   1.31657480944922     
           4           5   1.51154550280347     
           4           6   1.31809473609414     
           6           7  0.875948620058491     
           7           8   1.02293159478996     
           4           9   1.01343615980986     
           5           9  0.135739763265471     
           9          10  0.980407785441969     
          10          11  0.988781554207859     
          11          12   1.01657878765175     
          11          13  0.134204693241839     
          12          13   1.48914537624446     
          12          14   1.31985610239749     
          14          15  0.873326582646860     
          15          16   1.01956579581328     
          12          17   1.32604732038416     
          17          18  0.886076398747853     
          18          19   1.02276730579607     
           1          20  0.975869615341116     
           1          21  0.983545998096040     
           1          22  0.982108467176974     
           2          23  0.970857461125238     
           2          24  0.966818773260403     
           7          25  0.967563744663036     
           7          26  0.965238381813408     
           8          27  0.973908389910497     
           8          28  0.975510408976238     
           8          29  0.980927573314562     
          10          30  0.955109451310525     
          10          31  0.945059587426411     
          15          32  0.965295956660701     
          15          33  0.970835918730159     
          16          34  0.981715556432026     
          16          35  0.974745480824150     
          16          36  0.981668883159716     
          18          37  0.964374345241321     
          18          38  0.967679495930103     
          19          39  0.981140739841441     
          19          40  0.975645566668203     
          19          41  0.975036781211729     
