           1           2   1.02228297906162     
           2           3  0.889249566688646     
           3           4   1.31007837256659     
           4           5   1.53404539926285     
           4           6   1.31976069184225     
           6           7  0.869048218658934     
           7           8   1.02392095942803     
           4           9  0.983030020661997     
           5           9  0.106408025338133     
           9          10  0.986976013526006     
          10          11  0.977863004574927     
          11          12   1.00956879623928     
          11          13  0.133839297991877     
          12          13   1.51260743394225     
          12          14   1.31162682324374     
          14          15  0.882264737995370     
          15          16   1.02208353237806     
          12          17   1.32724899836381     
          17          18  0.882374779766429     
          18          19   1.01831428656026     
           1          20  0.976152165989750     
           1          21  0.982328680515998     
           1          22  0.975584692999297     
           2          23  0.966219361271964     
           2          24  0.963259598567201     
           7          25  0.965102219851960     
           7          26  0.970130059126254     
           8          27  0.975043816898426     
           8          28  0.974223904888708     
           8          29  0.982800531087768     
          10          30  0.953540302124489     
          10          31  0.954503318949705     
          15          32  0.967217499812917     
          15          33  0.967154271158701     
          16          34  0.976104151321575     
          16          35  0.975454931792863     
          16          36  0.982198840553200     
          18          37  0.966668668060760     
          18          38  0.971280166665713     
          19          39  0.983622215676812     
          19          40  0.975450955584092     
          19          41  0.982076961052388     
