   -0.12916575
    0.07444362
   -0.26450367
    0.36577503
   -0.46896627
   -0.26779596
    0.09226340
   -0.12693496
   -0.12554480
    0.03287766
   -0.10120753
    0.37752658
   -0.48321629
   -0.26396309
    0.08146686
   -0.12481435
   -0.25902600
    0.07491602
   -0.13026118
    0.08645772
    0.07180815
    0.05426655
    0.06546505
    0.09266728
    0.06149089
    0.05447468
    0.07533187
    0.08647712
    0.06370158
    0.12427005
    0.08342712
    0.08890626
    0.05997379
    0.07099361
    0.08457421
    0.05252913
    0.09442792
    0.06329270
    0.08569264
    0.05351839
    0.07238396
