           1           2   1.01877978847067     
           2           3  0.906446473652979     
           3           4   1.19155262700163     
           3           5  0.179940744781356     
           4           5   1.70515516153826     
           4           6  0.954697521675532     
           6           7  0.962802205557812     
           7           8  0.955514930505881     
           7           9  0.953405548374888     
           9          10   1.69369469953322     
           9          11   1.18808360311426     
          10          11  0.171395289831399     
          11          12  0.896409778494599     
          12          13   1.01268400966599     
           7          14  0.955139719269487     
          14          15  0.973806299263657     
          14          16  0.129959427753580     
          15          16   1.51927896443618     
          15          17   1.29877775770244     
          17          18  0.911508613896657     
          15          19   1.33886903623720     
          19          20  0.882549022335759     
           1          21  0.983019347882736     
           1          22  0.978511629318364     
           1          23  0.982810960342352     
           2          24  0.968782412292219     
           2          25  0.966580594511816     
           6          26  0.967555012720199     
           6          27  0.952023458706688     
          12          28  0.970685185082773     
          12          29  0.967546611936924     
          13          30  0.982599315010340     
          13          31  0.984162098894779     
          13          32  0.977484447608247     
          18          33  0.976602702062110     
          18          34  0.971314509289383     
          18          35  0.975671287060004     
          20          36  0.971011178991604     
          20          37  0.977022990041708     
          20          38  0.970747873805918     
