   -0.13712303
    0.06858641
   -0.24133724
    0.37135619
   -0.48217783
   -0.10769430
    0.01295518
    0.10665418
    0.38361677
   -0.45505431
   -0.24370701
    0.06824674
   -0.12627074
   -0.12408188
    0.34462963
   -0.47599119
   -0.28406122
    0.01719944
   -0.25470135
    0.02187565
    0.07827147
    0.07809641
    0.06909424
    0.07614104
    0.06336230
    0.13136526
    0.13319503
    0.09523134
    0.06123512
    0.07155123
    0.07992142
    0.05699633
    0.10466179
    0.08585486
    0.07330337
    0.11022720
    0.08086905
    0.08770243
