$coord
         -1.972363325287         -5.510364722399          0.001914477391     c 
         -1.910229021746         -2.677500125194         -0.000070929163     c 
         -4.116076968991         -1.323369723975         -0.000872302034     c 
         -4.116120065137          1.323221618971         -0.001073564083     c 
         -1.910320806869          2.677436173089          0.000028431872     c 
          0.422681680615          1.344709987160          0.000332737276     c 
          0.422726344099         -1.344702539750         -0.000250459742     c 
          2.767583814921         -2.618019944961         -0.001322933264     c 
          5.002484649662         -1.323302678199         -0.001201098475     c 
          5.002452532824          1.323482958999          0.000610911739     c 
          2.767488511506          2.618106071867          0.001154114219     c 
         -1.972578799777          5.510312035139          0.000322518205     c 
         -1.029648059896         -6.258111151073          1.671463996015     h 
         -3.915626223243         -6.175821188915          0.000241962022     h 
         -1.025703733188         -6.261271181607         -1.663905459203     h 
         -5.908007538344         -2.303930669470         -0.000998550845     h 
         -5.908096531208          2.303701596890         -0.001936672600     h 
          2.792317880213         -4.655793507642         -0.002332197155     h 
          6.776899008283         -2.332232467434         -0.002087568729     h 
          6.776843025341          2.332455045971          0.001588563915     h 
          2.792174967798          4.655887668151          0.002192439637     h 
         -1.025359738436          6.259700863752          1.666469310492     h 
         -1.030465211978          6.259585950840         -1.668844505525     h 
         -3.915833415442          6.175720469545          0.003250241138     h 
$end
