           1           2   1.02666311334843     
           2           3   1.52771396166331     
           3           4   1.32420972546979     
           2           5  0.110800414634589     
           4           5   1.52771731236806     
           5           6   1.24458491915300     
           2           7   1.24458737365178     
           6           7   1.25925577314137     
           7           8   1.28765900136195     
           8           9   1.55083414538283     
           9          10   1.32715627939382     
           6          11   1.28765963178849     
           8          11  0.117989146128133     
          10          11   1.55083439996226     
           5          12   1.02665958152299     
           1          13  0.970333425077904     
           1          14  0.984211789418477     
           1          15  0.970351847684535     
           3          16  0.968279046889857     
           4          17  0.968280145700258     
           8          18  0.966074699801702     
           9          19  0.970998166898153     
          10          20  0.970997908133715     
          11          21  0.966074634353479     
          12          22  0.970333163540874     
          12          23  0.970351837263401     
          12          24  0.984212109674638     
