           1           2   1.01641527716999     
           2           3  0.886379066794663     
           3           4   1.31728857719970     
           4           5   1.54348218879532     
           4           6   1.31507754099104     
           6           7  0.875588746093945     
           7           8   1.02363750944155     
           4           9  0.980447643406946     
           9          10  0.986085130643075     
          10          11  0.979485988343770     
          11          12   1.01221583503974     
          11          13  0.135735918053554     
          12          13   1.51173865298974     
          12          14   1.32915591982477     
          14          15  0.882113550273032     
          15          16   1.01856359026822     
          12          17   1.30326616115650     
          17          18  0.874779696322475     
          18          19   1.02276197351115     
           1          20  0.975593150943070     
           1          21  0.983305739538623     
           1          22  0.982089367132686     
           2          23  0.967706625364532     
           2          24  0.964986921046666     
           7          25  0.969191961299416     
           7          26  0.964737706045459     
           8          27  0.981505535501141     
           8          28  0.975248673084094     
           8          29  0.975508533184158     
          10          30  0.955738676804158     
          10          31  0.955639276675331     
          15          32  0.971586964174698     
          15          33  0.965722649664554     
          16          34  0.983689223664040     
          16          35  0.982019430536762     
          16          36  0.975422214159313     
          18          37  0.966362528020865     
          18          38  0.967888790286132     
          19          39  0.975077360981555     
          19          40  0.982196817033541     
          19          41  0.982330310577423     
