           1           2   1.02271473661895     
           2           3  0.888296908063528     
           3           4   1.32149848490247     
           4           5   1.50971799072005     
           4           6   1.31714261668198     
           6           7  0.871296163529684     
           7           8   1.02178578848661     
           4           9  0.991141887639018     
           5           9  0.135331851929861     
           9          10  0.983632397438584     
          10          11  0.990662098164619     
          11          12  0.948176456711572     
          11          13  0.137582904016521     
          12          13   1.53940485675019     
          12          14   1.33298521748185     
          14          15  0.881844853523245     
          15          16   1.02369300777540     
          12          17   1.35027213089222     
          17          18  0.869335494774263     
          18          19   1.02010775616129     
           1          20  0.982319380776115     
           1          21  0.975353795593514     
           1          22  0.976069754653822     
           2          23  0.966837815246545     
           2          24  0.964707787462680     
           7          25  0.965796106755953     
           7          26  0.969208306092838     
           8          27  0.981858204680556     
           8          28  0.974886355230006     
           8          29  0.979849900345073     
          10          30  0.952943852113633     
          10          31  0.953518127302213     
          15          32  0.962650870316284     
          15          33  0.966837676311555     
          16          34  0.974122422782288     
          16          35  0.981977418931888     
          16          36  0.975490377667329     
          18          37  0.968059485528554     
          18          38  0.964515045681616     
          19          39  0.983349679643886     
          19          40  0.974806158316955     
          19          41  0.980827235454024     
