           1           2   1.01927337663721     
           2           3  0.877115510566427     
           3           4   1.33102363141784     
           4           5   1.51007698313512     
           4           6   1.33180378795657     
           6           7  0.881882352577740     
           7           8   1.02213016933784     
           4           9  0.971042037411834     
           5           9  0.139497799053672     
           9          10  0.987946879098381     
          10          11  0.985459488845150     
          11          12  0.981515481447484     
          11          13  0.132015919490277     
          12          13   1.51846261407504     
          12          14   1.31752721199799     
          14          15  0.879921881174994     
          15          16   1.02238289962663     
          12          17   1.32522892170127     
          17          18  0.886459032594407     
          18          19   1.02237742280941     
           1          20  0.982207672697452     
           1          21  0.979587957532809     
           1          22  0.974902294904162     
           2          23  0.964920036031146     
           2          24  0.972344824529899     
           7          25  0.967575215867938     
           7          26  0.962732269848395     
           8          27  0.975744745798552     
           8          28  0.982332520671716     
           8          29  0.976379090906823     
          10          30  0.952760855648268     
          10          31  0.955037775352844     
          15          32  0.966328593920600     
          15          33  0.966424594372479     
          16          34  0.975912683890011     
          16          35  0.977575164547923     
          16          36  0.982355158505885     
          18          37  0.964152883461758     
          18          38  0.967694860601274     
          19          39  0.982159278339417     
          19          40  0.975961381352796     
          19          41  0.977431875474501     
