   -0.12490996
    0.06527305
   -0.25674533
    0.37559948
   -0.48153258
   -0.09344869
    0.00838886
    0.11728762
    0.37211162
   -0.45384179
   -0.25248312
    0.07738332
   -0.12875038
   -0.11889650
    0.38067725
   -0.48029124
   -0.25279404
    0.00509183
   -0.26161804
    0.01076395
    0.05290378
    0.06510070
    0.07601042
    0.08826336
    0.06625124
    0.08645513
    0.11766605
    0.08519105
    0.06041880
    0.07545807
    0.08140522
    0.05444369
    0.11502449
    0.09539079
    0.09437087
    0.07604599
    0.09028134
    0.11205367
