           1           2   1.02254899070586     
           2           3  0.885324636507310     
           3           4   1.32634605145465     
           4           5   1.54819261808664     
           4           6   1.34793593753561     
           6           7  0.863776805212871     
           7           8   1.02088926082944     
           4           9  0.950379256037745     
           5           9  0.134137880916196     
           9          10  0.989129945432118     
          10          11  0.988793456039841     
          11          12  0.948457875815613     
          11          13  0.144901309221666     
          12          13   1.50505088605331     
          12          14   1.31837098011887     
          14          15  0.888942863600412     
          15          16   1.02174034121426     
          12          17   1.32562791131750     
          17          18  0.883966011464278     
          18          19   1.02130153710251     
           1          20  0.975707348886015     
           1          21  0.980556489328446     
           1          22  0.975680756696489     
           2          23  0.969591918149276     
           2          24  0.964156416810319     
           7          25  0.962409088497519     
           7          26  0.969969007659347     
           8          27  0.981131141726684     
           8          28  0.974120084153695     
           8          29  0.982337926033568     
          10          30  0.940107828530894     
          10          31  0.954808068260598     
          15          32  0.968456461151570     
          15          33  0.964545403494929     
          16          34  0.976020024487294     
          16          35  0.976310896412036     
          16          36  0.982028264686959     
          18          37  0.963700281185028     
          18          38  0.966635021560848     
          19          39  0.972914202124267     
          19          40  0.980510924034289     
          19          41  0.975711303924550     
