           1           2   1.01389944821075     
           2           3  0.907906368524472     
           3           4   1.19749749092154     
           3           5  0.175732206091429     
           4           5   1.68330357463951     
           4           6  0.969149274775077     
           6           7   1.00324373365297     
           7           8  0.950450145659659     
           7           9  0.957166802607915     
           9          10   1.67036227166478     
           9          11   1.20045438510473     
          10          11  0.171101906570108     
          11          12  0.902196119689611     
          12          13   1.01348064488408     
           7          14  0.934802823188684     
          14          15  0.961486594783800     
          14          16  0.136782166889525     
          15          16   1.54398004612386     
          15          17   1.30089001491692     
          17          18  0.909427820330929     
          15          19   1.32279037417204     
          19          20  0.885565510056209     
           1          21  0.985877829385788     
           1          22  0.978669666716928     
           1          23  0.983476903481670     
           2          24  0.970404610511375     
           2          25  0.966369943830310     
           6          26  0.937569904357681     
           6          27  0.946523899667328     
          12          28  0.967639560216815     
          12          29  0.970972345092445     
          13          30  0.983113575514778     
          13          31  0.978060259968999     
          13          32  0.984294728246804     
          18          33  0.976196366861993     
          18          34  0.975384137867106     
          18          35  0.971651326181732     
          20          36  0.972033097089918     
          20          37  0.975802128493557     
          20          38  0.971982028492662     
