           1           2   1.02224464818478     
           2           3  0.876240519095564     
           3           4   1.31997248241403     
           4           5   1.49808099226755     
           4           6   1.31241797790314     
           6           7  0.891005594347060     
           7           8   1.02188443863885     
           4           9   1.00479864394040     
           5           9  0.139215609252111     
           9          10  0.972909009468994     
          10          11  0.996450068713372     
          11          12  0.958086272861996     
          11          13  0.136688057343818     
          12          13   1.51188702177931     
          12          14   1.36275335092952     
          14          15  0.861737481807190     
          15          16   1.02410890733858     
          12          17   1.31750162086464     
          17          18  0.887843571421281     
          18          19   1.02167405268192     
           1          20  0.976334113569016     
           1          21  0.983170930613445     
           1          22  0.979213852145676     
           2          23  0.969663134464767     
           2          24  0.964887148075855     
           7          25  0.964620028524298     
           7          26  0.967010002499373     
           8          27  0.981517113605570     
           8          28  0.976509706251014     
           8          29  0.975438939411655     
          10          30  0.946568025372212     
          10          31  0.958964340879971     
          15          32  0.964493595602659     
          15          33  0.970668193002596     
          16          34  0.981432164874253     
          16          35  0.972231868983439     
          16          36  0.968970236440303     
          18          37  0.964399964198598     
          18          38  0.962953577311506     
          19          39  0.977275003730701     
          19          40  0.976907913983414     
          19          41  0.983445740328462     
