   -0.12396628
    0.09358463
   -0.26369119
    0.36116968
   -0.46703727
   -0.26285210
    0.07005233
   -0.12549259
   -0.12855700
    0.03657225
   -0.12792387
    0.37282599
   -0.47638394
   -0.25436446
    0.08204866
   -0.13354944
   -0.25618725
    0.07822081
   -0.13219322
    0.08147984
    0.05520532
    0.07334507
    0.07702008
    0.05111830
    0.07285500
    0.09680631
    0.08665233
    0.06466977
    0.05423107
    0.07589167
    0.12664506
    0.06893147
    0.05584850
    0.08511388
    0.07024892
    0.07800992
    0.08525663
    0.07310656
    0.08841349
    0.06841241
    0.06846270
