           1           2   1.02203281131077     
           2           3  0.882497792897502     
           3           4   1.31243946297554     
           4           5   1.50816884086437     
           4           6   1.32272925462621     
           6           7  0.882029324108597     
           7           8   1.02298440908191     
           4           9   1.01464304450840     
           5           9  0.136720124236732     
           9          10  0.978117363352194     
          10          11  0.993001526176314     
          11          12  0.969037669664252     
          11          13  0.132309903479291     
          12          13   1.53393034913559     
          12          14   1.32779580494379     
          14          15  0.882505457202245     
          15          16   1.01830366084703     
          12          17   1.36180927159443     
          17          18  0.857813265812768     
          18          19   1.02161932225956     
           1          20  0.976475061206593     
           1          21  0.975117114872139     
           1          22  0.982036315818599     
           2          23  0.966688163198967     
           2          24  0.966594862252054     
           7          25  0.968580064516310     
           7          26  0.963180629368659     
           8          27  0.975646245995954     
           8          28  0.982258546556860     
           8          29  0.974815773566209     
          10          30  0.946833304246228     
          10          31  0.957318672906614     
          15          32  0.970051288824253     
          15          33  0.968321758970794     
          16          34  0.975289549843936     
          16          35  0.983173391145405     
          16          36  0.981848470888580     
          18          37  0.967417381928583     
          18          38  0.963391607609067     
          19          39  0.973731107944847     
          19          40  0.980017493926250     
          19          41  0.983355165521474     
