$coord
          6.197494612108          2.015615420247         -0.007634230352     c 
          4.301731995816          0.065098268584          0.000972513445     n 
          4.674147677472         -2.442383112230          0.001677500277     c 
          2.562437549754         -3.772091992388          0.002627658263     n 
          0.708663682752         -2.022308054016          0.001184923177     c 
          1.726988266465          0.403699025918          0.000197032087     c 
          0.178290815255          2.606427774315          0.002259497130     c 
          0.901076844270          4.812208663879          0.005659018114     o 
         -2.381312104379          1.993789822715          0.000027287832     n 
         -3.436454463104         -0.406910507644         -0.000657599119     c 
         -5.732423527232         -0.670533456974         -0.002142112834     o 
         -1.828843352037         -2.432184372208          0.000551244965     n 
         -2.805550198623         -4.993287254445         -0.001081641150     c 
         -4.195306572130          4.063310202710         -0.002066721650     c 
          7.401929581592          1.836309236720          1.651780655125     h 
          7.354108040848          1.868550785988         -1.704219925852     h 
          5.250942630452          3.840664054612          0.021949697536     h 
          6.512934276503         -3.288321205261          0.002291983975     h 
         -2.121461367029         -5.984554402999          1.665140823890     h 
         -2.149976299813         -5.972980791729         -1.685828946618     h 
         -4.857246959932         -4.885147614809          0.015650606755     h 
         -3.131009114413          5.819771875685         -0.003267475817     h 
         -5.388318104599          3.938693092557          1.669573378682     h 
         -5.387576731850          3.935720088010         -1.674023301757     h 
$end
