           1           2   1.01822054388871     
           2           3  0.884620389221691     
           3           4   1.32517758594430     
           4           5   1.50145689798818     
           4           6   1.32360758055383     
           6           7  0.869110732333693     
           7           8   1.02363548833488     
           4           9   1.01756749259482     
           5           9  0.140677986195516     
           9          10  0.977159325051775     
          10          11  0.994085477954026     
          11          12  0.962893060354445     
          11          13  0.136160068696415     
          12          13   1.51104705221205     
          12          14   1.35578334634610     
          14          15  0.859692340886070     
          15          16   1.02244942250942     
          12          17   1.33194158993158     
          17          18  0.881808184469213     
          18          19   1.02393037338986     
           1          20  0.984072821582669     
           1          21  0.982210453360398     
           1          22  0.975589536841048     
           2          23  0.971629302980483     
           2          24  0.964508941176612     
           7          25  0.966054449353360     
           7          26  0.969901980348094     
           8          27  0.974651782959054     
           8          28  0.983109253384068     
           8          29  0.975600429028871     
          10          30  0.957328122876317     
          10          31  0.946276262855885     
          15          32  0.965541966064499     
          15          33  0.970583797449958     
          16          34  0.976676293929689     
          16          35  0.980539810804499     
          16          36  0.973869044897384     
          18          37  0.966224723686552     
          18          38  0.962477386127793     
          19          39  0.982563929972915     
          19          40  0.974684473159116     
          19          41  0.975396597190351     
