   -0.13254502
    0.08222927
   -0.25688390
    0.36943301
   -0.47464243
   -0.26226215
    0.07495311
   -0.12926491
   -0.10439222
    0.04418511
   -0.14704498
    0.37087182
   -0.45264566
   -0.25823364
    0.07313652
   -0.12923084
   -0.26430216
    0.07669968
   -0.12509594
    0.08746305
    0.07681913
    0.06466313
    0.06100303
    0.07206088
    0.09230906
    0.06546654
    0.08610058
    0.05394566
    0.07069998
    0.07726090
    0.09453579
    0.06533875
    0.09613580
    0.08649893
    0.07303438
    0.05564864
    0.06878202
    0.08746570
    0.08555017
    0.06873726
    0.05551596
