   25
          6          1          6
          3          7          9
          6         10         15
          6         16         21
          6         22         27
          6         28         33
          6         34         39
          6         40         45
          6         46         51
          6         52         57
          6         58         63
          6         64         69
          3         70         72
          6         73         78
          5         79         83
          6         84         89
          3         90         92
          1         93         93
          4         94         97
          1         98         98
          1         99         99
          4        100        103
          3        104        106
          1        107        107
          6        108        113
