   -0.12515717
    0.07134297
   -0.23766994
    0.38007328
   -0.48985540
   -0.10121283
    0.00364026
    0.13373456
    0.37414524
   -0.47079897
   -0.26367091
    0.08110608
   -0.13443657
   -0.12366241
    0.37290480
   -0.47734492
   -0.25944946
    0.01739830
   -0.27843700
    0.01568564
    0.07757574
    0.07491796
    0.05009577
    0.05377558
    0.09322938
    0.12217886
    0.13205439
    0.06571162
    0.05460594
    0.08167574
    0.06883396
    0.07845627
    0.10499855
    0.08722658
    0.09408788
    0.07707001
    0.08794292
    0.10722730
