           1           2   1.02181278067074     
           2           3  0.885127130532955     
           3           4   1.31831078865454     
           4           5   1.54498498626729     
           4           6   1.34012227871455     
           6           7  0.865265095463365     
           7           8   1.02074555310049     
           4           9  0.935310293389814     
           5           9  0.137946530184643     
           9          10  0.988469056525920     
          10          11  0.990092184581884     
          11          12  0.952236378876548     
          11          13  0.136717386892179     
          12          13   1.53020385171055     
          12          14   1.36241450619908     
          14          15  0.862352941355582     
          15          16   1.02065680285462     
          12          17   1.33209256404253     
          17          18  0.882369827848992     
          18          19   1.02374173288036     
           1          20  0.979835787066336     
           1          21  0.972996890730663     
           1          22  0.975676998054374     
           2          23  0.968519378981249     
           2          24  0.963100781762750     
           7          25  0.963501832426295     
           7          26  0.969961126737418     
           8          27  0.981821749331378     
           8          28  0.983308937277428     
           8          29  0.973579993526660     
          10          30  0.942662731043694     
          10          31  0.953271840015531     
          15          32  0.969822919636917     
          15          33  0.962563593927427     
          16          34  0.982290544876803     
          16          35  0.973771258905650     
          16          36  0.980520037670945     
          18          37  0.967106971314072     
          18          38  0.962572331044070     
          19          39  0.975698757688708     
          19          40  0.982126867384147     
          19          41  0.974146811074664     
