   -0.12355289
    0.07852915
   -0.25513289
    0.37131464
   -0.48242509
   -0.25897059
    0.07557181
   -0.12625236
   -0.12381152
    0.02539367
   -0.14999146
    0.37809097
   -0.47151822
   -0.27767338
    0.07625226
   -0.13295967
   -0.25586832
    0.07346460
   -0.12578844
    0.07172143
    0.04757762
    0.08194307
    0.05734784
    0.09233048
    0.06323010
    0.09286067
    0.07235795
    0.05121685
    0.08379067
    0.11446627
    0.12751802
    0.08922301
    0.07250792
    0.06518861
    0.08774746
    0.06907148
    0.06528437
    0.09454594
    0.05160298
    0.08418150
    0.06961351
