   -0.12887103
    0.07115925
   -0.27690318
    0.38498943
   -0.45033710
   -0.27145380
    0.08509297
   -0.12334544
   -0.13632131
    0.03630042
   -0.12699245
    0.37851235
   -0.47063615
   -0.25805647
    0.07375445
   -0.12931074
   -0.26073474
    0.08375111
   -0.12605593
    0.06899120
    0.05753897
    0.08777226
    0.06984101
    0.09602301
    0.08381414
    0.05269006
    0.06468161
    0.08105853
    0.05726415
    0.10464176
    0.09973031
    0.06486994
    0.09301688
    0.05385313
    0.08513554
    0.06937909
    0.06258970
    0.08377611
    0.08446178
    0.07079290
    0.05353626
