   -0.13007401
    0.07559406
   -0.26334305
    0.36105275
   -0.46423114
   -0.27078843
    0.07965378
   -0.12635358
   -0.13127572
    0.03409958
   -0.11084467
    0.38346392
   -0.49115338
   -0.26540609
    0.07318380
   -0.13572694
   -0.26105311
    0.07524718
   -0.13157590
    0.07644132
    0.05382665
    0.08592969
    0.05995179
    0.09212293
    0.07032993
    0.08471704
    0.06715726
    0.08968864
    0.06533202
    0.12089467
    0.07034875
    0.08939195
    0.07398921
    0.07083526
    0.08875660
    0.06957744
    0.09390473
    0.05912592
    0.07749442
    0.08530059
    0.05441413
