   -0.13178189
    0.07500360
   -0.25593040
    0.35962459
   -0.46083690
   -0.25730357
    0.06667457
   -0.12543378
   -0.12107744
    0.04099424
   -0.14381902
    0.37832415
   -0.46152901
   -0.27362968
    0.07310554
   -0.12218935
   -0.25515026
    0.08567135
   -0.11925263
    0.07132025
    0.08935115
    0.06565655
    0.08060283
    0.07140265
    0.07907294
    0.10026080
    0.08622867
    0.06429004
    0.05380764
    0.07641758
    0.10864577
    0.07279444
    0.09437023
    0.05223550
    0.08451203
    0.06413868
    0.04992394
    0.08841520
    0.07508090
    0.06725092
    0.05275718
