   -0.12255154
    0.06550357
   -0.24376843
    0.37247228
   -0.47458656
   -0.11001144
    0.00247992
    0.13810689
    0.38424342
   -0.41565971
   -0.22358779
    0.06409899
   -0.12439498
   -0.11347052
    0.31641433
   -0.48415736
   -0.26896573
    0.03107547
   -0.30110393
    0.02823709
    0.06898360
    0.07486147
    0.04510659
    0.09514599
    0.06275244
    0.13058931
    0.13550153
    0.10526573
    0.06666759
    0.05426648
    0.07165163
    0.07990874
    0.06768413
    0.08120725
    0.10231915
    0.09731738
    0.06751865
    0.07287838
