           1           2   1.02175636194999     
           2           3  0.868343451862792     
           3           4   1.33201852350499     
           4           5   1.54678285652473     
           4           6   1.28209537526960     
           6           7  0.886026404053325     
           7           8   1.02180379997918     
           4           9   1.00834859979591     
           5           9  0.126514079743588     
           9          10  0.988849964361398     
          10          11  0.979626106755761     
          11          12  0.966722547421946     
          11          13  0.140431008113887     
          12          13   1.52936270503756     
          12          14   1.34711045816959     
          14          15  0.865634643072859     
          15          16   1.02058319613616     
          12          17   1.34312322439930     
          17          18  0.884005747895823     
          18          19   1.02155247354548     
           1          20  0.982494031082377     
           1          21  0.973703264637354     
           1          22  0.975511180830821     
           2          23  0.966652168890641     
           2          24  0.967260234236369     
           7          25  0.965566106595317     
           7          26  0.965387049624629     
           8          27  0.976765701286278     
           8          28  0.982569816328098     
           8          29  0.975836780858258     
          10          30  0.944440682960494     
          10          31  0.959411811298618     
          15          32  0.970106471519211     
          15          33  0.963106208635927     
          16          34  0.982027709486923     
          16          35  0.973905055299144     
          16          36  0.983362692077271     
          18          37  0.967407585736895     
          18          38  0.963806471772414     
          19          39  0.976638276657908     
          19          40  0.983063177870380     
          19          41  0.980105287415116     
