$coord
         -3.299843389907         -2.032605866133         -0.052769080062     c 
         -1.676159871458          0.291343012547         -0.077095696062     c 
         -2.603751904419          2.395101181974         -0.079420445996     o 
          1.182387331799         -0.090229830360         -0.017322304628     c 
          1.889416547491         -0.383361856857          2.787269552361     c 
          2.484472863970          2.261312065450         -1.088763793440     c 
          2.023818268381         -2.429023236562         -1.492499239858     c 
         -5.255941073696         -1.500520639341          0.277077807727     h 
         -3.157347773977         -2.965940209524         -1.877957978580     h 
         -2.672729968593         -3.346268210391          1.392286777024     h 
          1.255589237149          1.252934612874          3.858498410911     h 
          1.035003780019         -2.067116507614          3.594495010046     h 
          3.929645409933         -0.534099105090          2.966895850362     h 
          4.520214793810          2.115759741452         -0.865799505066     h 
          1.824742052975          3.945862214110         -0.113854795272     h 
          2.047748515875          2.471739552074         -3.086831544311     h 
          1.292797577318         -4.154503780264         -0.659849805904     h 
          4.075661823223         -2.531617274333         -1.477081909189     h 
          1.403972911648         -2.313361143485         -3.448101345285     h 
$end
