           1           2   1.01415656110211     
           2           3  0.906581624956360     
           3           4   1.20094153892146     
           3           5  0.173638225981230     
           4           5   1.67945067379527     
           4           6  0.974352530043023     
           6           7  0.996393361770692     
           7           8  0.932612272046184     
           7           9  0.954476001301062     
           9          10   1.69258530750474     
           9          11   1.17953022034867     
          10          11  0.167234943859527     
          11          12  0.898830403827803     
          12          13   1.01512164190842     
           7          14  0.956888252886318     
          14          15  0.971843035542620     
          14          16  0.134069438158551     
          15          16   1.53399619729580     
          15          17   1.28883367560251     
          17          18  0.912500166275048     
          15          19   1.32554137780119     
          19          20  0.891219804259566     
           1          21  0.978530356970116     
           1          22  0.983883137097812     
           1          23  0.985800737455518     
           2          24  0.969914179383583     
           2          25  0.966840761746329     
           6          26  0.947295516235973     
           6          27  0.933309892177231     
          12          28  0.967841037197066     
          12          29  0.969016919806097     
          13          30  0.985547428351215     
          13          31  0.983061345426894     
          13          32  0.978011565506733     
          18          33  0.975685137732421     
          18          34  0.976066550850642     
          18          35  0.971984379310021     
          20          36  0.977185528793362     
          20          37  0.971397777964063     
          20          38  0.975145479571322     
