           1           2  0.987423799886686     
           2           3  0.987549329615516     
           2           4   1.00004116579545     
           2           5  0.983999652650777     
           5           6   1.41098382703825     
           6           7   1.45140280165401     
           7           8   1.37092501676569     
           6           9  0.103931817125132     
           8           9   1.36959319833936     
           5          10   1.40500551777445     
           7          10  0.108927609524875     
           9          10   1.45509782687303     
           8          11   1.06498306710386     
           1          12  0.986828700111563     
           1          13  0.984201210245666     
           1          14  0.983597505668293     
           3          15  0.986828103983854     
           3          16  0.983507158473457     
           3          17  0.984201106271402     
           4          18  0.984542668812793     
           4          19  0.984104556246925     
           4          20  0.984582578663911     
           6          21  0.965088151868059     
           7          22  0.969100992720402     
           9          23  0.966225663543949     
          10          24  0.965101012513610     
          11          25  0.844296598581510     
