           1           2   1.43985416955529     
           2           3   1.39037923267165     
           3           4   1.35729416030734     
           4           5   1.36077834734250     
           1           6   1.39037646734365     
           5           6   1.35729549373161     
           6           7  0.997384491723510     
           5           8  0.998551806250516     
           4           9  0.998557622843277     
           3          10  0.997380883403690     
           1          11  0.951020973207748     
           2          12  0.951020944029187     
