           1           2   1.02188516366973     
           2           3  0.889031098045912     
           3           4   1.32261592547944     
           4           5   1.51462701026660     
           4           6   1.32199365495988     
           6           7  0.878010666796875     
           7           8   1.02313456788992     
           4           9  0.977772817808091     
           5           9  0.133729674660448     
           9          10  0.983903572258921     
          10          11  0.988263985477065     
          11          12  0.987635199452169     
          11          13  0.133150841278193     
          12          13   1.50846184942958     
          12          14   1.32349320308901     
          14          15  0.877218328269547     
          15          16   1.02316634789380     
          12          17   1.32737611073115     
          17          18  0.887636937330885     
          18          19   1.02237889121641     
           1          20  0.975927649908258     
           1          21  0.976641356695497     
           1          22  0.982262792622356     
           2          23  0.966013791531507     
           2          24  0.964289809071624     
           7          25  0.967079351099582     
           7          26  0.965239175827201     
           8          27  0.982176330241360     
           8          28  0.977030745715836     
           8          29  0.975802379255391     
          10          30  0.958430864833883     
          10          31  0.952147206843063     
          15          32  0.964846560856253     
          15          33  0.967444039377217     
          16          34  0.981814049287908     
          16          35  0.975683599996766     
          16          36  0.975389966505385     
          18          37  0.964396306390842     
          18          38  0.967478601830111     
          19          39  0.981828792807600     
          19          40  0.976113263785109     
          19          41  0.975373297256738     
