           1           2   1.01809021062982     
           2           3  0.889223760806489     
           3           4   1.30326594637144     
           4           5   1.48737689034764     
           4           6   1.31323294037634     
           6           7  0.867617260480834     
           7           8   1.02344362872326     
           4           9  0.986150714441622     
           5           9  0.148680333859778     
           9          10  0.992770254823496     
          10          11  0.978423303541490     
          11          12   1.01669446963643     
          12          13   1.54314219248339     
          12          14   1.31321672470223     
          14          15  0.883676324032246     
          15          16   1.01735423623048     
          12          17   1.29514218534587     
          17          18  0.874263271954821     
          18          19   1.02350558620128     
           1          20  0.982492250162624     
           1          21  0.975932649447847     
           1          22  0.983422552640472     
           2          23  0.971243660860380     
           2          24  0.965660594236695     
           7          25  0.964811244527301     
           7          26  0.969465521055570     
           8          27  0.974367188362998     
           8          28  0.982112243613729     
           8          29  0.974864366976240     
          10          30  0.954195420202013     
          10          31  0.935264677052798     
          15          32  0.970844224466543     
          15          33  0.966401797683019     
          16          34  0.982054916150212     
          16          35  0.975297914651144     
          16          36  0.983821500288895     
          18          37  0.965465479044068     
          18          38  0.964645443613820     
          19          39  0.980068283129599     
          19          40  0.975301040858943     
          19          41  0.975995431432848     
