   -0.12835335
    0.07066653
   -0.27619850
    0.38437617
   -0.45149143
   -0.27230867
    0.08645684
   -0.12373555
   -0.13051147
    0.03745735
   -0.13726082
    0.37684595
   -0.46904051
   -0.25670300
    0.08321273
   -0.13387069
   -0.25387298
    0.08301394
   -0.12737591
    0.06780396
    0.05768421
    0.08821788
    0.07072405
    0.09658043
    0.08124735
    0.05110514
    0.06653910
    0.08141532
    0.05663597
    0.10584252
    0.09979239
    0.06050287
    0.06052672
    0.07213630
    0.07621774
    0.08374670
    0.06359743
    0.08501847
    0.07316901
    0.05470642
    0.08548338
