   -0.12982597
    0.07911188
   -0.26764027
    0.37403943
   -0.46634799
   -0.25923967
    0.08095975
   -0.12519172
   -0.12514648
    0.03389553
   -0.14001859
    0.37879232
   -0.46223918
   -0.25770631
    0.07702044
   -0.11768583
   -0.26205250
    0.07527716
   -0.12809122
    0.06089536
    0.07168340
    0.08235283
    0.08510826
    0.05601739
    0.08883917
    0.05813470
    0.06475889
    0.08415343
    0.05860850
    0.10890557
    0.10434947
    0.06503109
    0.09263090
    0.04973693
    0.08259263
    0.06222106
    0.09275401
    0.06434971
    0.08521334
    0.05607345
    0.06767910
