           1           2   1.02610715813704     
           2           3   1.39824220371399     
           3           4   1.44688258364938     
           2           5  0.100344048428842     
           4           5   1.41708653620049     
           5           6   1.34647274986845     
           2           7   1.42433420746832     
           4           7  0.101629768641565     
           6           7   1.37790028565392     
           6           8   1.06305645139622     
           5           9   1.02294806578655     
           1          10  0.968682484678881     
           1          11  0.985140377260561     
           1          12  0.975559622816513     
           3          13  0.969919940476842     
           4          14  0.968376558347867     
           7          15  0.966790387788510     
           8          16  0.847672523002023     
           9          17  0.971004070268832     
           9          18  0.971041802564438     
           9          19  0.983138850153838     
