           1           2   1.02261179087057     
           2           3  0.879496304599769     
           3           4   1.32943602608218     
           4           5   1.50811718852564     
           4           6   1.31216049832330     
           6           7  0.883719147034649     
           7           8   1.02227074153705     
           4           9  0.996337003769075     
           5           9  0.134349500610256     
           9          10  0.986920123043857     
          10          11  0.983505695651475     
          11          12  0.968719902608339     
          11          13  0.130234729745795     
          12          13   1.54995912554580     
          12          14   1.31326229973484     
          14          15  0.874447118694653     
          15          16   1.02166832371710     
          12          17   1.33421961920646     
          17          18  0.866197192204738     
          18          19   1.01954308678719     
           1          20  0.975422551658258     
           1          21  0.973444062124814     
           1          22  0.982003266794216     
           2          23  0.963768291362625     
           2          24  0.968388134061066     
           7          25  0.965994039223526     
           7          26  0.967347399731268     
           8          27  0.976431193804898     
           8          28  0.983062183785779     
           8          29  0.975353156521925     
          10          30  0.952166522442628     
          10          31  0.949194647331868     
          15          32  0.960551807770356     
          15          33  0.966358252600964     
          16          34  0.981181727529905     
          16          35  0.974123600842444     
          16          36  0.973334728740902     
          18          37  0.970946035727382     
          18          38  0.968453524999575     
          19          39  0.983317804546738     
          19          40  0.982682355880375     
          19          41  0.973973488331760     
