$hessian                                                                        
        0.4277887596   0.0420197488  -0.0334002162  -0.0768126319   0.0401909071
        0.0175571150  -0.0038884728   0.0095697797   0.0045080901   0.0068986073
       -0.0032011795  -0.0030090008   0.0003371066  -0.0003762999  -0.0000514263
        0.0022138904   0.0001318002  -0.0003966546  -0.0000395232  -0.0001935718
        0.0001097910  -0.0374850192  -0.0157232408  -0.0005886283  -0.0028008490
       -0.0037158327   0.0006215418  -0.1543198499  -0.0019026640  -0.0658681099
        0.0003215236  -0.0004335278  -0.0028748370   0.0003382323   0.0007840536
       -0.0000517399   0.0004355303  -0.0077358831   0.0004545903  -0.0269109710
        0.0240871109  -0.0072104038  -0.0876831565  -0.0879390118   0.0475514316
       -0.0471201892   0.0044876598   0.0430915031  -0.0004825591  -0.0000862204
       -0.0000034048  -0.0001828173  -0.0000561136  -0.0001300678  -0.0005545593
       -0.0000001477  -0.0003168877  -0.0000530516   0.0000926330   0.0000073143
        0.0420197488   0.4884832557  -0.0355821889   0.0411780930  -0.1473144613
       -0.0206662818   0.0045262098  -0.0070372870  -0.0036150921   0.0081846178
       -0.0280760639  -0.0018230569   0.0002655872   0.0008153718  -0.0005096158
       -0.0005476183   0.0013660503  -0.0003852219  -0.0000546264  -0.0002925065
       -0.0004039001  -0.0246303064  -0.0033993306  -0.0144778448  -0.0043848951
       -0.0030033298   0.0010483329   0.0115922809  -0.0644591814   0.0227251851
       -0.0003815434   0.0006908286  -0.0005727433   0.0007572955   0.0009912115
       -0.0003284224  -0.0025324115  -0.0065252300   0.0009196165   0.0039691483
        0.0007426526   0.0017307549  -0.0833176349  -0.1873809583   0.0760034305
        0.0034918437  -0.0476694736  -0.0245964944   0.0001397181  -0.0000530723
        0.0001006508  -0.0000515236  -0.0001654387   0.0000567863   0.0000799772
        0.0001578702   0.0000491896  -0.0003039606   0.0021290928   0.0003269158
       -0.0334002162  -0.0355821889   0.4986916280   0.0171312493  -0.0210547849
       -0.0698066239   0.0154211661  -0.0260412514  -0.0090835372  -0.0025632475
        0.0062477303   0.0015727420  -0.0000372971   0.0011583778   0.0002966000
       -0.0005350732  -0.0009799327   0.0000910492   0.0000865558  -0.0003163409
       -0.0001196455   0.0018787637  -0.0089346274   0.0094889788   0.0014246485
        0.0017680400   0.0012972795  -0.0731894795   0.0132796410  -0.1074335846
        0.0021390229   0.0003780503  -0.0000833089   0.0007928415   0.0007815215
       -0.0002868317  -0.0000318268   0.0030205163   0.0006792458  -0.0169823761
        0.0155521345   0.0001407008   0.0438214771   0.0735451448  -0.0801259296
        0.0440970288  -0.0224617122  -0.2453195086  -0.0000943598   0.0001444624
       -0.0001710120  -0.0002766110  -0.0001076345  -0.0001446895  -0.0001374694
       -0.0001605754  -0.0001760638   0.0004552029  -0.0002365705   0.0004925110
       -0.0768126319   0.0411780930   0.0171312493   0.4509936143  -0.0011486175
       -0.0114643507  -0.0512806922   0.0053042475   0.0517439694  -0.0892145831
       -0.0530074051   0.0243512660  -0.0032133547  -0.0049689638   0.0036483941
       -0.0200228541  -0.0177814812   0.0040953236   0.0006739413  -0.0001969432
        0.0007338320  -0.0004582147   0.0002153770   0.0016843144   0.0007397286
       -0.0001129180  -0.0000932924  -0.0284217887   0.0227608464  -0.0062129017
        0.0008787236   0.0002449746  -0.0005917582  -0.0041484699   0.0002349369
       -0.0025465268   0.0056631412   0.0161985591  -0.0011955684  -0.1648761742
       -0.0054924753  -0.0710158682   0.0069624323  -0.0105525233  -0.0017046067
       -0.0036131420   0.0073212296   0.0044367182  -0.0003009319  -0.0001258958
        0.0000546507  -0.0008629157  -0.0009189440   0.0002052263   0.0007749825
        0.0015730746  -0.0010558737  -0.0234608107  -0.0007251716  -0.0122041973
        0.0401909071  -0.1473144613  -0.0210547849  -0.0011486175   0.4469790657
        0.0067721130   0.0042764829  -0.0462101218  -0.0224387306  -0.0417337493
       -0.1097148112   0.0295819172  -0.0037871926  -0.0022729005   0.0036511228
       -0.0067494908  -0.0020114360  -0.0011598551   0.0005272113   0.0001705845
        0.0002021963  -0.0000428202   0.0023860375   0.0005542105  -0.0001587821
       -0.0002912412  -0.0000233040   0.0045614116   0.0022477067   0.0024368936
       -0.0003798077  -0.0003221000  -0.0000050665   0.0014610673   0.0015258959
       -0.0002173702  -0.0048918700  -0.0524434727   0.0025193194   0.0113241660
       -0.0609319125   0.0233962443   0.0109694582  -0.0252127517  -0.0032677907
        0.0051835526  -0.0069062932  -0.0046759885   0.0000518431  -0.0002334273
        0.0000953268   0.0002949255   0.0000543972   0.0000813067  -0.0003546584
        0.0002311810  -0.0003755341  -0.0195940369   0.0002700607  -0.0160722260
        0.0175571150  -0.0206662818  -0.0698066239  -0.0114643507   0.0067721130
        0.5073311763   0.0512010264  -0.0218802901  -0.2306319571   0.0226507225
        0.0267266425  -0.0803969417   0.0185597244   0.0232989468  -0.0151478166
       -0.0062813272  -0.0079624176   0.0031525572  -0.0014692686  -0.0008056296
       -0.0000754719   0.0005298737   0.0000860959   0.0007867368  -0.0001786658
       -0.0000981469  -0.0000375258  -0.0156132241   0.0125920225   0.0006212033
       -0.0003930449   0.0000134262  -0.0000465083  -0.0038236646  -0.0013356703
       -0.0010033387  -0.0032251376  -0.0080467826   0.0049785149  -0.0842146476
        0.0123033365  -0.1169531273  -0.0044483340   0.0096922648   0.0021053547
        0.0158855455  -0.0264353223  -0.0099155809   0.0002488336  -0.0001357002
       -0.0000776504  -0.0004354781  -0.0002742179   0.0004571857  -0.0006491834
        0.0011395616   0.0005583297   0.0055634855  -0.0049839504   0.0041014840
       -0.0038884728   0.0045262098   0.0154211661  -0.0512806922   0.0042764829
        0.0512010264   0.0678170374  -0.0053529232  -0.0478039984  -0.0052830843
       -0.0007339116   0.0178577511  -0.0018733271  -0.0028569473   0.0014570024
        0.0003944807  -0.0000857728   0.0015643126  -0.0005221584  -0.0004659218
       -0.0004097048  -0.0002929944   0.0001176571   0.0006318902  -0.0000253813
        0.0000147743  -0.0000092249   0.0013626533  -0.0010223208  -0.0004599802
        0.0001131573  -0.0002516084  -0.0005114579   0.0004245617   0.0003647132
       -0.0005258751   0.0005021004   0.0013840310  -0.0010711840  -0.0070688518
       -0.0018624964  -0.0358024616   0.0004869912  -0.0007365365  -0.0000975970
       -0.0014432307   0.0029919290   0.0006014626   0.0000141839   0.0000677576
       -0.0000388337  -0.0001116157   0.0000157851  -0.0000363917  -0.0000566336
        0.0001672997  -0.0002212063   0.0007312764  -0.0005582008  -0.0017466958
        0.0095697797  -0.0070372870  -0.0260412514   0.0053042475  -0.0462101218
       -0.0218802901  -0.0053529232   0.0547971532   0.0256591819  -0.0086060283
       -0.0004563289   0.0226074849  -0.0026422538  -0.0035617736   0.0018281632
        0.0004948681   0.0002664927   0.0007913927  -0.0002567363   0.0000057694
       -0.0001606823   0.0000425513  -0.0001672577  -0.0002900970  -0.0000091784
       -0.0001042854   0.0000000030  -0.0010467355   0.0008757911   0.0009736052
        0.0002198061  -0.0000578997   0.0000906047   0.0002346465  -0.0000189135
       -0.0001383587   0.0007001838   0.0025294017  -0.0005644023  -0.0012606571
        0.0027390905   0.0004823148  -0.0000970656   0.0006943569  -0.0008052633
        0.0032580904  -0.0045969356  -0.0016236587  -0.0001022102   0.0001056509
       -0.0000521596  -0.0001089741   0.0000363729  -0.0000836162  -0.0001430616
       -0.0003846476   0.0004164198  -0.0001983492   0.0005453716  -0.0012093907
        0.0045080901  -0.0036150921  -0.0090835372   0.0517439694  -0.0224387306
       -0.2306319571  -0.0478039984   0.0256591819   0.2817226172   0.0066073105
        0.0015282918  -0.0143472476   0.0013005472   0.0019620469  -0.0008686283
       -0.0003990530  -0.0003387683   0.0001186990   0.0001814292   0.0001167465
        0.0003528285   0.0001811428  -0.0004611181  -0.0003392062  -0.0000202735
       -0.0000013937   0.0000055703   0.0007290073   0.0006343631   0.0010485099
        0.0001975080   0.0000942799   0.0000654845  -0.0002133907  -0.0000272593
        0.0002097437  -0.0012012734  -0.0009480867   0.0012858787  -0.0159521977
       -0.0015191346  -0.0311406256  -0.0003762765   0.0003797657   0.0003560695
        0.0004453464  -0.0017421169  -0.0000638174  -0.0000687997   0.0000182239
        0.0000463465   0.0000274665  -0.0000512871   0.0000384259   0.0000848733
        0.0002080056  -0.0003406382   0.0000285723   0.0005420819   0.0015654838
        0.0068986073   0.0081846178  -0.0025632475  -0.0892145831  -0.0417337493
        0.0226507225  -0.0052830843  -0.0086060283   0.0066073105   0.4708621656
        0.0016105732   0.0003776383  -0.0459468271  -0.0023289601   0.0263783734
       -0.1431059176  -0.0045783652  -0.0508128108  -0.0005149910  -0.0000318358
       -0.0025761408  -0.0155336561   0.0118122053  -0.0055822150  -0.0002962283
        0.0010656421   0.0002550302  -0.0003461223  -0.0029750245   0.0004379190
        0.0004646226  -0.0007169488  -0.0008939079  -0.0292484284  -0.0104896261
       -0.0071454345  -0.0909108858   0.0447919790   0.0039626767  -0.0317863826
       -0.0249848023   0.0021129381  -0.0012753290   0.0030679827   0.0000377112
        0.0003186824   0.0006134507  -0.0003977021  -0.0000681337  -0.0000865881
       -0.0000280668  -0.0031584023  -0.0019440547   0.0005885198  -0.0173886352
        0.0290408839   0.0094594157  -0.0044664712  -0.0017113517  -0.0028687301
       -0.0032011795  -0.0280760639   0.0062477303  -0.0530074051  -0.1097148112
        0.0267266425  -0.0007339116  -0.0004563289   0.0015282918   0.0016105732
        0.4342897225   0.0089756354  -0.0024990610  -0.0376060973   0.0020106330
        0.0075350186  -0.0543933578   0.0012141121  -0.0041830938   0.0013515902
       -0.0035985014   0.0225053504  -0.0063653460   0.0095427121   0.0023272190
       -0.0040024757  -0.0001840355  -0.0036145309   0.0031653898  -0.0013839226
       -0.0007998599   0.0003976056   0.0008046752  -0.0280693710  -0.0069220202
       -0.0097004499   0.0654837039  -0.1786497049  -0.0454122024  -0.0068238665
       -0.0035015112  -0.0014375867   0.0016252860  -0.0022136713  -0.0004189412
       -0.0006561007   0.0007889179   0.0007160432   0.0000510430   0.0001022359
       -0.0000578363  -0.0038479308  -0.0021973724   0.0018636543   0.0069060277
       -0.0054040556   0.0019141952  -0.0006079108  -0.0005926455   0.0006491509
       -0.0030090008  -0.0018230569   0.0015727420   0.0243512660   0.0295819172
       -0.0803969417   0.0178577511   0.0226074849  -0.0143472476   0.0003776383
        0.0089756354   0.5193225594   0.0277814846   0.0002396579  -0.2486271239
       -0.0503182568  -0.0029020430  -0.0996846846  -0.0274510134   0.0000119120
       -0.0213346734   0.0019525452   0.0032770250   0.0042628836   0.0008678923
       -0.0010101018   0.0006837477   0.0004458216  -0.0007326678   0.0001117400
        0.0007416781  -0.0008532336  -0.0011339460   0.0096956302   0.0002568529
        0.0073177877   0.0166976109  -0.0560399881  -0.0756418999  -0.0143784930
       -0.0142058514   0.0050869262   0.0002255014  -0.0011698469   0.0004820598
        0.0000050090  -0.0015588719   0.0003688092  -0.0003295161   0.0003382463
       -0.0002020723   0.0009309185   0.0014837268  -0.0001162990  -0.0036303652
        0.0137826063   0.0031585671  -0.0028141018  -0.0002594033  -0.0008829344
        0.0003371066   0.0002655872  -0.0000372971  -0.0032133547  -0.0037871926
        0.0185597244  -0.0018733271  -0.0026422538   0.0013005472  -0.0459468271
       -0.0024990610   0.0277814846   0.0564884519  -0.0053146117  -0.0361435058
       -0.0000674877   0.0001191451  -0.0277412262  -0.0047858540  -0.0000454492
       -0.0033637970   0.0009682428  -0.0003685934  -0.0006708588   0.0000946414
       -0.0000702619   0.0002843312  -0.0005370263  -0.0002223059   0.0000410118
       -0.0002245589   0.0000698809   0.0002688529   0.0017417106   0.0010338553
        0.0008905220  -0.0050223680   0.0117319211   0.0176406401   0.0013642315
        0.0008717368  -0.0002322363  -0.0000364286   0.0000128807  -0.0001039987
        0.0002071860   0.0000583238  -0.0000681139   0.0000401558  -0.0000646206
        0.0000296888   0.0003477000   0.0000174590   0.0000556638  -0.0000966699
        0.0005542030   0.0015488740   0.0002144759   0.0002793573  -0.0000403071
       -0.0003762999   0.0008153718   0.0011583778  -0.0049689638  -0.0022729005
        0.0232989468  -0.0028569473  -0.0035617736   0.0019620469  -0.0023289601
       -0.0376060973   0.0002396579  -0.0053146117   0.0572422680   0.0084433812
       -0.0002928863   0.0013656020  -0.0000406843   0.0001767656   0.0002339083
        0.0001947031   0.0001458141   0.0005542774   0.0006981366  -0.0001582906
        0.0000008801  -0.0001442211  -0.0001704990  -0.0002790172  -0.0002760387
       -0.0000916984  -0.0005490668  -0.0001534604   0.0002708073  -0.0000232366
       -0.0003238950   0.0135699749  -0.0170456893  -0.0333606205   0.0015803653
        0.0006866702  -0.0006565904   0.0000827678   0.0001436999  -0.0003304295
        0.0000311399  -0.0006042076  -0.0002058232   0.0001616053   0.0000915340
       -0.0000135351   0.0000576738  -0.0000213330   0.0001100672   0.0002902945
        0.0006325764  -0.0006720859   0.0001919485   0.0001965335   0.0000720666
       -0.0000514263  -0.0005096158   0.0002966000   0.0036483941   0.0036511228
       -0.0151478166   0.0014570024   0.0018281632  -0.0008686283   0.0263783734
        0.0020106330  -0.2486271239  -0.0361435058   0.0084433812   0.2946692072
       -0.0023661009   0.0005564472  -0.0203926482  -0.0029311892   0.0000505024
       -0.0018265577   0.0002617512  -0.0002444902  -0.0007093644   0.0002302821
       -0.0001269169   0.0000762347  -0.0003617794   0.0003719267  -0.0001815666
        0.0003821688   0.0001240778   0.0004733749   0.0005694188   0.0003038861
        0.0010156915   0.0096289174  -0.0152266304  -0.0126339665  -0.0004545927
       -0.0003224573   0.0009724911  -0.0000497893  -0.0001345970   0.0001805066
       -0.0000616168   0.0003438142   0.0002720667   0.0001927128  -0.0004109878
        0.0001294437   0.0007276979  -0.0000099575   0.0004688730  -0.0006257506
       -0.0001175251   0.0016254117  -0.0004309678  -0.0005807767   0.0002077711
        0.0022138904  -0.0005476183  -0.0005350732  -0.0200228541  -0.0067494908
       -0.0062813272   0.0003944807   0.0004948681  -0.0003990530  -0.1431059176
        0.0075350186  -0.0503182568  -0.0000674877  -0.0002928863  -0.0023661009
        0.4615466044   0.0067249285  -0.0032277867  -0.0448575989   0.0071470790
        0.0246728509  -0.0850789277   0.0442905079  -0.0008523797  -0.0145256753
        0.0234037439  -0.0001901508   0.0040275480  -0.0212943600   0.0014861338
       -0.0061409019   0.0090909865   0.0106630232  -0.1066314239  -0.0598393039
        0.0186861502  -0.0250790586   0.0116592765  -0.0071587708  -0.0003859519
       -0.0023537968   0.0013986543  -0.0001400144   0.0003161285  -0.0000518298
       -0.0002172823  -0.0000942635  -0.0000685764   0.0013889913   0.0009445237
        0.0018496751  -0.0203391420  -0.0230272494   0.0132768328  -0.0024562294
        0.0024939719  -0.0002121462  -0.0005230491   0.0000979358  -0.0003718690
        0.0001318002   0.0013660503  -0.0009799327  -0.0177814812  -0.0020114360
       -0.0079624176  -0.0000857728   0.0002664927  -0.0003387683  -0.0045783652
       -0.0543933578  -0.0029020430   0.0001191451   0.0013656020   0.0005564472
        0.0067249285   0.4342561898   0.0025194849   0.0073478215  -0.0443967096
       -0.0366307987   0.0453404330  -0.1194331792  -0.0178967982   0.0050840783
       -0.0047956164  -0.0001881629   0.0006729745  -0.0314903918   0.0032151911
        0.0044726820  -0.0080960246  -0.0068937139  -0.0750680511  -0.1478151238
        0.0561219172   0.0330525574  -0.0100053978   0.0123973021  -0.0034274116
       -0.0034646348   0.0010998535   0.0004146959   0.0004197192   0.0000828889
       -0.0001575152  -0.0002071097   0.0000949773   0.0005378453  -0.0005944345
       -0.0001137125  -0.0048625475  -0.0066450657  -0.0005079815   0.0032191524
       -0.0041136207  -0.0012492613  -0.0011569695  -0.0002119515  -0.0004244716
       -0.0003966546  -0.0003852219   0.0000910492   0.0040953236  -0.0011598551
        0.0031525572   0.0015643126   0.0007913927   0.0001186990  -0.0508128108
        0.0012141121  -0.0996846846  -0.0277412262  -0.0000406843  -0.0203926482
       -0.0032277867   0.0025194849   0.5146949751   0.0249337554  -0.0345533694
       -0.2369918848  -0.0020024022  -0.0136506167  -0.0590761523  -0.0085103283
        0.0125669015   0.0015246528   0.0023755974   0.0121922939   0.0010564118
        0.0206614897  -0.0295088716  -0.0163805345   0.0342953665   0.0651568514
       -0.0949248684   0.0054685812   0.0012482100   0.0055631307   0.0028926730
        0.0014475996   0.0003129136   0.0001387212   0.0000713700  -0.0000026592
        0.0000909719  -0.0001757113  -0.0001864023   0.0010702111  -0.0024939654
       -0.0054328486  -0.0052535969  -0.0141522234   0.0059295559   0.0001831891
       -0.0012288484   0.0002287531   0.0001746128   0.0001411515   0.0003999846
       -0.0000395232  -0.0000546264   0.0000865558   0.0006739413   0.0005272113
       -0.0014692686  -0.0005221584  -0.0002567363   0.0001814292  -0.0005149910
       -0.0041830938  -0.0274510134  -0.0047858540   0.0001767656  -0.0029311892
       -0.0448575989   0.0073478215   0.0249337554   0.0603452996  -0.0008403730
       -0.0363636748  -0.0013869863   0.0049225666   0.0134224923  -0.0001023201
        0.0000607697   0.0006527119  -0.0000762207  -0.0001382861  -0.0003532048
       -0.0019107360   0.0033775756   0.0016048004  -0.0088452115  -0.0099165227
        0.0236216496   0.0017215651  -0.0012388234   0.0010959433   0.0002621789
        0.0001668550   0.0004564063  -0.0000726438   0.0000154919  -0.0000216259
       -0.0001506183   0.0001392646   0.0000641031   0.0000316906   0.0002655920
        0.0007143749  -0.0000237585  -0.0001625896   0.0017692007   0.0003073352
       -0.0000769161  -0.0000485090  -0.0000533902  -0.0001319462   0.0000350627
       -0.0001935718  -0.0002925065  -0.0003163409  -0.0001969432   0.0001705845
       -0.0008056296  -0.0004659218   0.0000057694   0.0001167465  -0.0000318358
        0.0013515902   0.0000119120  -0.0000454492   0.0002339083   0.0000505024
        0.0071470790  -0.0443967096  -0.0345533694  -0.0008403730   0.0585036138
        0.0311284286   0.0042637315  -0.0054958743  -0.0243358669  -0.0002323137
        0.0006714167  -0.0005204109  -0.0000031952   0.0011639064   0.0005022984
        0.0036437312  -0.0057877605  -0.0020317585  -0.0130011439  -0.0069666978
        0.0305287307  -0.0003736198   0.0002912575   0.0003564642   0.0003167178
       -0.0000830163   0.0003837714   0.0000528866  -0.0000437765   0.0000211093
        0.0001477970   0.0000707059   0.0001957543   0.0001618936  -0.0003733820
       -0.0013013806  -0.0003135728   0.0010180758   0.0006496236  -0.0000156633
       -0.0000334759  -0.0000419990  -0.0000202332  -0.0000076291  -0.0000385857
        0.0001097910  -0.0004039001  -0.0001196455   0.0007338320   0.0002021963
       -0.0000754719  -0.0004097048  -0.0001606823   0.0003528285  -0.0025761408
       -0.0035985014  -0.0213346734  -0.0033637970   0.0001947031  -0.0018265577
        0.0246728509  -0.0366307987  -0.2369918848  -0.0363636748   0.0311284286
        0.2858702591   0.0014773656  -0.0027565878  -0.0098687569  -0.0000926817
        0.0004752866   0.0003933743  -0.0008958332  -0.0001947519   0.0007021718
        0.0017654164  -0.0023248113  -0.0004250600   0.0144926359   0.0135454414
       -0.0207787254   0.0004696553  -0.0001717220   0.0013877316   0.0001788862
        0.0001749355   0.0003942489   0.0000123036   0.0000386722  -0.0000170829
       -0.0000034492   0.0001570967   0.0001007872   0.0000108823   0.0000222142
       -0.0003620470  -0.0010531264   0.0003081170   0.0022727413   0.0008199519
        0.0000656263   0.0002990736   0.0000148367  -0.0000709624   0.0000266891
       -0.0374850192  -0.0246303064   0.0018787637  -0.0004582147  -0.0000428202
        0.0005298737  -0.0002929944   0.0000425513   0.0001811428  -0.0155336561
        0.0225053504   0.0019525452   0.0009682428   0.0001458141   0.0002617512
       -0.0850789277   0.0453404330  -0.0020024022  -0.0013869863   0.0042637315
        0.0014773656   0.4693599698  -0.0299938750   0.0701828359  -0.1743646892
        0.0223625559  -0.0973680060  -0.0852887535  -0.0351711495  -0.0011766556
       -0.0582544752   0.0165079620   0.0046572371   0.0035780669  -0.0202268376
        0.0027119506  -0.0059458963  -0.0001630348  -0.0028280060   0.0024827359
       -0.0003936136   0.0007891544  -0.0049145740  -0.0008091417  -0.0022367463
        0.0012740623   0.0001678585   0.0012341117  -0.0085331669   0.0003446687
        0.0202428587   0.0014706584  -0.0018121191  -0.0005651099  -0.0011046460
        0.0015298437   0.0000169471  -0.0004917365   0.0000321289   0.0000603882
       -0.0157232408  -0.0033993306  -0.0089346274   0.0002153770   0.0023860375
        0.0000860959   0.0001176571  -0.0001672577  -0.0004611181   0.0118122053
       -0.0063653460   0.0032770250  -0.0003685934   0.0005542774  -0.0002444902
        0.0442905079  -0.1194331792  -0.0136506167   0.0049225666  -0.0054958743
       -0.0027565878  -0.0299938750   0.4208940370   0.0103201858   0.0174803399
       -0.0439448515   0.0096824552  -0.0546901857  -0.1430060010   0.0409596006
        0.0223799522  -0.0683510143  -0.0128450258  -0.0007648876  -0.0341073422
        0.0040251908  -0.0018762084   0.0023458761   0.0000976194   0.0003166769
       -0.0008466826  -0.0001932643  -0.0006073647   0.0007931360  -0.0002413846
       -0.0001693248   0.0006308627   0.0009387691   0.0041400574  -0.0022481096
       -0.0298743224  -0.0012157983  -0.0001716606  -0.0002882151  -0.0000313981
        0.0000266490  -0.0000847729  -0.0002344635  -0.0000942262   0.0001874834
       -0.0005886283  -0.0144778448   0.0094889788   0.0016843144   0.0005542105
        0.0007867368   0.0006318902  -0.0002900970  -0.0003392062  -0.0055822150
        0.0095427121   0.0042628836  -0.0006708588   0.0006981366  -0.0007093644
       -0.0008523797  -0.0178967982  -0.0590761523   0.0134224923  -0.0243358669
       -0.0098687569   0.0701828359   0.0103201858   0.4427241090  -0.0970282660
        0.0118313590  -0.1008690122  -0.0003355549   0.0347015035  -0.0679004827
        0.0226465277  -0.0170484170  -0.2035961332   0.0001018372   0.0134351599
        0.0003584875  -0.0034644567   0.0014059238  -0.0019554799  -0.0007736248
       -0.0001610315  -0.0008617784  -0.0039178373  -0.0004485555  -0.0015935330
       -0.0009645371  -0.0012860695  -0.0005800069   0.0059786495  -0.0067800623
       -0.0112383669  -0.0001175856  -0.0005079465   0.0006340517  -0.0005995769
        0.0005757086   0.0003533624   0.0002469738   0.0001677894  -0.0000203366
       -0.0028008490  -0.0043848951   0.0014246485   0.0007397286  -0.0001587821
       -0.0001786658  -0.0000253813  -0.0000091784  -0.0000202735  -0.0002962283
        0.0023272190   0.0008678923   0.0000946414  -0.0001582906   0.0002302821
       -0.0145256753   0.0050840783  -0.0085103283  -0.0001023201  -0.0002323137
       -0.0000926817  -0.1743646892   0.0174803399  -0.0970282660   0.2141871292
       -0.0133137865   0.1119165339  -0.0301254503  -0.0073762099  -0.0106460889
        0.0057154198  -0.0005147845   0.0007339448   0.0007826799  -0.0000768510
        0.0001054323  -0.0011300554   0.0004815666  -0.0002984649  -0.0000056964
        0.0000564890   0.0000805684  -0.0012067958  -0.0000681607  -0.0006109999
        0.0003061578   0.0001358059   0.0005018527   0.0024199975   0.0005348807
        0.0014908381   0.0002886321   0.0001795430  -0.0000521338  -0.0000599003
        0.0000749779   0.0000737950   0.0001086552  -0.0000616476   0.0000121148
       -0.0037158327  -0.0030033298   0.0017680400  -0.0001129180  -0.0002912412
       -0.0000981469   0.0000147743  -0.0001042854  -0.0000013937   0.0010656421
       -0.0040024757  -0.0010101018  -0.0000702619   0.0000008801  -0.0001269169
        0.0234037439  -0.0047956164   0.0125669015   0.0000607697   0.0006714167
        0.0004752866   0.0223625559  -0.0439448515   0.0118313590  -0.0133137865
        0.0547387799  -0.0092070437  -0.0267479623  -0.0032853747  -0.0115265765
       -0.0017921781   0.0036438106  -0.0028200120  -0.0001727774   0.0011149087
       -0.0004327071   0.0016327634  -0.0005528817   0.0005843123  -0.0001816231
       -0.0000001338   0.0000277049  -0.0011586085  -0.0001658607  -0.0005648693
        0.0002544533  -0.0000613630   0.0001707436  -0.0013971419   0.0006508749
       -0.0016024579  -0.0004549508  -0.0004089446   0.0000322243   0.0002900144
       -0.0002505685  -0.0000146273   0.0000333242   0.0000462560  -0.0000517187
        0.0006215418   0.0010483329   0.0012972795  -0.0000932924  -0.0000233040
       -0.0000375258  -0.0000092249   0.0000000030   0.0000055703   0.0002550302
       -0.0001840355   0.0006837477   0.0002843312  -0.0001442211   0.0000762347
       -0.0001901508  -0.0001881629   0.0015246528   0.0006527119  -0.0005204109
        0.0003933743  -0.0973680060   0.0096824552  -0.1008690122   0.1119165339
       -0.0092070437   0.1406946020   0.0023219772  -0.0010762945   0.0036944919
       -0.0194943940  -0.0004505099  -0.0481630616   0.0004338118  -0.0000388351
       -0.0002743623  -0.0000749925   0.0000181372   0.0000480543   0.0000303252
        0.0000382838   0.0000282641   0.0002680552   0.0000581795   0.0001264626
        0.0005014409   0.0001705743   0.0000463983  -0.0001977648   0.0004507453
        0.0004144629   0.0000269043   0.0004083073   0.0002802006   0.0000930080
       -0.0000211075   0.0000034341   0.0000221539  -0.0000210934   0.0000267318
       -0.1543198499   0.0115922809  -0.0731894795  -0.0284217887   0.0045614116
       -0.0156132241   0.0013626533  -0.0010467355   0.0007290073  -0.0003461223
       -0.0036145309   0.0004458216  -0.0005370263  -0.0001704990  -0.0003617794
        0.0040275480   0.0006729745   0.0023755974  -0.0000762207  -0.0000031952
       -0.0008958332  -0.0852887535  -0.0546901857  -0.0003355549  -0.0301254503
       -0.0267479623   0.0023219772   0.3515306247   0.0839013830   0.0784926004
       -0.0163774309  -0.0142032022   0.0358207156  -0.0003637949  -0.0008453203
       -0.0005018762   0.0001915496   0.0006630966  -0.0002359535  -0.0113521159
        0.0081901960  -0.0029635753  -0.0250863551  -0.0066716821  -0.0099330430
       -0.0080554271  -0.0017867253  -0.0169215942   0.0014496092  -0.0002439702
       -0.0000803818   0.0002849654   0.0004013687   0.0005430309   0.0003773251
       -0.0002539957   0.0003041452   0.0011260604   0.0002952931  -0.0000006002
       -0.0019026640  -0.0644591814   0.0132796410   0.0227608464   0.0022477067
        0.0125920225  -0.0010223208   0.0008757911   0.0006343631  -0.0029750245
        0.0031653898  -0.0007326678  -0.0002223059  -0.0002790172   0.0003719267
       -0.0212943600  -0.0314903918   0.0121922939  -0.0001382861   0.0011639064
       -0.0001947519  -0.0351711495  -0.1430060010   0.0347015035  -0.0073762099
       -0.0032853747  -0.0010762945   0.0839013830   0.2595388678  -0.0906539666
       -0.0157144643  -0.0007700682   0.0289840948  -0.0008394553  -0.0181370924
        0.0026439319   0.0003377003   0.0003474944  -0.0002184428   0.0076040215
       -0.0058881696   0.0022916981  -0.0256174351  -0.0033235566  -0.0121557052
       -0.0041297937   0.0020712719  -0.0027525680   0.0009332887   0.0005397143
        0.0003540005   0.0008383255   0.0006639499   0.0000816641  -0.0000028219
        0.0001888462   0.0000813742   0.0000307256  -0.0001640857  -0.0004241177
       -0.0658681099   0.0227251851  -0.1074335846  -0.0062129017   0.0024368936
        0.0006212033  -0.0004599802   0.0009736052   0.0010485099   0.0004379190
       -0.0013839226   0.0001117400   0.0000410118  -0.0002760387  -0.0001815666
        0.0014861338   0.0032151911   0.0010564118  -0.0003532048   0.0005022984
        0.0007021718  -0.0011766556   0.0409596006  -0.0679004827  -0.0106460889
       -0.0115265765   0.0036944919   0.0784926004  -0.0906539666   0.2281911592
        0.0364232619   0.0316322985  -0.0419851889   0.0002739011   0.0016984119
        0.0005528089  -0.0001721144   0.0001863512   0.0002368212  -0.0022862962
        0.0017591454   0.0007545407   0.0075648268  -0.0003656161   0.0054760179
       -0.0374035063  -0.0019854192  -0.0258391067  -0.0008417513   0.0003157909
        0.0011728105   0.0002183466   0.0000028522  -0.0000449203   0.0001568229
       -0.0000367029  -0.0000040927   0.0003257848  -0.0001793814  -0.0002297446
        0.0003215236  -0.0003815434   0.0021390229   0.0008787236  -0.0003798077
       -0.0003930449   0.0001131573   0.0002198061   0.0001975080   0.0004646226
       -0.0007998599   0.0007416781  -0.0002245589  -0.0000916984   0.0003821688
       -0.0061409019   0.0044726820   0.0206614897  -0.0019107360   0.0036437312
        0.0017654164  -0.0582544752   0.0223799522   0.0226465277   0.0057154198
       -0.0017921781  -0.0194943940  -0.0163774309  -0.0157144643   0.0364232619
        0.2211490728  -0.2098775066  -0.0781792156   0.0019829592  -0.0013432720
       -0.0014620764   0.0000596934   0.0006668947   0.0001693220  -0.0003360174
        0.0004282507   0.0000026778   0.0006080162   0.0003819300   0.0002710306
        0.0000498287   0.0002614312   0.0005731363  -0.1485365901   0.1979207111
        0.0132551581   0.0000626733   0.0004264222   0.0004027735   0.0000879167
       -0.0002584969  -0.0000881381   0.0002871032  -0.0001629839  -0.0000143027
       -0.0004335278   0.0006908286   0.0003780503   0.0002449746  -0.0003221000
        0.0000134262  -0.0002516084  -0.0000578997   0.0000942799  -0.0007169488
        0.0003976056  -0.0008532336   0.0000698809  -0.0005490668   0.0001240778
        0.0090909865  -0.0080960246  -0.0295088716   0.0033775756  -0.0057877605
       -0.0023248113   0.0165079620  -0.0683510143  -0.0170484170  -0.0005147845
        0.0036438106  -0.0004505099  -0.0142032022  -0.0007700682   0.0316322985
       -0.2098775066   0.3465951952   0.0291558495   0.0007541553   0.0014140084
       -0.0012591420  -0.0003155038   0.0004412297   0.0000789193  -0.0004288474
        0.0002339124   0.0001312064   0.0003830535   0.0000521982   0.0001925617
        0.0004213011   0.0000057443   0.0002069417   0.1954050236  -0.2698101851
       -0.0108985555   0.0001691941   0.0002228886   0.0002180493   0.0001353828
        0.0000324135   0.0002144249   0.0001824397   0.0000142841  -0.0000965445
       -0.0028748370  -0.0005727433  -0.0000833089  -0.0005917582  -0.0000050665
       -0.0000465083  -0.0005114579   0.0000906047   0.0000654845  -0.0008939079
        0.0008046752  -0.0011339460   0.0002688529  -0.0001534604   0.0004733749
        0.0106630232  -0.0068937139  -0.0163805345   0.0016048004  -0.0020317585
       -0.0004250600   0.0046572371  -0.0128450258  -0.2035961332   0.0007339448
       -0.0028200120  -0.0481630616   0.0358207156   0.0289840948  -0.0419851889
       -0.0781792156   0.0291558495   0.3444858339  -0.0019774147   0.0007024985
        0.0018281843  -0.0002002793  -0.0004280004   0.0005327479   0.0005003632
       -0.0000711889   0.0005168502  -0.0002387384  -0.0002393446   0.0004683796
        0.0004897177  -0.0001130961   0.0013784452   0.0304170003  -0.0337356269
       -0.0378808093   0.0002457527   0.0000773544  -0.0001204159   0.0002510274
        0.0001246393   0.0000720832  -0.0001848266  -0.0000306791  -0.0000064173
        0.0003382323   0.0007572955   0.0007928415  -0.0041484699   0.0014610673
       -0.0038236646   0.0004245617   0.0002346465  -0.0002133907  -0.0292484284
       -0.0280693710   0.0096956302   0.0017417106   0.0002708073   0.0005694188
       -0.1066314239  -0.0750680511   0.0342953665  -0.0088452115  -0.0130011439
        0.0144926359   0.0035780669  -0.0007648876   0.0001018372   0.0007826799
       -0.0001727774   0.0004338118  -0.0003637949  -0.0008394553   0.0002739011
        0.0019829592   0.0007541553  -0.0019774147   0.4295635687   0.1396380778
        0.1479348830   0.0014608724  -0.0007636823   0.0002729349  -0.0022962333
       -0.0017755697  -0.0002026261  -0.0000470669   0.0000961990  -0.0000300622
       -0.0000022724  -0.0000125528  -0.0001332674  -0.0003445279  -0.0001015871
       -0.0004289826  -0.2881416094  -0.0221261163  -0.2019993438   0.0006146747
       -0.0002996627   0.0000732818  -0.0004182880  -0.0002173913  -0.0001277906
        0.0007840536   0.0009912115   0.0007815215   0.0002349369   0.0015258959
       -0.0013356703   0.0003647132  -0.0000189135  -0.0000272593  -0.0104896261
       -0.0069220202   0.0002568529   0.0010338553  -0.0000232366   0.0003038861
       -0.0598393039  -0.1478151238   0.0651568514  -0.0099165227  -0.0069666978
        0.0135454414  -0.0202268376  -0.0341073422   0.0134351599  -0.0000768510
        0.0011149087  -0.0000388351  -0.0008453203  -0.0181370924   0.0016984119
       -0.0013432720   0.0014140084   0.0007024985   0.1396380778   0.2293157970
       -0.0885115034   0.0008012678   0.0020993030  -0.0000443829  -0.0011944482
       -0.0001819431  -0.0001917296  -0.0000178459   0.0001061907   0.0000202582
        0.0001185711   0.0001047207  -0.0000646408  -0.0001583695   0.0009765274
        0.0009758274  -0.0391592631  -0.0233998115  -0.0069012606   0.0001818128
        0.0000175739   0.0003212881   0.0001103719  -0.0000939561  -0.0000827153
       -0.0000517399  -0.0003284224  -0.0002868317  -0.0025465268  -0.0002173702
       -0.0010033387  -0.0005258751  -0.0001383587   0.0002097437  -0.0071454345
       -0.0097004499   0.0073177877   0.0008905220  -0.0003238950   0.0010156915
        0.0186861502   0.0561219172  -0.0949248684   0.0236216496   0.0305287307
       -0.0207787254   0.0027119506   0.0040251908   0.0003584875   0.0001054323
       -0.0004327071  -0.0002743623  -0.0005018762   0.0026439319   0.0005528089
       -0.0014620764  -0.0012591420   0.0018281843   0.1479348830  -0.0885115034
        0.2556159213   0.0002434988  -0.0002469853   0.0007344856  -0.0004586978
       -0.0004100767   0.0005185475  -0.0000838947  -0.0000096179  -0.0000038407
       -0.0000294174   0.0000899234   0.0001253302   0.0001947116   0.0002890933
        0.0004779432  -0.1816820756   0.0078919591  -0.1513616193   0.0003410522
        0.0001537850   0.0000047574  -0.0002422360  -0.0001660029  -0.0001261022
        0.0004355303  -0.0025324115  -0.0000318268   0.0056631412  -0.0048918700
       -0.0032251376   0.0005021004   0.0007001838  -0.0012012734  -0.0909108858
        0.0654837039   0.0166976109  -0.0050223680   0.0135699749   0.0096289174
       -0.0250790586   0.0330525574   0.0054685812   0.0017215651  -0.0003736198
        0.0004696553  -0.0059458963  -0.0018762084  -0.0034644567  -0.0011300554
        0.0016327634  -0.0000749925   0.0001915496   0.0003377003  -0.0001721144
        0.0000596934  -0.0003155038  -0.0002002793   0.0014608724   0.0008012678
        0.0002434988   0.4425357962  -0.0902929993   0.1559192389   0.0008742428
       -0.0027253310  -0.0003811053   0.0000279040  -0.0001068955  -0.0000949024
       -0.0000591534  -0.0003313317   0.0000759960   0.0000575366   0.0002161877
       -0.0001174554   0.0005592719   0.0002818399  -0.0000536259  -0.3261692409
       -0.0125495255  -0.1798346256   0.0002274545  -0.0000804827   0.0003482965
       -0.0077358831  -0.0065252300   0.0030205163   0.0161985591  -0.0524434727
       -0.0080467826   0.0013840310   0.0025294017  -0.0009480867   0.0447919790
       -0.1786497049  -0.0560399881   0.0117319211  -0.0170456893  -0.0152266304
        0.0116592765  -0.0100053978   0.0012482100  -0.0012388234   0.0002912575
       -0.0001717220  -0.0001630348   0.0023458761   0.0014059238   0.0004815666
       -0.0005528817   0.0000181372   0.0006630966   0.0003474944   0.0001863512
        0.0006668947   0.0004412297  -0.0004280004  -0.0007636823   0.0020993030
       -0.0002469853  -0.0902929993   0.2878432437   0.0857908980   0.0006993408
        0.0015593953  -0.0008504175   0.0012658832  -0.0028127476  -0.0002035224
       -0.0002269210   0.0003233209   0.0002421777  -0.0001317448  -0.0002972861
        0.0001909156  -0.0000081096  -0.0001919423  -0.0002302276   0.0102101050
       -0.0298503120  -0.0099271561   0.0008085447   0.0005941421   0.0002163894
        0.0004545903   0.0009196165   0.0006792458  -0.0011955684   0.0025193194
        0.0049785149  -0.0010711840  -0.0005644023   0.0012858787   0.0039626767
       -0.0454122024  -0.0756418999   0.0176406401  -0.0333606205  -0.0126339665
       -0.0071587708   0.0123973021   0.0055631307   0.0010959433   0.0003564642
        0.0013877316  -0.0028280060   0.0000976194  -0.0019554799  -0.0002984649
        0.0005843123   0.0000480543  -0.0002359535  -0.0002184428   0.0002368212
        0.0001693220   0.0000789193   0.0005327479   0.0002729349  -0.0000443829
        0.0007344856   0.1559192389   0.0857908980   0.1792212789  -0.0006746815
        0.0003109516   0.0008967610  -0.0001419755  -0.0000204259   0.0001659699
       -0.0002176810   0.0005664837   0.0001564608   0.0001435906  -0.0001493902
        0.0001442794   0.0003949759  -0.0001212067   0.0001048218  -0.1663823899
       -0.0233484234  -0.1056988320   0.0001507625  -0.0003823893  -0.0002060041
       -0.0269109710   0.0039691483  -0.0169823761  -0.1648761742   0.0113241660
       -0.0842146476  -0.0070688518  -0.0012606571  -0.0159521977  -0.0317863826
       -0.0068238665  -0.0143784930   0.0013642315   0.0015803653  -0.0004545927
       -0.0003859519  -0.0034274116   0.0028926730   0.0002621789   0.0003167178
        0.0001788862   0.0024827359   0.0003166769  -0.0007736248  -0.0000056964
       -0.0001816231   0.0000303252  -0.0113521159   0.0076040215  -0.0022862962
       -0.0003360174  -0.0004288474   0.0005003632  -0.0022962333  -0.0011944482
       -0.0004586978   0.0008742428   0.0006993408  -0.0006746815   0.4048273542
        0.1739216304   0.0497428091   0.0008273946  -0.0002995730   0.0000631445
        0.0014212509  -0.0013911107  -0.0000195992   0.0000974735   0.0001496103
       -0.0001808151  -0.0003759931   0.0000242341   0.0001235549   0.0009645143
       -0.0002931398   0.0009027279  -0.1677269893  -0.1846052341   0.0819415376
        0.0240871109   0.0007426526   0.0155521345  -0.0054924753  -0.0609319125
        0.0123033365  -0.0018624964   0.0027390905  -0.0015191346  -0.0249848023
       -0.0035015112  -0.0142058514   0.0008717368   0.0006866702  -0.0003224573
       -0.0023537968  -0.0034646348   0.0014475996   0.0001668550  -0.0000830163
        0.0001749355  -0.0003936136  -0.0008466826  -0.0001610315   0.0000564890
       -0.0000001338   0.0000382838   0.0081901960  -0.0058881696   0.0017591454
        0.0004282507   0.0002339124  -0.0000711889  -0.0017755697  -0.0001819431
       -0.0004100767  -0.0027253310   0.0015593953   0.0003109516   0.1739216304
        0.2923448188  -0.1358798411  -0.0003290482   0.0011277420  -0.0003692525
       -0.0017370613   0.0014670402   0.0009327907  -0.0002301062   0.0001100352
        0.0000297748  -0.0004041687  -0.0002392243  -0.0000297603   0.0014295737
        0.0012807417  -0.0001956599  -0.1668633728  -0.2271548708   0.1206153017
       -0.0072104038   0.0017307549   0.0001407008  -0.0710158682   0.0233962443
       -0.1169531273  -0.0358024616   0.0004823148  -0.0311406256   0.0021129381
       -0.0014375867   0.0050869262  -0.0002322363  -0.0006565904   0.0009724911
        0.0013986543   0.0010998535   0.0003129136   0.0004564063   0.0003837714
        0.0003942489   0.0007891544  -0.0001932643  -0.0008617784   0.0000805684
        0.0000277049   0.0000282641  -0.0029635753   0.0022916981   0.0007545407
        0.0000026778   0.0001312064   0.0005168502  -0.0002026261  -0.0001917296
        0.0005185475  -0.0003811053  -0.0008504175   0.0008967610   0.0497428091
       -0.1358798411   0.2106165940   0.0005225023  -0.0001790021  -0.0002515129
       -0.0005265502   0.0005970811   0.0011525518  -0.0000613939  -0.0000209618
       -0.0000469124   0.0002160868   0.0000857517  -0.0000247226   0.0004656177
        0.0002353758  -0.0006773418   0.0626088055   0.1089476367  -0.0714353690
       -0.0876831565  -0.0833176349   0.0438214771   0.0069624323   0.0109694582
       -0.0044483340   0.0004869912  -0.0000970656  -0.0003762765  -0.0012753290
        0.0016252860   0.0002255014  -0.0000364286   0.0000827678  -0.0000497893
       -0.0001400144   0.0004146959   0.0001387212  -0.0000726438   0.0000528866
        0.0000123036  -0.0049145740  -0.0006073647  -0.0039178373  -0.0012067958
       -0.0011586085   0.0002680552  -0.0250863551  -0.0256174351   0.0075648268
        0.0006080162   0.0003830535  -0.0002387384  -0.0000470669  -0.0000178459
       -0.0000838947   0.0000279040   0.0012658832  -0.0001419755   0.0008273946
       -0.0003290482   0.0005225023   0.1142077424   0.1025230908  -0.0483491274
       -0.0024286223  -0.0062167882   0.0051722951   0.0000284663  -0.0000306230
       -0.0000355622   0.0000481246   0.0000459256   0.0000469024   0.0001006384
        0.0000582875   0.0000592342  -0.0004067236  -0.0000289209  -0.0001902842
       -0.0879390118  -0.1873809583   0.0735451448  -0.0105525233  -0.0252127517
        0.0096922648  -0.0007365365   0.0006943569   0.0003797657   0.0030679827
       -0.0022136713  -0.0011698469   0.0000128807   0.0001436999  -0.0001345970
        0.0003161285   0.0004197192   0.0000713700   0.0000154919  -0.0000437765
        0.0000386722  -0.0008091417   0.0007931360  -0.0004485555  -0.0000681607
       -0.0001658607   0.0000581795  -0.0066716821  -0.0033235566  -0.0003656161
        0.0003819300   0.0000521982  -0.0002393446   0.0000961990   0.0001061907
       -0.0000096179  -0.0001068955  -0.0028127476  -0.0000204259  -0.0002995730
        0.0011277420  -0.0001790021   0.1025230908   0.2159313675  -0.0817806729
        0.0002756189   0.0015408284   0.0005838637   0.0000326252   0.0000348754
       -0.0000917552  -0.0000018905   0.0000788859  -0.0000351783  -0.0001389905
        0.0001007284  -0.0000180242   0.0006024580   0.0001295942   0.0001233762
        0.0475514316   0.0760034305  -0.0801259296  -0.0017046067  -0.0032677907
        0.0021053547  -0.0000975970  -0.0008052633   0.0003560695   0.0000377112
       -0.0004189412   0.0004820598  -0.0001039987  -0.0003304295   0.0001805066
       -0.0000518298   0.0000828889  -0.0000026592  -0.0000216259   0.0000211093
       -0.0000170829  -0.0022367463  -0.0002413846  -0.0015935330  -0.0006109999
       -0.0005648693   0.0001264626  -0.0099330430  -0.0121557052   0.0054760179
        0.0002710306   0.0001925617   0.0004683796  -0.0000300622   0.0000202582
       -0.0000038407  -0.0000949024  -0.0002035224   0.0001659699   0.0000631445
       -0.0003692525  -0.0002515129  -0.0483491274  -0.0817806729   0.0874755495
        0.0157222573   0.0235366083  -0.0151838313  -0.0000140649   0.0000034427
        0.0000499679   0.0000076898  -0.0000331026   0.0000281146   0.0000777759
        0.0000074809   0.0000002417  -0.0004824367   0.0003031539   0.0002636953
       -0.0471201892   0.0034918437   0.0440970288  -0.0036131420   0.0051835526
        0.0158855455  -0.0014432307   0.0032580904   0.0004453464   0.0003186824
       -0.0006561007   0.0000050090   0.0002071860   0.0000311399  -0.0000616168
       -0.0002172823  -0.0001575152   0.0000909719  -0.0001506183   0.0001477970
       -0.0000034492   0.0012740623  -0.0001693248  -0.0009645371   0.0003061578
        0.0002544533   0.0005014409  -0.0080554271  -0.0041297937  -0.0374035063
        0.0000498287   0.0004213011   0.0004897177  -0.0000022724   0.0001185711
       -0.0000294174  -0.0000591534  -0.0002269210  -0.0002176810   0.0014212509
       -0.0017370613  -0.0005265502  -0.0024286223   0.0002756189   0.0157222573
        0.0608476508  -0.0065020954  -0.0383622531  -0.0009029285  -0.0000479433
       -0.0002666698   0.0000053066  -0.0000305646   0.0000154733  -0.0000069299
        0.0000416745   0.0000956406  -0.0004303294   0.0004332777   0.0004872494
        0.0044876598  -0.0476694736  -0.0224617122   0.0073212296  -0.0069062932
       -0.0264353223   0.0029919290  -0.0045969356  -0.0017421169   0.0006134507
        0.0007889179  -0.0015588719   0.0000583238  -0.0006042076   0.0003438142
       -0.0000942635  -0.0002071097  -0.0001757113   0.0001392646   0.0000707059
        0.0001570967   0.0001678585   0.0006308627  -0.0012860695   0.0001358059
       -0.0000613630   0.0001705743  -0.0017867253   0.0020712719  -0.0019854192
        0.0002614312   0.0000057443  -0.0001130961  -0.0000125528   0.0001047207
        0.0000899234  -0.0003313317   0.0003233209   0.0005664837  -0.0013911107
        0.0014670402   0.0005970811  -0.0062167882   0.0015408284   0.0235366083
       -0.0065020954   0.0529608271   0.0300692955   0.0001274651   0.0001776129
        0.0000948125   0.0000428419  -0.0000087418   0.0000011362   0.0000439100
        0.0000229721  -0.0000616198  -0.0000563025  -0.0001107005   0.0001931134
        0.0430915031  -0.0245964944  -0.2453195086   0.0044367182  -0.0046759885
       -0.0099155809   0.0006014626  -0.0016236587  -0.0000638174  -0.0003977021
        0.0007160432   0.0003688092  -0.0000681139  -0.0002058232   0.0002720667
       -0.0000685764   0.0000949773  -0.0001864023   0.0000641031   0.0001957543
        0.0001007872   0.0012341117   0.0009387691  -0.0005800069   0.0005018527
        0.0001707436   0.0000463983  -0.0169215942  -0.0027525680  -0.0258391067
        0.0005731363   0.0002069417   0.0013784452  -0.0001332674  -0.0000646408
        0.0001253302   0.0000759960   0.0002421777   0.0001564608  -0.0000195992
        0.0009327907   0.0011525518   0.0051722951   0.0005838637  -0.0151838313
       -0.0383622531   0.0300692955   0.2935382711  -0.0000153180  -0.0001174411
        0.0001592070   0.0001155426   0.0000606174   0.0000183954  -0.0000154828
        0.0000157479  -0.0000365798   0.0001351856  -0.0001911073  -0.0001918891
       -0.0004825591   0.0001397181  -0.0000943598  -0.0003009319   0.0000518431
        0.0002488336   0.0000141839  -0.0001022102  -0.0000687997  -0.0000681337
        0.0000510430  -0.0003295161   0.0000401558   0.0001616053   0.0001927128
        0.0013889913   0.0005378453   0.0010702111   0.0000316906   0.0001618936
        0.0000108823  -0.0085331669   0.0041400574   0.0059786495   0.0024199975
       -0.0013971419  -0.0001977648   0.0014496092   0.0009332887  -0.0008417513
       -0.1485365901   0.1954050236   0.0304170003  -0.0003445279  -0.0001583695
        0.0001947116   0.0000575366  -0.0001317448   0.0001435906   0.0000974735
       -0.0002301062  -0.0000613939   0.0000284663   0.0000326252  -0.0000140649
       -0.0009029285   0.0001274651  -0.0000153180   0.1538219425  -0.1996663458
       -0.0364484215  -0.0001067380  -0.0001510442  -0.0002100149   0.0000059875
        0.0000067541  -0.0000208707  -0.0000804588   0.0000878000   0.0000456839
       -0.0000862204  -0.0000530723   0.0001444624  -0.0001258958  -0.0002334273
       -0.0001357002   0.0000677576   0.0001056509   0.0000182239  -0.0000865881
        0.0001022359   0.0003382463  -0.0000646206   0.0000915340  -0.0004109878
        0.0009445237  -0.0005944345  -0.0024939654   0.0002655920  -0.0003733820
        0.0000222142   0.0003446687  -0.0022481096  -0.0067800623   0.0005348807
        0.0006508749   0.0004507453  -0.0002439702   0.0005397143   0.0003157909
        0.1979207111  -0.2698101851  -0.0337356269  -0.0001015871   0.0009765274
        0.0002890933   0.0002161877  -0.0002972861  -0.0001493902   0.0001496103
        0.0001100352  -0.0000209618  -0.0000306230   0.0000348754   0.0000034427
       -0.0000479433   0.0001776129  -0.0001174411  -0.1996663458   0.2709116650
        0.0424062984   0.0001127552  -0.0000503806  -0.0001363450  -0.0000718683
        0.0000119035  -0.0000197171  -0.0000310243  -0.0000523518   0.0000116803
       -0.0000034048   0.0001006508  -0.0001710120   0.0000546507   0.0000953268
       -0.0000776504  -0.0000388337  -0.0000521596   0.0000463465  -0.0000280668
       -0.0000578363  -0.0002020723   0.0000296888  -0.0000135351   0.0001294437
        0.0018496751  -0.0001137125  -0.0054328486   0.0007143749  -0.0013013806
       -0.0003620470   0.0202428587  -0.0298743224  -0.0112383669   0.0014908381
       -0.0016024579   0.0004144629  -0.0000803818   0.0003540005   0.0011728105
        0.0132551581  -0.0108985555  -0.0378808093  -0.0004289826   0.0009758274
        0.0004779432  -0.0001174554   0.0001909156   0.0001442794  -0.0001808151
        0.0000297748  -0.0000469124  -0.0000355622  -0.0000917552   0.0000499679
       -0.0002666698   0.0000948125   0.0001592070  -0.0364484215   0.0424062984
        0.0529369673  -0.0000285166  -0.0002374631  -0.0001075827   0.0000053519
       -0.0000056080  -0.0000019882   0.0000145142   0.0000011792  -0.0000101386
       -0.0001828173  -0.0000515236  -0.0002766110  -0.0008629157   0.0002949255
       -0.0004354781  -0.0001116157  -0.0001089741   0.0000274665  -0.0031584023
       -0.0038479308   0.0009309185   0.0003477000   0.0000576738   0.0007276979
       -0.0203391420  -0.0048625475  -0.0052535969  -0.0000237585  -0.0003135728
       -0.0010531264   0.0014706584  -0.0012157983  -0.0001175856   0.0002886321
       -0.0004549508   0.0000269043   0.0002849654   0.0008383255   0.0002183466
        0.0000626733   0.0001691941   0.0002457527  -0.2881416094  -0.0391592631
       -0.1816820756   0.0005592719  -0.0000081096   0.0003949759  -0.0003759931
       -0.0004041687   0.0002160868   0.0000481246  -0.0000018905   0.0000076898
        0.0000053066   0.0000428419   0.0001155426  -0.0001067380   0.0001127552
       -0.0000285166   0.3100014424   0.0489168743   0.1860204182   0.0002827842
       -0.0000082426  -0.0000068536  -0.0000485669   0.0000043823  -0.0000779561
       -0.0000561136  -0.0001654387  -0.0001076345  -0.0009189440   0.0000543972
       -0.0002742179   0.0000157851   0.0000363729  -0.0000512871  -0.0019440547
       -0.0021973724   0.0014837268   0.0000174590  -0.0000213330  -0.0000099575
       -0.0230272494  -0.0066450657  -0.0141522234  -0.0001625896   0.0010180758
        0.0003081170  -0.0018121191  -0.0001716606  -0.0005079465   0.0001795430
       -0.0004089446   0.0004083073   0.0004013687   0.0006639499   0.0000028522
        0.0004264222   0.0002228886   0.0000773544  -0.0221261163  -0.0233998115
        0.0078919591   0.0002818399  -0.0001919423  -0.0001212067   0.0000242341
       -0.0002392243   0.0000857517   0.0000459256   0.0000788859  -0.0000331026
       -0.0000305646  -0.0000087418   0.0000606174  -0.0001510442  -0.0000503806
       -0.0002374631   0.0489168743   0.0314007281   0.0051645870  -0.0000188482
        0.0000286330   0.0000269292  -0.0000618082  -0.0000040158  -0.0000151628
       -0.0001300678   0.0000567863  -0.0001446895   0.0002052263   0.0000813067
        0.0004571857  -0.0000363917  -0.0000836162   0.0000384259   0.0005885198
        0.0018636543  -0.0001162990   0.0000556638   0.0001100672   0.0004688730
        0.0132768328  -0.0005079815   0.0059295559   0.0017692007   0.0006496236
        0.0022727413  -0.0005651099  -0.0002882151   0.0006340517  -0.0000521338
        0.0000322243   0.0002802006   0.0005430309   0.0000816641  -0.0000449203
        0.0004027735   0.0002180493  -0.0001204159  -0.2019993438  -0.0069012606
       -0.1513616193  -0.0000536259  -0.0002302276   0.0001048218   0.0001235549
       -0.0000297603  -0.0000247226   0.0000469024  -0.0000351783   0.0000281146
        0.0000154733   0.0000011362   0.0000183954  -0.0002100149  -0.0001363450
       -0.0001075827   0.1860204182   0.0051645870   0.1418603377  -0.0000429725
       -0.0000886626  -0.0001937068   0.0000420637   0.0000421484   0.0000212525
       -0.0005545593   0.0000799772  -0.0001374694   0.0007749825  -0.0003546584
       -0.0006491834  -0.0000566336  -0.0001430616   0.0000848733  -0.0173886352
        0.0069060277  -0.0036303652  -0.0000966699   0.0002902945  -0.0006257506
       -0.0024562294   0.0032191524   0.0001831891   0.0003073352  -0.0000156633
        0.0008199519  -0.0011046460  -0.0000313981  -0.0005995769  -0.0000599003
        0.0002900144   0.0000930080   0.0003773251  -0.0000028219   0.0001568229
        0.0000879167   0.0001353828   0.0002510274   0.0006146747   0.0001818128
        0.0003410522  -0.3261692409   0.0102101050  -0.1663823899   0.0009645143
        0.0014295737   0.0004656177   0.0001006384  -0.0001389905   0.0000777759
       -0.0000069299   0.0000439100  -0.0000154828   0.0000059875  -0.0000718683
        0.0000053519   0.0002827842  -0.0000188482  -0.0000429725   0.3445469525
       -0.0218394084   0.1692914885  -0.0001696665  -0.0001695318   0.0003130319
       -0.0000001477   0.0001578702  -0.0001605754   0.0015730746   0.0002311810
        0.0011395616   0.0001672997  -0.0003846476   0.0002080056   0.0290408839
       -0.0054040556   0.0137826063   0.0005542030   0.0006325764  -0.0001175251
        0.0024939719  -0.0041136207  -0.0012288484  -0.0000769161  -0.0000334759
        0.0000656263   0.0015298437   0.0000266490   0.0005757086   0.0000749779
       -0.0002505685  -0.0000211075  -0.0002539957   0.0001888462  -0.0000367029
       -0.0002584969   0.0000324135   0.0001246393  -0.0002996627   0.0000175739
        0.0001537850  -0.0125495255  -0.0298503120  -0.0233484234  -0.0002931398
        0.0012807417   0.0002353758   0.0000582875   0.0001007284   0.0000074809
        0.0000416745   0.0000229721   0.0000157479   0.0000067541   0.0000119035
       -0.0000056080  -0.0000082426   0.0000286330  -0.0000886626  -0.0218394084
        0.0368518550   0.0091243901   0.0000385646   0.0004527363  -0.0004254741
       -0.0003168877   0.0000491896  -0.0001760638  -0.0010558737  -0.0003755341
        0.0005583297  -0.0002212063   0.0004164198  -0.0003406382   0.0094594157
        0.0019141952   0.0031585671   0.0015488740  -0.0006720859   0.0016254117
       -0.0002121462  -0.0012492613   0.0002287531  -0.0000485090  -0.0000419990
        0.0002990736   0.0000169471  -0.0000847729   0.0003533624   0.0000737950
       -0.0000146273   0.0000034341   0.0003041452   0.0000813742  -0.0000040927
       -0.0000881381   0.0002144249   0.0000720832   0.0000732818   0.0003212881
        0.0000047574  -0.1798346256  -0.0099271561  -0.1056988320   0.0009027279
       -0.0001956599  -0.0006773418   0.0000592342  -0.0000180242   0.0000002417
        0.0000956406  -0.0000616198  -0.0000365798  -0.0000208707  -0.0000197171
       -0.0000019882  -0.0000068536   0.0000269292  -0.0001937068   0.1692914885
        0.0091243901   0.1007133009  -0.0000204391   0.0005122464   0.0001119283
       -0.0000530516  -0.0003039606   0.0004552029  -0.0234608107  -0.0195940369
        0.0055634855   0.0007312764  -0.0001983492   0.0000285723  -0.0044664712
       -0.0006079108  -0.0028141018   0.0002144759   0.0001919485  -0.0004309678
       -0.0005230491  -0.0011569695   0.0001746128  -0.0000533902  -0.0000202332
        0.0000148367  -0.0004917365  -0.0002344635   0.0002469738   0.0001086552
        0.0000333242   0.0000221539   0.0011260604   0.0000307256   0.0003257848
        0.0002871032   0.0001824397  -0.0001848266  -0.0004182880   0.0001103719
       -0.0002422360   0.0002274545   0.0008085447   0.0001507625  -0.1677269893
       -0.1668633728   0.0626088055  -0.0004067236   0.0006024580  -0.0004824367
       -0.0004303294  -0.0000563025   0.0001351856  -0.0000804588  -0.0000310243
        0.0000145142  -0.0000485669  -0.0000618082   0.0000420637  -0.0001696665
        0.0000385646  -0.0000204391   0.1956345061   0.1871300545  -0.0656079463
        0.0000926330   0.0021290928  -0.0002365705  -0.0007251716   0.0002700607
       -0.0049839504  -0.0005582008   0.0005453716   0.0005420819  -0.0017113517
       -0.0005926455  -0.0002594033   0.0002793573   0.0001965335  -0.0005807767
        0.0000979358  -0.0002119515   0.0001411515  -0.0001319462  -0.0000076291
       -0.0000709624   0.0000321289  -0.0000942262   0.0001677894  -0.0000616476
        0.0000462560  -0.0000210934   0.0002952931  -0.0001640857  -0.0001793814
       -0.0001629839   0.0000142841  -0.0000306791  -0.0002173913  -0.0000939561
       -0.0001660029  -0.0000804827   0.0005941421  -0.0003823893  -0.1846052341
       -0.2271548708   0.1089476367  -0.0000289209   0.0001295942   0.0003031539
        0.0004332777  -0.0001107005  -0.0001911073   0.0000878000  -0.0000523518
        0.0000011792   0.0000043823  -0.0000040158   0.0000421484  -0.0001695318
        0.0004527363   0.0005122464   0.1871300545   0.2241083616  -0.1035550708
        0.0000073143   0.0003269158   0.0004925110  -0.0122041973  -0.0160722260
        0.0041014840  -0.0017466958  -0.0012093907   0.0015654838  -0.0028687301
        0.0006491509  -0.0008829344  -0.0000403071   0.0000720666   0.0002077711
       -0.0003718690  -0.0004244716   0.0003999846   0.0000350627  -0.0000385857
        0.0000266891   0.0000603882   0.0001874834  -0.0000203366   0.0000121148
       -0.0000517187   0.0000267318  -0.0000006002  -0.0004241177  -0.0002297446
       -0.0000143027  -0.0000965445  -0.0000064173  -0.0001277906  -0.0000827153
       -0.0001261022   0.0003482965   0.0002163894  -0.0002060041   0.0819415376
        0.1206153017  -0.0714353690  -0.0001902842   0.0001233762   0.0002636953
        0.0004872494   0.0001931134  -0.0001918891   0.0000456839   0.0000116803
       -0.0000101386  -0.0000779561  -0.0000151628   0.0000212525   0.0003130319
       -0.0004254741   0.0001119283  -0.0656079463  -0.1035550708   0.0658914043
