   -0.13637867
    0.08824070
   -0.24953756
    0.37084432
   -0.46308642
   -0.25395989
    0.07507476
   -0.12542070
   -0.16514262
    0.03853846
   -0.12754305
    0.36838561
   -0.45648466
   -0.26017980
    0.07341480
   -0.13192122
   -0.26289549
    0.08059169
   -0.12565335
    0.07595294
    0.08835046
    0.07651354
    0.05341172
    0.06554793
    0.09507119
    0.06526332
    0.05292285
    0.06715288
    0.08512593
    0.09232532
    0.10802552
    0.06343861
    0.09443973
    0.07551667
    0.05697061
    0.08623737
    0.06731973
    0.07959892
    0.08825912
    0.07242540
    0.05324333
