   -0.12757723
    0.07556185
   -0.25284130
    0.38421125
   -0.46170542
   -0.26965767
    0.07234288
   -0.13314019
   -0.13506091
    0.03651997
   -0.12523913
    0.38262463
   -0.47578513
   -0.25727170
    0.07567172
   -0.12779200
   -0.26776024
    0.08439146
   -0.12067099
    0.08330515
    0.07383010
    0.05387483
    0.06033291
    0.09342787
    0.08775140
    0.07107443
    0.06729675
    0.08509037
    0.06661827
    0.07724992
    0.10988285
    0.06457107
    0.09254617
    0.05250602
    0.08610386
    0.07078142
    0.06023745
    0.08138843
    0.05847023
    0.08197963
    0.06485903
