           1           2   1.01379279211625     
           2           3  0.908540994458186     
           3           4   1.18923390521450     
           3           5  0.178811486061068     
           4           5   1.70782418951407     
           4           6  0.957055897089455     
           6           7  0.976249100742850     
           7           8  0.927632811842964     
           7           9  0.956513016093682     
           9          10   1.64694569962322     
           9          11   1.23107999213460     
          10          11  0.166580286299103     
          11          12  0.889273182309993     
          12          13   1.01295693703268     
           7          14  0.969330929656884     
          10          15  0.153984462096808     
          14          15  0.989808781449954     
          14          16  0.123042416076796     
          15          16   1.51854645049760     
          15          17   1.28903285723162     
          17          18  0.897378256108287     
          15          19   1.22132965287186     
          19          20  0.922123672769534     
           1          21  0.978801968038168     
           1          22  0.985484028060901     
           1          23  0.983716783778673     
           2          24  0.967075094737700     
           2          25  0.970013992244173     
           6          26  0.966630596433555     
           6          27  0.943146009863861     
          12          28  0.970443084711639     
          12          29  0.966501309133865     
          13          30  0.982366687639435     
          13          31  0.984497766500153     
          13          32  0.976415581514482     
          18          33  0.974010143251608     
          18          34  0.977306507405643     
          18          35  0.971571641048443     
          20          36  0.976182838445597     
          20          37  0.973150827508189     
          20          38  0.978754248198012     
