           1           2  0.972034146586435     
           2           3  0.959847020191474     
           2           4  0.969506888246418     
           4           5  0.953020729639684     
           4           6  0.962224375298951     
           6           7  0.961136156270147     
           6           8  0.954496954502830     
           8           9  0.950853182832225     
           1          10  0.966777146023876     
           8          10  0.970840268173322     
           8          11   1.00171823765758     
           6          12   1.00528408933922     
           4          13  0.997018742548872     
           2          14   1.00461151231190     
           1          15  0.967466992755080     
           1          16  0.966765382167743     
          11          17  0.834158570175844     
          12          18  0.846644185588318     
          13          19  0.847135983489773     
          14          20  0.853432726671824     
