   -0.13063870
    0.07526915
   -0.25721934
    0.36374119
   -0.47670334
   -0.26530135
    0.09277830
   -0.12385187
   -0.11357410
    0.03467056
   -0.11925572
    0.37309298
   -0.47324041
   -0.25871042
    0.07388379
   -0.12767397
   -0.25979707
    0.08082417
   -0.13448707
    0.05469975
    0.08596144
    0.07339665
    0.06206010
    0.09323999
    0.05092206
    0.07513798
    0.08126672
    0.07373797
    0.05382317
    0.12434877
    0.07198846
    0.09055908
    0.07506477
    0.06409995
    0.08868382
    0.06393344
    0.05687262
    0.07312612
    0.08566744
    0.07869044
    0.06891250
