           1           2   1.01856553607012     
           2           3  0.881753121438997     
           3           4   1.32890912119959     
           4           5   1.54832939049062     
           4           6   1.35530796651255     
           6           7  0.859845958561966     
           7           8   1.02035793315723     
           4           9  0.956230140729738     
           5           9  0.136525545106085     
           9          10  0.980426365346250     
          10          11  0.991277766676709     
          11          12  0.935750546088286     
          11          13  0.137403028540148     
          12          13   1.54405881655209     
          12          14   1.34816146097034     
          14          15  0.861067401777827     
          15          16   1.02231648624763     
          12          17   1.32259535367215     
          17          18  0.886557196134556     
          18          19   1.02208059236791     
           1          20  0.983261983389305     
           1          21  0.982255384052996     
           1          22  0.975320673979859     
           2          23  0.970708878885184     
           2          24  0.967087243528048     
           7          25  0.965976606271320     
           7          26  0.970577467011567     
           8          27  0.980598625461200     
           8          28  0.973088908501814     
           8          29  0.981520992522110     
          10          30  0.956664938929910     
          10          31  0.956834736760911     
          15          32  0.965346405397412     
          15          33  0.969261637354190     
          16          34  0.980111622822862     
          16          35  0.982856187336699     
          16          36  0.973623310637934     
          18          37  0.964391022127905     
          18          38  0.965154978074676     
          19          39  0.982136582251312     
          19          40  0.975623280638750     
          19          41  0.975093181679314     
