           1           2   1.01883275906631     
           2           3  0.904858299011457     
           3           4   1.20238049243207     
           3           5  0.175962112053810     
           4           5   1.68057118423091     
           4           6  0.972717330127652     
           6           7  0.996023356896673     
           7           8  0.930706912899324     
           7           9  0.954478972720483     
           9          10   1.69022639811314     
           9          11   1.18705036142531     
          10          11  0.170624544358976     
          11          12  0.897285986181676     
          12          13   1.01383007561487     
           7          14  0.956209575887624     
          14          15  0.978089743191113     
          14          16  0.134047475534180     
          15          16   1.53765393518054     
          15          17   1.29640606623211     
          17          18  0.910357369232754     
          15          19   1.32506826100222     
          19          20  0.890996509948196     
           1          21  0.983655071144177     
           1          22  0.982355066899875     
           1          23  0.978457873187588     
           2          24  0.966259891047758     
           2          25  0.969071444390648     
           6          26  0.950116121541606     
           6          27  0.932166865573995     
          12          28  0.969646483766762     
          12          29  0.967812650796931     
          13          30  0.984688573489268     
          13          31  0.977574325795426     
          13          32  0.983580092046860     
          18          33  0.976390169664273     
          18          34  0.976733929370804     
          18          35  0.971306286448577     
          20          36  0.971785273347974     
          20          37  0.973416349267572     
          20          38  0.977470311104791     
