   -0.12879705
    0.07482780
   -0.25271750
    0.37249556
   -0.49159268
   -0.25999603
    0.07125667
   -0.13404950
   -0.11209078
    0.03669141
   -0.14995446
    0.35682566
   -0.45806415
   -0.26285203
    0.07803549
   -0.12374044
   -0.26384833
    0.07096336
   -0.12708086
    0.07621498
    0.05175830
    0.08304874
    0.05639865
    0.09361091
    0.09603592
    0.07748058
    0.06937731
    0.09027135
    0.06711641
    0.11967595
    0.07362659
    0.08553377
    0.07339275
    0.06631137
    0.06012176
    0.08953726
    0.07478652
    0.09599180
    0.06226698
    0.05496670
    0.08616324
