   -0.11969719
    0.08898032
   -0.25097143
    0.36073270
   -0.46593784
   -0.25906953
    0.07111678
   -0.12616446
   -0.14277482
    0.03854426
   -0.11366335
    0.37208609
   -0.47599766
   -0.26291472
    0.06855762
   -0.12450946
   -0.25834630
    0.07151869
   -0.13238872
    0.07505405
    0.05221141
    0.07570751
    0.04824821
    0.07717282
    0.07321813
    0.09699460
    0.08825094
    0.06572312
    0.05233684
    0.08041272
    0.11295569
    0.09799877
    0.07893455
    0.06232690
    0.08545230
    0.05370717
    0.07240353
    0.09024104
    0.06655036
    0.06673686
    0.08826148
