   -0.13097039
    0.08297446
   -0.25217472
    0.35304900
   -0.45572603
   -0.26276236
    0.07014539
   -0.12637372
   -0.14627528
    0.03151621
   -0.12057173
    0.37282386
   -0.48581170
   -0.25637982
    0.09294268
   -0.13186722
   -0.25178605
    0.07578382
   -0.12867457
    0.06794832
    0.06785550
    0.08740055
    0.06745409
    0.08034310
    0.07431185
    0.09427629
    0.05335120
    0.08590201
    0.06352099
    0.08049763
    0.13119663
    0.06350806
    0.04673215
    0.07882168
    0.08324215
    0.06635601
    0.09437008
    0.06393079
    0.08852739
    0.05583033
    0.07476137
