           1           2   1.02123511468383     
           2           3  0.867164705338443     
           3           4   1.35166848141816     
           4           5   1.53516717598267     
           4           6   1.33120874528093     
           6           7  0.882727817540159     
           7           8   1.02204578805390     
           4           9  0.934908845074518     
           5           9  0.139222499938215     
           9          10  0.983017909408136     
          10          11  0.989590254584317     
          11          12  0.950184579644408     
          11          13  0.140158837733799     
          12          13   1.53389722099409     
          12          14   1.35856423474382     
          14          15  0.866202067423155     
          15          16   1.02412858475208     
          12          17   1.31753617933653     
          17          18  0.889027176612183     
          18          19   1.02071843751926     
           1          20  0.980550777555319     
           1          21  0.974618458367544     
           1          22  0.983384111358552     
           2          23  0.965701218031254     
           2          24  0.968014342170704     
           7          25  0.964375236207324     
           7          26  0.962718173803052     
           8          27  0.982085680322716     
           8          28  0.976178487716893     
           8          29  0.976100683566784     
          10          30  0.952885931509269     
          10          31  0.960107416380310     
          15          32  0.964317132432901     
          15          33  0.970540482098037     
          16          34  0.982045033303204     
          16          35  0.973225896237414     
          16          36  0.971141037962622     
          18          37  0.962020862081276     
          18          38  0.963750557220578     
          19          39  0.977278028788350     
          19          40  0.976425026335706     
          19          41  0.982658055341181     
