           1           2   1.01801154593868     
           2           3  0.882629817451306     
           3           4   1.32317856017028     
           4           5   1.51572010877268     
           4           6   1.33595983648274     
           6           7  0.870216712966324     
           7           8   1.02057750660420     
           4           9  0.996441601614707     
           5           9  0.133533211349612     
           9          10  0.982451999478697     
          10          11  0.988986084911833     
          11          12  0.980490501294352     
          11          13  0.132097179469497     
          12          13   1.51836949503861     
          12          14   1.32810503765788     
          14          15  0.885900281532629     
          15          16   1.02223335416189     
          12          17   1.32006184399270     
          17          18  0.880912195576022     
          18          19   1.02208801594273     
           1          20  0.982185560523635     
           1          21  0.975336254819854     
           1          22  0.983476055693146     
           2          23  0.971811835674371     
           2          24  0.967064527897016     
           7          25  0.970332566439807     
           7          26  0.963329266999369     
           8          27  0.974471356168839     
           8          28  0.982798798038636     
           8          29  0.982461602277544     
          10          30  0.954136346553625     
          10          31  0.954232852960068     
          15          32  0.967430885295043     
          15          33  0.964103325498715     
          16          34  0.975917069654409     
          16          35  0.982311068152746     
          16          36  0.977830873054504     
          18          37  0.966537535350948     
          18          38  0.966484554712076     
          19          39  0.982496893824130     
          19          40  0.977464265815277     
          19          41  0.975995050774885     
