   -0.12708173
    0.06999160
   -0.24697250
    0.37176167
   -0.46570130
   -0.11009183
   -0.00270539
    0.15281465
    0.36760792
   -0.43086810
   -0.21727447
    0.07325045
   -0.13848007
   -0.10249552
    0.32267944
   -0.48838780
   -0.27840378
    0.03256776
   -0.28706674
    0.03701278
    0.05178105
    0.07326055
    0.07494867
    0.09059363
    0.05565279
    0.13155278
    0.12766097
    0.07892029
    0.06536401
    0.07467489
    0.08371257
    0.08509391
    0.09430343
    0.07936259
    0.07057332
    0.06555182
    0.09608311
    0.06875257
