   -0.13167045
    0.07055426
   -0.26340930
    0.37786394
   -0.45388020
   -0.25103200
    0.08484725
   -0.13170173
   -0.15411231
    0.04313068
   -0.15835019
    0.38275361
   -0.43969481
   -0.26481193
    0.08108186
   -0.13504180
   -0.27483253
    0.08255454
   -0.12594534
    0.06060617
    0.06807904
    0.09329983
    0.09654251
    0.07853269
    0.05808263
    0.06982886
    0.07649169
    0.06202013
    0.08462828
    0.09254446
    0.09332744
    0.07032541
    0.06693012
    0.07559265
    0.08897090
    0.07171164
    0.06220907
    0.08557138
    0.05305594
    0.08341685
    0.06992874
