           1           2   1.02400943717742     
           2           3  0.881969166326224     
           3           4   1.33625098880828     
           4           5   1.51021237944404     
           4           6   1.36789485080414     
           6           7  0.860140233374348     
           7           8   1.02156039331865     
           4           9  0.942208721734581     
           5           9  0.138885610267869     
           9          10  0.991653356751111     
          10          11  0.987594870771739     
          11          12  0.947708844859590     
          11          13  0.136592147479106     
          12          13   1.52448943901085     
          12          14   1.33354466107278     
          14          15  0.882824713138810     
          15          16   1.02373001884730     
          12          17   1.36938580753251     
          17          18  0.859656098167200     
          18          19   1.02085380056591     
           1          20  0.975530160118642     
           1          21  0.974604208006368     
           1          22  0.982185000053680     
           2          23  0.962082170699803     
           2          24  0.966505597214021     
           7          25  0.969631125843652     
           7          26  0.964585839436410     
           8          27  0.980967315552033     
           8          28  0.977078692601608     
           8          29  0.974025653158062     
          10          30  0.950000277855306     
          10          31  0.949128916464257     
          15          32  0.962201660417136     
          15          33  0.967206814558296     
          16          34  0.975726837410285     
          16          35  0.974430463328057     
          16          36  0.982054788698115     
          18          37  0.962311173595193     
          18          38  0.969526363199671     
          19          39  0.973055888806994     
          19          40  0.982289903781475     
          19          41  0.979887142594760     
