           1           2   1.02409910107800     
           2           3  0.866048786970443     
           3           4   1.34035854011589     
           4           5   1.53647684462899     
           4           6   1.32158229650954     
           6           7  0.886336045765704     
           7           8   1.02123630317959     
           4           9  0.947364723567403     
           5           9  0.140650104997994     
           9          10  0.990603633585920     
          10          11  0.982893870348702     
          11          12  0.952538875468677     
          11          13  0.139442151708791     
          12          13   1.54707254227860     
          12          14   1.33543045164696     
          14          15  0.872408388825068     
          15          16   1.02001655330435     
          12          17   1.32691979243122     
          17          18  0.884021861815002     
          18          19   1.02333524166336     
           1          20  0.973909411123240     
           1          21  0.974573405449133     
           1          22  0.980595714323762     
           2          23  0.964209194031218     
           2          24  0.970022955041342     
           7          25  0.967167744833115     
           7          26  0.964511884829375     
           8          27  0.978886402560950     
           8          28  0.976368829880604     
           8          29  0.983321312250441     
          10          30  0.954653373289931     
          10          31  0.956610607167118     
          15          32  0.965562463876939     
          15          33  0.966342813311112     
          16          34  0.981199882974633     
          16          35  0.975166209753696     
          16          36  0.982649446145946     
          18          37  0.968130684631461     
          18          38  0.963272405349029     
          19          39  0.974025553197134     
          19          40  0.975733522346194     
          19          41  0.981758112656906     
