   -0.13214695
    0.07838087
   -0.25639918
    0.37241445
   -0.47522013
   -0.25400177
    0.08193361
   -0.13366217
   -0.12741125
    0.03640093
   -0.13646792
    0.36049554
   -0.46195799
   -0.26131033
    0.07829019
   -0.12854823
   -0.25975413
    0.09167666
   -0.12361387
    0.08838756
    0.06872532
    0.06866441
    0.07281176
    0.08474843
    0.05634877
    0.06891883
    0.07055266
    0.08532308
    0.07802584
    0.07763570
    0.12724394
    0.08971051
    0.05473479
    0.08271791
    0.05904513
    0.06970005
    0.05429731
    0.08022088
    0.05625746
    0.08333132
    0.07350003
