           1           2   1.02020818692927     
           2           3  0.889393115392884     
           3           4   1.31908763343785     
           4           5   1.49532281727581     
           4           6   1.34876138873347     
           6           7  0.885545953988661     
           7           8   1.02052050195410     
           4           9  0.978010123843638     
           5           9  0.148154452649266     
           9          10  0.980915270624946     
          10          11  0.988509742613086     
          11          12   1.00708652270695     
          11          13  0.135199699360449     
          12          13   1.49446020975839     
          12          14   1.32394648414598     
          14          15  0.887779264603039     
          15          16   1.02258712657233     
          12          17   1.32483236299328     
          17          18  0.875859231295615     
          18          19   1.01943188369833     
           1          20  0.981999695254471     
           1          21  0.976684810448351     
           1          22  0.976324874484248     
           2          23  0.965303422679942     
           2          24  0.964065622531012     
           7          25  0.965531588359809     
           7          26  0.964509955331810     
           8          27  0.983184214298886     
           8          28  0.980575923039588     
           8          29  0.976947515609047     
          10          30  0.957130945730316     
          10          31  0.942165079558123     
          15          32  0.966944758967627     
          15          33  0.964642389294825     
          16          34  0.973884861587243     
          16          35  0.975781475759896     
          16          36  0.981273914213035     
          18          37  0.972036139567281     
          18          38  0.966481027536350     
          19          39  0.981413246734500     
          19          40  0.974885677386982     
          19          41  0.980745120320793     
