           1           2   1.02180479334090     
           2           3  0.872397640241810     
           3           4   1.31793202284780     
           4           5   1.50353394757619     
           4           6   1.33291395365186     
           6           7  0.884399610907722     
           7           8   1.02272760732032     
           4           9  0.982878066663495     
           5           9  0.138617429394851     
           9          10  0.987509475240585     
          10          11  0.983203495105293     
          11          12  0.968844010804491     
          11          13  0.136744518494753     
          12          13   1.50244032666578     
          12          14   1.30899481011343     
          14          15  0.891183210551350     
          15          16   1.02212706257243     
          12          17   1.34041834482429     
          17          18  0.871755325305745     
          18          19   1.02134754105996     
           1          20  0.978574487437316     
           1          21  0.975679184605247     
           1          22  0.982838878367434     
           2          23  0.970580013369712     
           2          24  0.965743218146060     
           7          25  0.965003468934457     
           7          26  0.966695344579024     
           8          27  0.974972832497523     
           8          28  0.981845696521675     
           8          29  0.975617941575262     
          10          30  0.950751144455974     
          10          31  0.956449744066290     
          15          32  0.966675316948945     
          15          33  0.964517784432729     
          16          34  0.970896314743509     
          16          35  0.975917001463508     
          16          36  0.981675860502421     
          18          37  0.967965614415025     
          18          38  0.961282750769922     
          19          39  0.982233334781412     
          19          40  0.973960429296951     
          19          41  0.978809948281152     
