   -0.13186560
    0.07292967
   -0.25071384
    0.37003835
   -0.47460438
   -0.26328582
    0.07481577
   -0.13289266
   -0.11319094
    0.03786616
   -0.16167784
    0.37930157
   -0.46403193
   -0.25393890
    0.07148205
   -0.12667517
   -0.27390125
    0.07792924
   -0.12738653
    0.05604378
    0.08467723
    0.07616665
    0.06011413
    0.09375962
    0.09121115
    0.06666271
    0.07025418
    0.08910104
    0.06963096
    0.10865176
    0.08881567
    0.06602626
    0.09795317
    0.04830867
    0.08790902
    0.07151821
    0.06155011
    0.08899887
    0.08376914
    0.07235806
    0.05632162
