   -0.13159539
    0.07836869
   -0.25438468
    0.36290922
   -0.48578821
   -0.26473268
    0.08032914
   -0.12186487
   -0.11999335
    0.02522101
   -0.14129376
    0.36314896
   -0.45471300
   -0.26376203
    0.07687438
   -0.13555977
   -0.27546677
    0.08002798
   -0.13161548
    0.08582189
    0.07666460
    0.06082088
    0.05844593
    0.08395703
    0.09064360
    0.05703982
    0.07214045
    0.08210215
    0.04767663
    0.13158072
    0.12461282
    0.06115164
    0.08449630
    0.06480410
    0.08676255
    0.07665199
    0.07150141
    0.07144448
    0.08811971
    0.06803048
    0.06942144
