           1           2   1.02114879153446     
           2           3  0.873880633525530     
           3           4   1.34173440126391     
           4           5   1.49758296489199     
           4           6   1.31787413968956     
           6           7  0.891517453655604     
           7           8   1.02186562540172     
           4           9  0.983206857668970     
           5           9  0.137397068647503     
           9          10  0.983124226157572     
          10          11  0.984949586455139     
          11          12  0.977827369441860     
          11          13  0.131961688623286     
          12          13   1.54289159013033     
          12          14   1.31042851808721     
          14          15  0.876454687112998     
          15          16   1.02167296143537     
          12          17   1.33836902285395     
          17          18  0.864861903435706     
          18          19   1.01973845514146     
           1          20  0.974562664055705     
           1          21  0.981783794077356     
           1          22  0.979788404555482     
           2          23  0.962465072928979     
           2          24  0.966860146563957     
           7          25  0.964589447191003     
           7          26  0.967805202836268     
           8          27  0.981140326158551     
           8          28  0.976480210958787     
           8          29  0.972866517533254     
          10          30  0.948352324502196     
          10          31  0.951233939948587     
          15          32  0.961259497839422     
          15          33  0.965505770182648     
          16          34  0.975168840243518     
          16          35  0.973741867188916     
          16          36  0.981172471939983     
          18          37  0.971060811856020     
          18          38  0.967749289220605     
          19          39  0.973891956709450     
          19          40  0.983464699968517     
          19          41  0.982918615679697     
