   -0.13381127
    0.08341872
   -0.26007043
    0.35604399
   -0.44288052
   -0.25181631
    0.08475263
   -0.12576783
   -0.17091317
    0.04133737
   -0.14748261
    0.38597667
   -0.45880982
   -0.26748641
    0.07121941
   -0.13106393
   -0.25346839
    0.07434827
   -0.12669156
    0.07549707
    0.08576292
    0.07073943
    0.06595025
    0.06102450
    0.06488553
    0.07230665
    0.06287455
    0.08720157
    0.07530729
    0.09535309
    0.10297105
    0.09411436
    0.07545058
    0.06684701
    0.06356886
    0.08720491
    0.09472475
    0.06394081
    0.07144639
    0.08616896
    0.04982467
