   -0.13062960
    0.07960288
   -0.26395270
    0.37325638
   -0.46146286
   -0.25570186
    0.08028283
   -0.13167948
   -0.14753003
    0.03987317
   -0.14397326
    0.37382012
   -0.45167950
   -0.25166354
    0.07351142
   -0.13143931
   -0.26203734
    0.08413713
   -0.13086250
    0.06273364
    0.07361005
    0.08281863
    0.08426140
    0.05409941
    0.07819600
    0.06215792
    0.07252135
    0.08920885
    0.06519104
    0.09511189
    0.10066369
    0.06355524
    0.09516693
    0.07390788
    0.05540474
    0.08577664
    0.07565436
    0.06689065
    0.06667819
    0.06962952
    0.08489002
