           1           2   1.02380761325327     
           2           3  0.869216857828158     
           3           4   1.32646252279781     
           4           5   1.50103828857693     
           4           6   1.32682001345853     
           6           7  0.884599135350800     
           7           8   1.01819960244190     
           4           9   1.01283164611000     
           5           9  0.140683818176631     
           9          10  0.979462935553867     
          10          11  0.992284557302455     
          11          12  0.967427714506475     
          11          13  0.135728690388782     
          12          13   1.52677427483870     
          12          14   1.32820057939694     
          14          15  0.881596584942096     
          15          16   1.02387685115434     
          12          17   1.35405356343838     
          17          18  0.860815435096499     
          18          19   1.02093781549950     
           1          20  0.982980290944682     
           1          21  0.974428215773980     
           1          22  0.975623198202631     
           2          23  0.969790060111386     
           2          24  0.966083418847446     
           7          25  0.964764098360617     
           7          26  0.971654233079290     
           8          27  0.982105681010828     
           8          28  0.984001996677748     
           8          29  0.975585798188504     
          10          30  0.946089844111496     
          10          31  0.957265832660881     
          15          32  0.962696062882976     
          15          33  0.966746498181421     
          16          34  0.982417236444479     
          16          35  0.975439356378179     
          16          36  0.974433192253583     
          18          37  0.963158219646364     
          18          38  0.970209591022881     
          19          39  0.973148437390409     
          19          40  0.983012642704159     
          19          41  0.981505082600271     
