   -0.13480618
    0.07618955
   -0.25326275
    0.37252978
   -0.48664544
   -0.09365115
    0.00831758
    0.11657710
    0.37056029
   -0.45815892
   -0.25822045
    0.07101605
   -0.11843780
   -0.11987977
    0.38559159
   -0.47206851
   -0.25290648
    0.00609591
   -0.26030373
    0.00934569
    0.07437301
    0.07889185
    0.07057290
    0.06443471
    0.06000329
    0.08997260
    0.11802417
    0.06492868
    0.09702976
    0.07953847
    0.06119873
    0.04998562
    0.09254417
    0.11393137
    0.09486231
    0.11336826
    0.07851831
    0.08993943
