           1           2   1.01420735162699     
           2           3  0.904783961402345     
           3           4   1.20529898944646     
           3           5  0.172180367644100     
           4           5   1.66628725564226     
           4           6  0.973543842024202     
           6           7  0.994987720561300     
           7           8  0.951731842905006     
           7           9  0.950613520156111     
           9          10   1.63278303711412     
           9          11   1.21887170707504     
          10          11  0.162826471955925     
          11          12  0.898255745569134     
          12          13   1.01297791450988     
           7          14  0.948080999203753     
          10          15  0.103323834844786     
          14          15   1.00831406860154     
          14          16  0.136749497386450     
          15          16   1.47502878151914     
          15          17   1.28043490411661     
          17          18  0.903272572030284     
          15          19   1.27804310451900     
          19          20  0.915345440058275     
           1          21  0.985940236955063     
           1          22  0.983799362846050     
           1          23  0.978256194927251     
           2          24  0.966424985341824     
           2          25  0.969766471434599     
           6          26  0.922200218633395     
           6          27  0.950601546245715     
          12          28  0.970570414997877     
          12          29  0.966734159591613     
          13          30  0.984900442289966     
          13          31  0.977707961369408     
          13          32  0.983498877989475     
          18          33  0.972673002125374     
          18          34  0.976141592659881     
          18          35  0.980605792010931     
          20          36  0.978130131939633     
          20          37  0.973258042111591     
          20          38  0.973850972167184     
