           1           2   1.01884948775611     
           2           3  0.904179199950154     
           3           4   1.20686431853484     
           3           5  0.175042422329717     
           4           5   1.67367792159457     
           4           6  0.974137795564106     
           6           7  0.994745586092518     
           7           8  0.934276888655731     
           7           9  0.955451152614104     
           9          10   1.68632211446457     
           9          11   1.18377575180099     
          10          11  0.167029572003267     
          11          12  0.896712675492311     
          12          13   1.01979694190278     
           7          14  0.957530287760507     
          14          15  0.968985055016003     
          14          16  0.133637505595362     
          15          16   1.52915277473259     
          15          17   1.28882441759149     
          17          18  0.912356131041792     
          15          19   1.33048588574861     
          19          20  0.888494311390051     
           1          21  0.982109216305865     
           1          22  0.984014760813070     
           1          23  0.978277038084861     
           2          24  0.969632212030602     
           2          25  0.965169311034805     
           6          26  0.947980906453491     
           6          27  0.932880555903970     
          12          28  0.968356366962724     
          12          29  0.968397597938608     
          13          30  0.982922301130351     
          13          31  0.977678264083079     
          13          32  0.981695957677490     
          18          33  0.976084417553043     
          18          34  0.971809543610315     
          18          35  0.975494146323801     
          20          36  0.973920724619770     
          20          37  0.976785729181034     
          20          38  0.971034376916756     
