           1           2   1.02135539641416     
           2           3  0.865370902445098     
           3           4   1.34904066775914     
           4           5   1.54477299901668     
           4           6   1.32737834510343     
           6           7  0.884780321221911     
           7           8   1.02236202896342     
           4           9  0.944797728171956     
           5           9  0.133585108938691     
           9          10   1.00074620124364     
          10          11  0.967868533841234     
          11          12  0.965622228458550     
          11          13  0.110919176523996     
          12          13   1.54309997372626     
          12          14   1.32044995526935     
          14          15  0.888017453593773     
          15          16   1.02216898157771     
          12          17   1.30841676370597     
          17          18  0.884082355774297     
          18          19   1.02054401248433     
           1          20  0.974629063899159     
           1          21  0.983330102017748     
           1          22  0.980279201301405     
           2          23  0.963791139516890     
           2          24  0.967422378514865     
           7          25  0.964474040736839     
           7          26  0.969096935412554     
           8          27  0.980446279417386     
           8          28  0.975621191301518     
           8          29  0.976135125182643     
          10          30  0.955702722374883     
          10          31  0.957985978673716     
          15          32  0.966719191420881     
          15          33  0.964121433078892     
          16          34  0.975009866533165     
          16          35  0.976612930931065     
          16          36  0.979592636423375     
          18          37  0.965188942265280     
          18          38  0.966388280985913     
          19          39  0.979931695828456     
          19          40  0.975914078935850     
          19          41  0.983016253278819     
