           1           2   1.01297343434210     
           2           3  0.904783278720622     
           3           4   1.20975975557268     
           3           5  0.182624103893438     
           4           5   1.68544411068691     
           4           6  0.956085015169081     
           6           7  0.963955587812065     
           7           8  0.950469840305868     
           7           9  0.951403293462449     
           9          10   1.63431016898097     
           9          11   1.22735648082773     
          10          11  0.163706494854577     
          11          12  0.892177809311587     
          12          13   1.01435800668459     
           7          14  0.961135370726341     
          10          15  0.179702893209911     
          14          15  0.967605410482779     
          14          16  0.127351242164542     
          15          16   1.49822628398860     
          15          17   1.28978218915165     
          17          18  0.899519790776690     
          15          19   1.27443810377664     
          19          20  0.915148664253074     
           1          21  0.978028186303219     
           1          22  0.983409781882431     
           1          23  0.985107378980195     
           2          24  0.969941118188973     
           2          25  0.966498316779756     
           6          26  0.959473533912562     
           6          27  0.962003787511540     
          12          28  0.969763348486930     
          12          29  0.966547550308194     
          13          30  0.976594751115319     
          13          31  0.983294035969293     
          13          32  0.983339408716565     
          18          33  0.976504655453421     
          18          34  0.973627508133745     
          18          35  0.978024430009401     
          20          36  0.978238084432148     
          20          37  0.970797975329995     
          20          38  0.974496051148411     
