           1           2   1.01914007817529     
           2           3   1.00796376294940     
           3           4   1.00796114694983     
           4           5   1.01914148071513     
           1           6  0.987263288206956     
           1           7  0.987818805280398     
           1           8  0.987835785819476     
           2           9  0.978613738827526     
           2          10  0.978633058097776     
           3          11  0.977479078931611     
           3          12  0.977490981668396     
           4          13  0.978614807287693     
           4          14  0.978631417564217     
           5          15  0.987263050691052     
           5          16  0.987835019235482     
           5          17  0.987818617508003     
