   -0.12253452
    0.07617338
   -0.25129922
    0.36856546
   -0.47858844
   -0.10663751
    0.00267697
    0.14345362
    0.37346352
   -0.42985176
   -0.21700570
    0.06742894
   -0.13277705
   -0.12853907
    0.33305440
   -0.47155802
   -0.26163706
    0.03115885
   -0.29298047
    0.01684135
    0.05050964
    0.07797468
    0.07447595
    0.07247651
    0.05581092
    0.12235369
    0.12213097
    0.09599263
    0.06469899
    0.08170697
    0.06504046
    0.07974214
    0.06717251
    0.09910618
    0.08204362
    0.10554540
    0.08621856
    0.07759250
