           1           2   1.01813865698749     
           2           3  0.910735993163932     
           3           4   1.19730532401354     
           3           5  0.181607329040545     
           4           5   1.69227560852423     
           4           6  0.961934519143558     
           6           7  0.971499927228655     
           7           8  0.923343937737581     
           7           9  0.955784951468489     
           9          10   1.61159473686084     
           9          11   1.25347998406264     
          10          11  0.165589616591268     
          11          12  0.889956598733756     
          12          13   1.01447551265128     
           7          14  0.973247488864106     
          10          15  0.193233710681229     
          14          15  0.964051007941519     
          14          16  0.130523010738501     
          15          16   1.49400263680870     
          15          17   1.28292189021583     
          17          18  0.915966549837067     
          15          19   1.28036765725045     
          19          20  0.902407291369906     
           1          21  0.982411210307755     
           1          22  0.982151561779007     
           1          23  0.979181443718667     
           2          24  0.964286045712674     
           2          25  0.968872698400134     
           6          26  0.961269047626191     
           6          27  0.947238234539487     
          12          28  0.960977969905113     
          12          29  0.971319982897721     
          13          30  0.976094201148865     
          13          31  0.982633248561206     
          13          32  0.982260130652298     
          18          33  0.975914566009270     
          18          34  0.972067824473870     
          18          35  0.978424251239776     
          20          36  0.972630489006658     
          20          37  0.973570926622084     
          20          38  0.979145366576583     
