           1           2   1.02270282901451     
           2           3  0.876777034756169     
           3           4   1.31959735217810     
           4           5   1.55902049122527     
           4           6   1.30138848234482     
           6           7  0.888821178200502     
           7           8   1.01996682057153     
           4           9  0.977090201723660     
           5           9  0.101946543228725     
           9          10  0.993479704827502     
          10          11  0.966341415455958     
          11          12   1.01077055485178     
          11          13  0.129887560902017     
          12          13   1.51726809627447     
          12          14   1.29483958266503     
          14          15  0.883025539203300     
          15          16   1.02209147259775     
          12          17   1.33481295329921     
          17          18  0.865862833478307     
          18          19   1.01956704273200     
           1          20  0.975594522341088     
           1          21  0.974061314297789     
           1          22  0.981610088574153     
           2          23  0.966523412901557     
           2          24  0.967818681792683     
           7          25  0.967506793436676     
           7          26  0.966081228866480     
           8          27  0.976558920920725     
           8          28  0.982981478334031     
           8          29  0.980514843304715     
          10          30  0.952317370793998     
          10          31  0.952985931637076     
          15          32  0.964105494165913     
          15          33  0.966280573712995     
          16          34  0.976752964817006     
          16          35  0.982478457622444     
          16          36  0.976505733151147     
          18          37  0.970707078615142     
          18          38  0.967156994846033     
          19          39  0.973967351250229     
          19          40  0.983264535368725     
          19          41  0.982644822845252     
