   -0.13667592
    0.06850639
   -0.23991857
    0.37209204
   -0.48154037
   -0.10927998
    0.01197642
    0.11379257
    0.38470998
   -0.43777712
   -0.23504370
    0.06633275
   -0.12692339
   -0.12803857
    0.32533344
   -0.49169880
   -0.28521735
    0.02280974
   -0.24662895
    0.03228063
    0.07799680
    0.06735383
    0.07885841
    0.07789949
    0.06239706
    0.13198632
    0.13703851
    0.09952299
    0.06437477
    0.07139591
    0.08129369
    0.05659026
    0.10283566
    0.07996024
    0.07272013
    0.08652407
    0.10176870
    0.07039190
