           1           2   1.02095912203184     
           2           3  0.880056787029499     
           3           4   1.29903741226908     
           4           5   1.53738880920521     
           4           6   1.31741819559604     
           6           7  0.882104476906008     
           7           8   1.01797874456347     
           4           9  0.987276185276397     
           5           9  0.108794884155229     
           9          10  0.981377783520500     
          10          11  0.990014587707589     
          11          12  0.954059171638390     
          11          13  0.145681446301203     
          12          13   1.51123687009190     
          12          14   1.33736022690916     
          14          15  0.864263359603289     
          15          16   1.02343254753133     
          12          17   1.30372880679872     
          17          18  0.889940323582658     
          18          19   1.02148350435304     
           1          20  0.972344487641189     
           1          21  0.975825075879308     
           1          22  0.977733248643007     
           2          23  0.967095987315409     
           2          24  0.963848251465721     
           7          25  0.967706410585518     
           7          26  0.968893463801810     
           8          27  0.983831474815522     
           8          28  0.974961185167573     
           8          29  0.981489125932151     
          10          30  0.956026225645075     
          10          31  0.936278213914367     
          15          32  0.965122105421769     
          15          33  0.970180265599776     
          16          34  0.979705740572554     
          16          35  0.973196279318490     
          16          36  0.971222151694768     
          18          37  0.965884671592009     
          18          38  0.964051350910559     
          19          39  0.983676602695527     
          19          40  0.978743793406860     
          19          41  0.976643739835139     
