           1           2   1.02198612366242     
           2           3  0.890031693892005     
           3           4   1.31920173956152     
           4           5   1.51307099662934     
           4           6   1.32276450637854     
           6           7  0.874624588940631     
           7           8   1.02372581847741     
           4           9  0.975338590176599     
           5           9  0.132105784903391     
           9          10  0.982881032651365     
          10          11  0.989450477419622     
          11          12  0.946925918506259     
          11          13  0.134793000657547     
          12          13   1.55484236957516     
          12          14   1.33841928085120     
          14          15  0.866328347542475     
          15          16   1.02039932200419     
          12          17   1.32664449726866     
          17          18  0.882880071978757     
          18          19   1.02243174091603     
           1          20  0.975919154541223     
           1          21  0.982777550870470     
           1          22  0.974501035182502     
           2          23  0.965562389003699     
           2          24  0.963956958285645     
           7          25  0.966456878712295     
           7          26  0.965272423871906     
           8          27  0.974905985862703     
           8          28  0.982615214980409     
           8          29  0.977312140562281     
          10          30  0.958608755526750     
          10          31  0.950862475863793     
          15          32  0.970660462713243     
          15          33  0.964674977063325     
          16          34  0.981474756030060     
          16          35  0.982422821351848     
          16          36  0.973728588383088     
          18          37  0.963862430776376     
          18          38  0.968946311039051     
          19          39  0.981814867348729     
          19          40  0.975546602506683     
          19          41  0.977458482422533     
