           1           2   1.01816714788456     
           2           3  0.886211719259792     
           3           4   1.30584021191126     
           4           5   1.54545956428975     
           4           6   1.30845601695467     
           6           7  0.871993819899626     
           7           8   1.01914068116453     
           4           9   1.02585879165548     
           9          10  0.959177576860302     
          10          11   1.00343052976458     
          11          12  0.949412175170964     
          11          13  0.134255748885498     
          12          13   1.54482158554726     
          12          14   1.32685418640999     
          14          15  0.867450431139487     
          15          16   1.02128282815243     
          12          17   1.32628960418778     
          17          18  0.884759054394824     
          18          19   1.02281836637829     
           1          20  0.983045805550179     
           1          21  0.975777112430224     
           1          22  0.983860503237242     
           2          23  0.968090398756394     
           2          24  0.962042120276417     
           7          25  0.971288373210905     
           7          26  0.966158634525338     
           8          27  0.974060997240176     
           8          28  0.982804947031906     
           8          29  0.982091735617908     
          10          30  0.961392803798758     
          10          31  0.951517664099104     
          15          32  0.964143279924723     
          15          33  0.968760447375172     
          16          34  0.980122385221617     
          16          35  0.974520259623372     
          16          36  0.983461883693192     
          18          37  0.964345961658146     
          18          38  0.969118499336082     
          19          39  0.975271425048971     
          19          40  0.980145971010679     
          19          41  0.975190249682379     
