$coord
          6.866830518001          1.333938817779         -0.000075489071     c 
          6.866832436451         -1.333931704095         -0.000135671741     c 
          4.649189378999         -2.636957069546         -0.000038459891     c 
          2.296397046426         -1.351715472808          0.000064942133     c 
          0.000003242203         -2.635784861390          0.000105271341     c 
         -2.296390581485         -1.351715493784          0.000072584752     c 
         -4.649191447493         -2.636959132749          0.000026201806     c 
         -6.866827101376         -1.333938281475         -0.000080008729     c 
         -6.866832704414          1.333938010677         -0.000116852338     c 
         -4.649197632944          2.636958480226         -0.000034020358     c 
         -2.296399781238          1.351715227332          0.000054827564     c 
         -0.000001567528          2.635784310913          0.000091750352     c 
          2.296393147544          1.351712362319          0.000078799493     c 
          4.649194003159          2.636955865035          0.000033263712     c 
          8.649946826324          2.326114714000         -0.000155408794     h 
          8.649946350113         -2.326107822547         -0.000213894490     h 
          4.636695803595         -4.678739694332         -0.000027707918     h 
          0.000022826000         -4.679131050340          0.000115177096     h 
         -4.636719231284         -4.678742705989          0.000056221237     h 
         -8.649915160187         -2.326156404567         -0.000181714913     h 
         -8.649932940240          2.326137553605         -0.000251266466     h 
         -4.636711932406          4.678743690536         -0.000050831738     h 
          0.000000641562          4.679128541729          0.000108720469     h 
          4.636679258100          4.678740562850          0.000038961803     h 
$end
