   -0.12855004
    0.06259085
   -0.25658113
    0.37251650
   -0.45757075
   -0.09416119
    0.00405682
    0.13251736
    0.37665117
   -0.42233302
   -0.23462828
    0.06763849
   -0.12151231
   -0.11770834
    0.33842045
   -0.49182238
   -0.24674259
    0.02875479
   -0.28381545
    0.02342720
    0.05692178
    0.07689721
    0.06516502
    0.06611071
    0.09181598
    0.08260662
    0.12238260
    0.10016125
    0.07481274
    0.06580851
    0.08330772
    0.04853061
    0.07256030
    0.10054472
    0.08852475
    0.07085478
    0.07972603
    0.10212051
