   -0.13007526
    0.07527671
   -0.25781053
    0.36536858
   -0.47206301
   -0.26714660
    0.09192893
   -0.12404337
   -0.12702775
    0.03397092
   -0.10687869
    0.37659718
   -0.48408374
   -0.26451109
    0.07721303
   -0.13268308
   -0.25153137
    0.07507349
   -0.13447572
    0.07287849
    0.05455777
    0.08623060
    0.06270997
    0.09360192
    0.05216660
    0.07637863
    0.05396111
    0.08190555
    0.07347293
    0.12438348
    0.07295160
    0.06871866
    0.08949095
    0.08787244
    0.06988486
    0.06812122
    0.09028434
    0.05608811
    0.06050231
    0.07684597
    0.08389386
