           1           2   1.01368766303240     
           2           3  0.909888653257980     
           3           4   1.19433707810875     
           3           5  0.179027448028825     
           4           5   1.70048899183682     
           4           6  0.965096843697072     
           6           7  0.989605082918790     
           7           8  0.928234473188738     
           7           9  0.959943828168896     
           9          10   1.63470931600785     
           9          11   1.24443701173327     
          10          11  0.167530246348227     
          11          12  0.888832971705393     
          12          13   1.01426620746769     
           7          14  0.957835958901071     
          10          15  0.163155047070890     
          14          15  0.991210198860308     
          14          16  0.126761211378012     
          15          16   1.48101017921761     
          15          17   1.25978554923674     
          17          18  0.914824132866194     
          15          19   1.31164051914606     
          19          20  0.909181382936805     
           1          21  0.978954586188434     
           1          22  0.983911020088191     
           1          23  0.985709993662596     
           2          24  0.969857974396539     
           2          25  0.967251704446300     
           6          26  0.929452531972370     
           6          27  0.961099862028211     
          12          28  0.968795587509416     
          12          29  0.964383876089518     
          13          30  0.976254483825193     
          13          31  0.983529539371327     
          13          32  0.984628299988069     
          18          33  0.979029914615170     
          18          34  0.974638751000962     
          18          35  0.974844078267101     
          20          36  0.974028716087003     
          20          37  0.977559424375008     
          20          38  0.971611995515757     
