           1           2   1.02147489157155     
           2           3  0.887685776334881     
           3           4   1.33594675630023     
           4           5   1.48138421593861     
           4           6   1.33042677026015     
           6           7  0.886011275603335     
           7           8   1.02076280278684     
           4           9  0.959592340976001     
           5           9  0.143738787463552     
           9          10  0.997550000142622     
          10          11  0.974157650704349     
          11          12  0.994311060830016     
          11          13  0.135866898542758     
          12          13   1.51319694595744     
          12          14   1.32082333313163     
          14          15  0.886731815702627     
          15          16   1.01874123949564     
          12          17   1.30490091566220     
          17          18  0.880111482492474     
          18          19   1.02109344456388     
           1          20  0.976268207167092     
           1          21  0.981192475602685     
           1          22  0.975928384810533     
           2          23  0.967115499615008     
           2          24  0.964484480136293     
           7          25  0.963779016333838     
           7          26  0.963237487204514     
           8          27  0.982819405303459     
           8          28  0.978453011820062     
           8          29  0.976647719832597     
          10          30  0.959001014196392     
          10          31  0.944755142274278     
          15          32  0.967961838972837     
          15          33  0.961691084398602     
          16          34  0.982337173951568     
          16          35  0.975821599764131     
          16          36  0.981018615544791     
          18          37  0.965245713601101     
          18          38  0.967197752664696     
          19          39  0.976533338434941     
          19          40  0.978565572008067     
          19          41  0.983533023970209     
