           1           2  0.997233269598076     
           2           3  0.938453289200775     
           3           4   1.11191766290011     
           3           5  0.156403733057822     
           4           5   1.71724087879321     
           4           6   1.00827068090978     
           2           7  0.931762604584479     
           7           8   1.11041758185358     
           7           9  0.157227105380500     
           8           9   1.72129423540091     
           8          10   1.00711610327515     
           1          11  0.978948796424831     
           1          12  0.977849390437800     
           1          13  0.975913267635305     
           2          14  0.948534738776482     
           6          15  0.935578732127153     
           6          16  0.971109480467878     
           6          17  0.964577579304775     
          10          18  0.937419369348467     
          10          19  0.965263457024955     
          10          20  0.971640249409293     
