   -0.12516774
    0.08683872
   -0.26945119
    0.37004634
   -0.46912531
   -0.26152889
    0.07387696
   -0.12746658
   -0.14451836
    0.03674036
   -0.10225554
    0.37054911
   -0.46519821
   -0.26711179
    0.07417553
   -0.13124652
   -0.26563680
    0.07474180
   -0.13288738
    0.05634797
    0.07225855
    0.08320279
    0.08076905
    0.05659996
    0.09448530
    0.06311370
    0.08539814
    0.05389456
    0.06927932
    0.11568438
    0.08630893
    0.08698145
    0.07444145
    0.08974236
    0.06646704
    0.06444347
    0.09271886
    0.06219436
    0.07605697
    0.08647190
    0.05776500
