   -0.12975417
    0.06434153
   -0.26007424
    0.37149141
   -0.46979717
   -0.10072866
    0.01450494
    0.08809673
    0.36767772
   -0.45017629
   -0.25363550
    0.07132016
   -0.12893521
   -0.13022995
    0.38185707
   -0.46653351
   -0.26186118
    0.01808259
   -0.25026817
    0.00796962
    0.07598379
    0.07099710
    0.05491243
    0.06309576
    0.08970042
    0.11904917
    0.11305412
    0.06805916
    0.08446470
    0.08131525
    0.07109854
    0.06156768
    0.11259708
    0.07709228
    0.07554748
    0.11464967
    0.08984495
    0.09362270
