           1           2   1.02080808835198     
           2           3  0.882936429707536     
           3           4   1.32148158084418     
           4           5   1.48752434030613     
           4           6   1.35392185395654     
           6           7  0.886509835317209     
           7           8   1.01934000278574     
           4           9  0.975510511955545     
           5           9  0.150023747918005     
           9          10  0.977353574760076     
          10          11  0.993415487238320     
          11          12  0.960862870306981     
          11          13  0.134065668103829     
          12          13   1.54024693917985     
          12          14   1.32720445999986     
          14          15  0.882850549788093     
          15          16   1.01843830884374     
          12          17   1.36954682289622     
          17          18  0.859524380018993     
          18          19   1.02163341023398     
           1          20  0.975883431607480     
           1          21  0.982870461544853     
           1          22  0.975783504915390     
           2          23  0.962815013075158     
           2          24  0.964567276920083     
           7          25  0.967229354185647     
           7          26  0.965383550515986     
           8          27  0.980441562605758     
           8          28  0.982000540790216     
           8          29  0.976542045858640     
          10          30  0.957875851753727     
          10          31  0.939248455064507     
          15          32  0.970460239950549     
          15          33  0.967571606582239     
          16          34  0.983323871655300     
          16          35  0.982026053991462     
          16          36  0.975409888043172     
          18          37  0.967723247731072     
          18          38  0.963794526741507     
          19          39  0.980136560458139     
          19          40  0.983726960411135     
          19          41  0.973971021969156     
