   -0.13191896
    0.07461657
   -0.24657619
    0.36852407
   -0.47477312
   -0.10884693
    0.00100843
    0.14388988
    0.37184742
   -0.44460208
   -0.22829472
    0.06907097
   -0.13068169
   -0.11817765
    0.34039126
   -0.47508494
   -0.26829412
    0.01798612
   -0.28496224
    0.03100413
    0.07688529
    0.08117234
    0.06193133
    0.05584233
    0.06949848
    0.12652501
    0.12314505
    0.06098033
    0.10051439
    0.07755231
    0.05510044
    0.08132868
    0.08349393
    0.08633895
    0.10808199
    0.08024482
    0.09825090
    0.06698722
