           1           2   1.01872502301000     
           2           3  0.908134330411993     
           3           4   1.20627892921645     
           3           5  0.177208697320399     
           4           5   1.67092135047804     
           4           6  0.968468464931658     
           6           7  0.979439930305522     
           7           8  0.918841078288556     
           7           9  0.956513213994817     
           9          10   1.64805893045511     
           9          11   1.23108952697637     
          10          11  0.169511165356197     
          11          12  0.895846824319292     
          12          13   1.01340834106248     
           7          14  0.966223310548968     
          10          15  0.121206661943786     
          14          15  0.961278924596017     
          14          16  0.140400929382839     
          15          16   1.49363422093712     
          15          17   1.31149225631311     
          17          18  0.895380353639174     
          15          19   1.27637632747497     
          19          20  0.918268454840809     
           1          21  0.978945491533751     
           1          22  0.981695156377325     
           1          23  0.985065084929183     
           2          24  0.967687127055147     
           2          25  0.965441932669137     
           6          26  0.946106811575851     
           6          27  0.954973684452797     
          12          28  0.970659467369217     
          12          29  0.965094907289983     
          13          30  0.982571987959751     
          13          31  0.985022010236619     
          13          32  0.977353864254376     
          18          33  0.978600996259030     
          18          34  0.973454473339335     
          18          35  0.972533558671710     
          20          36  0.978113922235982     
          20          37  0.973725353142866     
          20          38  0.978661948253028     
