           1           2   1.02400650475900     
           2           3  0.881271897381608     
           3           4   1.33283110162101     
           4           5   1.50421110884992     
           4           6   1.35458710874235     
           6           7  0.860010998696779     
           7           8   1.02265980085792     
           4           9  0.966954293957281     
           5           9  0.134771508016796     
           9          10  0.994451188228027     
          10          11  0.974481046496505     
          11          12   1.01367114419141     
          11          13  0.133165260297976     
          12          13   1.51643507118063     
          12          14   1.31458937317351     
          14          15  0.881831188845318     
          15          16   1.02192441761797     
          12          17   1.31702621635723     
          17          18  0.888251043193764     
          18          19   1.02181054264301     
           1          20  0.975324753362452     
           1          21  0.974625284480709     
           1          22  0.982611669911396     
           2          23  0.962401900851184     
           2          24  0.966098787835376     
           7          25  0.970783858919528     
           7          26  0.965662637537446     
           8          27  0.976250843673316     
           8          28  0.973824168180749     
           8          29  0.980368646749845     
          10          30  0.958128412459011     
          10          31  0.948374841176133     
          15          32  0.966870842105886     
          15          33  0.967675326723372     
          16          34  0.975745291097182     
          16          35  0.981626901910190     
          16          36  0.976379919268432     
          18          37  0.964704327942735     
          18          38  0.967912738734302     
          19          39  0.976204993247905     
          19          40  0.976323622797153     
          19          41  0.981544890479819     
