   -0.12325474
    0.08407657
   -0.26239063
    0.37694064
   -0.45524999
   -0.26817351
    0.07870739
   -0.13033456
   -0.14507323
    0.03732377
   -0.14233576
    0.37801753
   -0.46121321
   -0.25742376
    0.08588111
   -0.12607689
   -0.25742068
    0.07525998
   -0.13004261
    0.06470731
    0.05906728
    0.08489620
    0.05965329
    0.08576547
    0.05517729
    0.08766607
    0.06217749
    0.08252655
    0.07044895
    0.10768002
    0.10866347
    0.08116617
    0.05910781
    0.08333874
    0.05626290
    0.07202138
    0.05763254
    0.09211416
    0.06100466
    0.08196519
    0.06973966
