           1           2   1.02198472841389     
           2           3  0.886605247480730     
           3           4   1.32266524450440     
           4           5   1.52034550218621     
           4           6   1.30962007245275     
           6           7  0.882130171086711     
           7           8   1.02216510717280     
           4           9   1.00543314749782     
           5           9  0.132213548456133     
           9          10  0.968614548288401     
          10          11   1.00071090837294     
          11          12  0.965060112089361     
          11          13  0.144333453682250     
          12          13   1.49562880234898     
          12          14   1.31449591670794     
          14          15  0.887824455832874     
          15          16   1.01699246197127     
          12          17   1.34108618129703     
          17          18  0.883141359951084     
          18          19   1.02177170079018     
           1          20  0.982164252506802     
           1          21  0.977415587858877     
           1          22  0.976072441772826     
           2          23  0.967601951838619     
           2          24  0.964133604739751     
           7          25  0.967753441650107     
           7          26  0.966639899892062     
           8          27  0.976150898609715     
           8          28  0.981843068462381     
           8          29  0.976326643343768     
          10          30  0.958418496956463     
          10          31  0.943880466233698     
          15          32  0.969132758461255     
          15          33  0.967425776738883     
          16          34  0.981809807527242     
          16          35  0.975727366988339     
          16          36  0.983354135360462     
          18          37  0.963599388798492     
          18          38  0.968702724054604     
          19          39  0.975513968817770     
          19          40  0.976131890277517     
          19          41  0.981362844992225     
