           1           2   1.02000637979097     
           2           3  0.888717680244015     
           3           4   1.32413678248996     
           4           5   1.50937995144578     
           4           6   1.31684359335360     
           6           7  0.875359387467900     
           7           8   1.02126727168684     
           4           9   1.00725187298025     
           5           9  0.139375679603770     
           9          10  0.970911403093024     
          10          11  0.998479985854520     
          11          12  0.951480501478113     
          11          13  0.136291513340592     
          12          13   1.52852075147263     
          12          14   1.33411273926851     
          14          15  0.882671659902932     
          15          16   1.02382410786343     
          12          17   1.35325215323717     
          17          18  0.865424344306570     
          18          19   1.02091827856010     
           1          20  0.982492074142582     
           1          21  0.978307387118531     
           1          22  0.977186300654040     
           2          23  0.966647785264569     
           2          24  0.967153136903842     
           7          25  0.966485522738035     
           7          26  0.970013952402101     
           8          27  0.975836149574785     
           8          28  0.981057282123364     
           8          29  0.982640586010431     
          10          30  0.946632120017969     
          10          31  0.961799844523535     
          15          32  0.962545954192235     
          15          33  0.966287696687860     
          16          34  0.982183877588414     
          16          35  0.975731617212756     
          16          36  0.973851016341523     
          18          37  0.967560996260712     
          18          38  0.963732065125920     
          19          39  0.981048932364781     
          19          40  0.983130661074471     
          19          41  0.974604905302065     
