           1           2   1.01998404124373     
           2           3  0.888286829461165     
           3           4   1.32420914971033     
           4           5   1.52330316775803     
           4           6   1.34996411045054     
           6           7  0.864561676899009     
           7           8   1.02466014255303     
           4           9  0.958358403570784     
           5           9  0.141307980964459     
           9          10  0.982144259042059     
          10          11  0.985611279324267     
          11          12   1.00076246669719     
          12          13   1.54136384466326     
          12          14   1.30709011450160     
          14          15  0.877634750998590     
          15          16   1.02362695893817     
          12          17   1.30553709304880     
          17          18  0.890604543106613     
          18          19   1.02124666097421     
           1          20  0.976772193327340     
           1          21  0.978842957173381     
           1          22  0.982840598784380     
           2          23  0.965263076835041     
           2          24  0.967462269857228     
           7          25  0.964077546728653     
           7          26  0.968489338875876     
           8          27  0.974214597314128     
           8          28  0.976639078395541     
           8          29  0.981614440684764     
          10          30  0.941648550496122     
          10          31  0.962233253899156     
          15          32  0.963632262003201     
          15          33  0.966648982650288     
          16          34  0.979147516205330     
          16          35  0.975684445496755     
          16          36  0.975992802341972     
          18          37  0.964591856551416     
          18          38  0.966288942302586     
          19          39  0.983108688759599     
          19          40  0.976678252963788     
          19          41  0.975117811508643     
