           1           2   1.01955197738611     
           2           3  0.913055221971360     
           3           4   1.17043369105279     
           3           5  0.177247557341485     
           4           5   1.71766025191259     
           4           6  0.975433750195582     
           6           7  0.975414857919591     
           7           8   1.71766532945163     
           7           9   1.17044529186073     
           8           9  0.177250641615162     
           9          10  0.913061760712476     
          10          11   1.01954921817638     
           1          12  0.979298748893810     
           1          13  0.983039924835831     
           1          14  0.983047167260783     
           2          15  0.968552915234435     
           2          16  0.968558158573760     
           6          17  0.922349689775045     
           6          18  0.922225885190455     
          10          19  0.968553249345160     
          10          20  0.968555881002479     
          11          21  0.979299734898826     
          11          22  0.983038087316297     
          11          23  0.983049074744458     
