   -0.12547914
    0.07175186
   -0.26106160
    0.37518733
   -0.46885461
   -0.25687561
    0.06789636
   -0.12792896
   -0.13574074
    0.04112535
   -0.16676321
    0.37118368
   -0.45618388
   -0.25600734
    0.07583743
   -0.12478834
   -0.25143919
    0.08210433
   -0.13185031
    0.06509494
    0.05540232
    0.08693710
    0.09021537
    0.07604462
    0.07891621
    0.09906773
    0.05709675
    0.08683177
    0.06456765
    0.08908831
    0.10315066
    0.06533700
    0.09362843
    0.05288753
    0.08452364
    0.06573896
    0.05598897
    0.08770957
    0.08579309
    0.07300832
    0.06085765
