   -0.13034261
    0.07756121
   -0.27248931
    0.40100908
   -0.47464528
   -0.27104965
    0.07478166
   -0.13062173
   -0.11905257
    0.02857163
   -0.13673179
    0.39583476
   -0.47984518
   -0.26152411
    0.07924245
   -0.12961503
   -0.27584355
    0.09227664
   -0.11994473
    0.06685531
    0.08881893
    0.06762142
    0.08503669
    0.07167666
    0.09100432
    0.05970871
    0.07521563
    0.08388004
    0.05268463
    0.08235275
    0.12775050
    0.06051023
    0.08889787
    0.07341350
    0.05484307
    0.08594098
    0.05775578
    0.07516727
    0.08191398
    0.06336877
    0.05801107
