   -0.12733585
    0.07867966
   -0.26064939
    0.37618883
   -0.47151581
   -0.25570958
    0.06887163
   -0.12518383
   -0.13849659
    0.04069554
   -0.15762835
    0.38265971
   -0.45591375
   -0.25531983
    0.07806026
   -0.12642939
   -0.26301661
    0.06950155
   -0.13137003
    0.07286968
    0.08337434
    0.05401212
    0.08783976
    0.06338837
    0.07095834
    0.09822549
    0.06739639
    0.05315274
    0.08379589
    0.09429618
    0.09417175
    0.09343858
    0.05938791
    0.05500629
    0.06630130
    0.08084532
    0.07686296
    0.09515535
    0.06281946
    0.09161702
    0.06899660
