   185
          6          1          6
          6          7         12
          6         13         18
          5         19         23
          1         24         24
          6         25         30
          6         31         36
          6         37         42
          6         43         48
          6         49         54
          6         55         60
          6         61         66
          6         67         72
          6         73         78
          6         79         84
          3         85         87
          6         88         93
          6         94         99
          2        100        101
          3        102        104
          5        105        109
          5        110        114
          5        115        119
          6        120        125
          6        126        131
          5        132        136
          6        137        142
          5        143        147
          1        148        148
          6        149        154
          5        155        159
          1        160        160
          5        161        165
          3        166        168
          6        169        174
          6        175        180
          2        181        182
          6        183        188
          5        189        193
          1        194        194
          5        195        199
          6        200        205
          3        206        208
          2        209        210
          2        211        212
          6        213        218
          6        219        224
          2        225        226
          6        227        232
          1        233        233
          3        234        236
          6        237        242
          5        243        247
          1        248        248
          6        249        254
          4        255        258
          1        259        259
          3        260        262
          1        263        263
          3        264        266
          5        267        271
          6        272        277
          3        278        280
          3        281        283
          5        284        288
          4        289        292
          1        293        293
          5        294        298
          3        299        301
          3        302        304
          6        305        310
          1        311        311
          4        312        315
          2        316        317
          5        318        322
          1        323        323
          1        324        324
          1        325        325
          3        326        328
          5        329        333
          4        334        337
          2        338        339
          1        340        340
          3        341        343
          5        344        348
          4        349        352
          4        353        356
          2        357        358
          6        359        364
          4        365        368
          2        369        370
          3        371        373
          3        374        376
          1        377        377
          3        378        380
          3        381        383
          1        384        384
          3        385        387
          2        388        389
          1        390        390
          4        391        394
          7        395        401
          4        402        405
          3        406        408
          5        409        413
          5        414        418
          3        419        421
          3        422        424
          3        425        427
          2        428        429
          1        430        430
          1        431        431
          2        432        433
          3        434        436
          3        437        439
          3        440        442
          5        443        447
          1        448        448
          4        449        452
          3        453        455
          4        456        459
          5        460        464
          4        465        468
          1        469        469
          3        470        472
          2        473        474
          2        475        476
          2        477        478
          4        479        482
          5        483        487
          2        488        489
          3        490        492
          1        493        493
          1        494        494
          5        495        499
          2        500        501
          1        502        502
          1        503        503
          1        504        504
          1        505        505
          3        506        508
          3        509        511
          1        512        512
          2        513        514
          2        515        516
          1        517        517
          1        518        518
          1        519        519
          3        520        522
          1        523        523
          2        524        525
          2        526        527
          1        528        528
          2        529        530
          3        531        533
          1        534        534
          2        535        536
          2        537        538
          1        539        539
          3        540        542
          2        543        544
          1        545        545
          3        546        548
          1        549        549
          1        550        550
          3        551        553
          1        554        554
          4        555        558
          1        559        559
          2        560        561
          1        562        562
          2        563        564
          2        565        566
          2        567        568
          2        569        570
          1        571        571
          2        572        573
          3        574        576
          1        577        577
          1        578        578
          4        579        582
          1        583        583
          2        584        585
          1        586        586
          1        587        587
