           1           2   1.02256272422575     
           2           3  0.876673776462832     
           3           4   1.32834836362265     
           4           5   1.51443857725598     
           4           6   1.32916472424999     
           6           7  0.882824076390680     
           7           8   1.01787185078002     
           4           9  0.978811001386706     
           5           9  0.133454491911378     
           9          10  0.986094248282426     
          10          11  0.989650757396782     
          11          12  0.979763016737935     
          11          13  0.137883009123053     
          12          13   1.51339768238896     
          12          14   1.32182067422461     
          14          15  0.877564982310441     
          15          16   1.01970886575735     
          12          17   1.31209234660476     
          17          18  0.873413527298530     
          18          19   1.02251439098018     
           1          20  0.977307965582896     
           1          21  0.981863424279614     
           1          22  0.975509813758448     
           2          23  0.965826902536172     
           2          24  0.966292016202751     
           7          25  0.967944178870182     
           7          26  0.971068645967125     
           8          27  0.983104124493122     
           8          28  0.975431345902921     
           8          29  0.981740927138959     
          10          30  0.953980471277914     
          10          31  0.953243167763371     
          15          32  0.965209321922363     
          15          33  0.971066841034129     
          16          34  0.979171208563535     
          16          35  0.974758919605637     
          16          36  0.981836662335764     
          18          37  0.964606752178575     
          18          38  0.968636318116747     
          19          39  0.976730607090917     
          19          40  0.983110057728460     
          19          41  0.975462113100951     
