   -0.13792566
    0.07833796
   -0.27250108
    0.36920097
   -0.46106339
   -0.27505997
    0.09425931
   -0.12325363
   -0.11164791
    0.03615560
   -0.11507074
    0.37931207
   -0.47910527
   -0.25996910
    0.07361526
   -0.12797782
   -0.26415445
    0.06778139
   -0.12584352
    0.06981554
    0.07261675
    0.09111158
    0.08722497
    0.06331057
    0.04724161
    0.07431583
    0.05261215
    0.07895755
    0.07198889
    0.11850672
    0.06735165
    0.08892247
    0.07238468
    0.06150165
    0.08913762
    0.06729172
    0.07867160
    0.09902732
    0.05358036
    0.08648121
    0.06285755
