           1           2   1.01392550840718     
           2           3  0.905722005346363     
           3           4   1.17018670647100     
           3           5  0.174190411600524     
           4           5   1.70801374684284     
           4           6  0.976716915257436     
           6           7  0.996397061131756     
           7           8  0.933671956639061     
           7           9  0.956637825433152     
           9          10   1.64590923848664     
           9          11   1.22613994055829     
          10          11  0.163919138107929     
          11          12  0.895638770282994     
          12          13   1.01408588624200     
           7          14  0.958334764426096     
          10          15  0.128320303179421     
          14          15  0.957498203119085     
          14          16  0.128167027808644     
          15          16   1.51975249295454     
          15          17   1.28726921133764     
          17          18  0.902712889826724     
          15          19   1.30757684734156     
          19          20  0.909958213224082     
           1          21  0.984654345381966     
           1          22  0.978298533497780     
           1          23  0.984783288048772     
           2          24  0.969402021472856     
           2          25  0.968647874719316     
           6          26  0.948262940542031     
           6          27  0.927911257217493     
          12          28  0.969473416792955     
          12          29  0.966167776757433     
          13          30  0.984583650922464     
          13          31  0.977121130253249     
          13          32  0.983664002275028     
          18          33  0.972637638474177     
          18          34  0.978498210639377     
          18          35  0.970521733949979     
          20          36  0.977283688705524     
          20          37  0.970638694006545     
          20          38  0.977061457563461     
