   -0.11508762
    0.07914532
   -0.26204099
    0.35776580
   -0.46413990
   -0.26870552
    0.07564994
   -0.12917452
   -0.12866817
    0.02978808
   -0.11805570
    0.35597894
   -0.46840180
   -0.25693799
    0.07830278
   -0.12745561
   -0.26300982
    0.07590483
   -0.12958697
    0.05615130
    0.05246358
    0.08290588
    0.07024526
    0.08906317
    0.08955704
    0.06456388
    0.07212530
    0.08734133
    0.05294222
    0.08392185
    0.13476314
    0.07621829
    0.07385535
    0.06764043
    0.09032784
    0.06434300
    0.09342431
    0.06088354
    0.08648141
    0.05388455
    0.07562626
