           1           2   1.02242862362201     
           2           3  0.874272981543477     
           3           4   1.33120551911265     
           4           5   1.49393764475651     
           4           6   1.30932190194051     
           6           7  0.890410195141959     
           7           8   1.02163560740659     
           4           9   1.00803357464450     
           5           9  0.142599687191356     
           9          10  0.981873981039445     
          10          11  0.990184043834458     
          11          12  0.965248143047274     
          11          13  0.134950255393966     
          12          13   1.53557180036723     
          12          14   1.35736123111434     
          14          15  0.858972154973569     
          15          16   1.02106784311934     
          12          17   1.32396455981965     
          17          18  0.886810515562331     
          18          19   1.02236673941775     
           1          20  0.983689634746836     
           1          21  0.976413652204632     
           1          22  0.976241043748945     
           2          23  0.969658670001764     
           2          24  0.965324459822342     
           7          25  0.964577312098968     
           7          26  0.966482039765504     
           8          27  0.981823010474645     
           8          28  0.976188763643420     
           8          29  0.975354931155265     
          10          30  0.936875711819390     
          10          31  0.953665160529744     
          15          32  0.970483759885452     
          15          33  0.963026789956412     
          16          34  0.983221671442499     
          16          35  0.973074182723989     
          16          36  0.982776874512185     
          18          37  0.964244776964322     
          18          38  0.969133538246652     
          19          39  0.975596946638993     
          19          40  0.975232865752591     
          19          41  0.980133511835655     
