   -0.13356717
    0.07229726
   -0.26133594
    0.37791903
   -0.44780081
   -0.25000292
    0.07481166
   -0.12197014
   -0.15654937
    0.04028748
   -0.13237754
    0.37033322
   -0.47234106
   -0.25629544
    0.07466795
   -0.12814593
   -0.25752430
    0.07801396
   -0.12697188
    0.06694840
    0.08576310
    0.06956938
    0.06893649
    0.09064316
    0.09334077
    0.06173624
    0.08280094
    0.04816406
    0.06864420
    0.09930296
    0.09316302
    0.06521002
    0.09302186
    0.05306711
    0.08479942
    0.06794235
    0.06507260
    0.08905531
    0.07213646
    0.05253726
    0.08469683
