           1           2   1.02114009078091     
           2           3  0.865606123590743     
           3           4   1.34694486636872     
           4           5   1.55615891157723     
           4           6   1.32241614438438     
           6           7  0.888527006732698     
           7           8   1.02144925805135     
           4           9  0.933771357731818     
           5           9  0.134826022878570     
           9          10  0.987749611895147     
          10          11  0.985645416773740     
          11          12  0.989055411729377     
          11          13  0.132660699673466     
          12          13   1.51181244171197     
          12          14   1.32417686537561     
          14          15  0.888075269035058     
          15          16   1.02228800590305     
          12          17   1.32603836972447     
          17          18  0.876693141168011     
          18          19   1.02292752108975     
           1          20  0.980670141482412     
           1          21  0.974495788004258     
           1          22  0.983093305105254     
           2          23  0.964916041010935     
           2          24  0.966575643843686     
           7          25  0.964163631217955     
           7          26  0.967351264135511     
           8          27  0.976644786758804     
           8          28  0.977660608021577     
           8          29  0.981964372868187     
          10          30  0.954177996851441     
          10          31  0.956876920628190     
          15          32  0.967263695978681     
          15          33  0.964219115165951     
          16          34  0.977427514610426     
          16          35  0.976213593108440     
          16          36  0.982557754545052     
          18          37  0.966758060156473     
          18          38  0.964955523618895     
          19          39  0.982119374076686     
          19          40  0.977235874742845     
          19          41  0.975550700250873     
