           1           2   1.33235893198047     
           2           3   1.55306374799845     
           3           4   1.24284148812354     
           1           5   1.55306373746439     
           3           5  0.138297067772345     
           4           5   1.24284148558746     
           1           6  0.976020537491689     
           2           7  0.976020539454079     
           3           8  0.971324815042099     
           4           9  0.930911915534492     
           5          10  0.971324806736430     
