   -0.13045549
    0.06150061
   -0.25189501
    0.37398917
   -0.46500483
   -0.09659986
    0.00751174
    0.12550661
    0.37302231
   -0.46198538
   -0.23066438
    0.07602887
   -0.13808773
   -0.13356428
    0.37587062
   -0.47000814
   -0.25711522
    0.01291904
   -0.27986661
    0.02405639
    0.06968147
    0.07821335
    0.05390057
    0.09170643
    0.06725355
    0.11783138
    0.08415827
    0.06959682
    0.06488800
    0.08205004
    0.07699588
    0.07905536
    0.11376437
    0.09041202
    0.08994991
    0.07839718
    0.10477156
    0.07221540
