           1           2   1.01325789226500     
           2           3  0.908398513602175     
           3           4   1.19640688641424     
           3           5  0.180131061856049     
           4           5   1.70062850829029     
           4           6  0.960013934756254     
           6           7  0.979118783405170     
           7           8  0.928107088099814     
           7           9  0.951465009036468     
           9          10   1.65647216034288     
           9          11   1.22979189255293     
          10          11  0.173044719749883     
          11          12  0.895884378754194     
          12          13   1.01976128194823     
           7          14  0.959775410253251     
          14          15  0.969831969779930     
          14          16  0.132627631509398     
          15          16   1.51715025010574     
          15          17   1.33114812303195     
          17          18  0.888174295890246     
          15          19   1.27638539784909     
          19          20  0.915418436583720     
           1          21  0.983965611094627     
           1          22  0.978394848109718     
           1          23  0.984852207601519     
           2          24  0.967059610790323     
           2          25  0.969668266940326     
           6          26  0.947908731332166     
           6          27  0.963755219481987     
          12          28  0.967433554145589     
          12          29  0.966626171212591     
          13          30  0.977417430224292     
          13          31  0.982445809623073     
          13          32  0.982101059141912     
          18          33  0.971313639828704     
          18          34  0.977566193118460     
          18          35  0.973537073675837     
          20          36  0.973744293891356     
          20          37  0.973054011412891     
          20          38  0.978259489533504     
