   -0.12841373
    0.07702212
   -0.27073386
    0.37722166
   -0.47807469
   -0.26188300
    0.06964936
   -0.12650810
   -0.12935965
    0.03191991
   -0.15941902
    0.36771009
   -0.44049706
   -0.25612528
    0.09448268
   -0.12508726
   -0.26923072
    0.07205853
   -0.12635676
    0.08540221
    0.06785330
    0.06271935
    0.08525677
    0.07420399
    0.07816872
    0.09842995
    0.08718460
    0.06506769
    0.05533089
    0.12451388
    0.08869246
    0.07480962
    0.04423003
    0.07991325
    0.05689655
    0.07092260
    0.09686598
    0.07296599
    0.05718146
    0.06801499
    0.08700049
