   -0.13441880
    0.08738539
   -0.26503574
    0.35986408
   -0.45802602
   -0.25777001
    0.09565745
   -0.13019623
   -0.13703904
    0.03505625
   -0.10019446
    0.36618816
   -0.48673458
   -0.25992689
    0.07096812
   -0.13396760
   -0.24828013
    0.07324795
   -0.13091978
    0.07717039
    0.07085749
    0.08541880
    0.05449517
    0.06486546
    0.05166975
    0.05773508
    0.06618389
    0.08208516
    0.07639544
    0.11987758
    0.08011400
    0.07263267
    0.09478971
    0.08903874
    0.07125552
    0.06923682
    0.09517681
    0.06012754
    0.07643232
    0.08479451
    0.05378905
