   -0.12895481
    0.08298594
   -0.27325493
    0.37651126
   -0.45202873
   -0.26280812
    0.06989932
   -0.12706975
   -0.14570078
    0.03145350
   -0.13796002
    0.38384004
   -0.45196013
   -0.27126822
    0.09325606
   -0.12131962
   -0.28022317
    0.07416401
   -0.12258577
    0.08695911
    0.06378878
    0.06750608
    0.06828064
    0.07886475
    0.07542278
    0.09761802
    0.08696369
    0.06599193
    0.05488794
    0.12840727
    0.08693751
    0.07697030
    0.05416370
    0.08208968
    0.05367799
    0.06612472
    0.09558674
    0.06879681
    0.05509871
    0.06444939
    0.08443737
