           1           2   1.01805618868511     
           2           3  0.883669419343644     
           3           4   1.31810899039669     
           4           5   1.55578292434521     
           4           6   1.35589844395396     
           6           7  0.858647425915108     
           7           8   1.02103502496166     
           4           9  0.967841077078889     
           5           9  0.136480261520710     
           9          10  0.975878138151708     
          10          11  0.995077052266601     
          11          12  0.962792681032162     
          11          13  0.134975123658093     
          12          13   1.51219169777932     
          12          14   1.36222376988238     
          14          15  0.856934587138031     
          15          16   1.02473254815967     
          12          17   1.33179279851603     
          17          18  0.884027599263565     
          18          19   1.02368378503425     
           1          20  0.975405271470779     
           1          21  0.983725300842865     
           1          22  0.981924741467011     
           2          23  0.969747211309951     
           2          24  0.967884855530893     
           7          25  0.963325415973852     
           7          26  0.969664146376513     
           8          27  0.982749296643221     
           8          28  0.981270490776143     
           8          29  0.972964860196383     
          10          30  0.959489012323657     
          10          31  0.947529120933245     
          15          32  0.965726504866632     
          15          33  0.964136516887177     
          16          34  0.981097913492857     
          16          35  0.975586141156217     
          16          36  0.973197423977043     
          18          37  0.966583913453356     
          18          38  0.962542745436705     
          19          39  0.975879032983045     
          19          40  0.982721639454164     
          19          41  0.974603150665172     
