$coord
         -3.663237818080          7.006751102079          1.843339241939     c 
         -2.919250087579          5.989093336702         -0.750886133127     c 
         -0.298369043296          5.223791317299         -0.840815304119     n 
          0.491211624627          2.854061101000         -0.484429661622     c 
         -1.211713901123          0.999802109221         -0.356434891023     n 
         -0.285946924855         -1.324553895230         -0.068469047782     c 
          2.211529243906         -1.860081778835          0.081703830206     n 
          3.704673255423          0.126296168698         -0.066629616322     c 
          3.013129876367          2.510872151800         -0.339195517963     n 
          6.963381889464         -0.375878369755          0.120758272757     s 
          7.094387372579         -3.794111030206          0.476347917709     c 
         -1.821956442157         -3.311594931914          0.103722001584     n 
         -4.583083078060         -3.308953619625         -0.001594584204     c 
         -5.441925239569         -6.046489361429          0.320465406620     c 
         -5.633840448284         -1.676341429902          2.143078387382     c 
         -5.452492157354         -2.286116664386         -2.564479177922     c 
         -3.368608223452          5.565810033485          3.278461141924     h 
         -2.534506962752          8.653870242837          2.324956438793     h 
         -5.644183042181          7.538942549799          1.836850015248     h 
         -3.211131428437          7.436368555406         -2.192421790951     h 
         -4.048139189881          4.328319677985         -1.212764293575     h 
          1.050450290135          6.566732522104         -0.749195014918     h 
          6.084271619306         -4.321382082253          2.178019322675     h 
          9.082212449945         -4.264739718596          0.618622461782     h 
          6.243403437064         -4.663807866952         -1.171008609667     h 
         -0.937057337082         -4.987105782286          0.307581837133     h 
         -4.810420571549         -6.792492892835          2.127391199690     h 
         -7.490410371186         -6.141092751794          0.258531627002     h 
         -4.690921399570         -7.220858856444         -1.188627418155     h 
         -4.949658373453          0.247948717789          1.944518112513     h 
         -5.023160782268         -2.409845733356          3.962681754125     h 
         -7.683947966131         -1.670125784128          2.080929434118     h 
         -4.745128155734         -0.377008574972         -2.822195090545     h 
         -4.732917574160         -3.464808380844         -4.085814194094     h 
         -7.501500366248         -2.260480187490         -2.653186254262     h 
$end
