   -0.13353922
    0.08340666
   -0.25451092
    0.37896791
   -0.46957331
   -0.25354849
    0.07829137
   -0.12728243
   -0.15036097
    0.04312844
   -0.15934993
    0.36715955
   -0.44743848
   -0.25698113
    0.08110270
   -0.13491339
   -0.25297143
    0.08271435
   -0.12813536
    0.07212008
    0.07639692
    0.08375232
    0.06027783
    0.05982103
    0.06647061
    0.09076109
    0.07426631
    0.05438424
    0.08654823
    0.09618701
    0.09949610
    0.06836093
    0.06022992
    0.07076781
    0.07821014
    0.08584355
    0.06350742
    0.07954454
    0.06542235
    0.08845335
    0.07301231
