   -0.12863184
    0.07306576
   -0.25531668
    0.38514264
   -0.47406612
   -0.27080579
    0.07674128
   -0.12417500
   -0.14940759
    0.02999697
   -0.12548934
    0.36894482
   -0.46922009
   -0.26454230
    0.09028644
   -0.12502933
   -0.25988356
    0.08284434
   -0.13329137
    0.08487137
    0.06920905
    0.05370539
    0.06538482
    0.09526957
    0.08880056
    0.07419829
    0.08571684
    0.05527662
    0.06425707
    0.11938381
    0.11745425
    0.07416325
    0.05497584
    0.08264864
    0.05686797
    0.07316207
    0.06090429
    0.06606625
    0.06919925
    0.08543400
    0.07588754
