   -0.13017574
    0.07512797
   -0.25818045
    0.36560321
   -0.47182111
   -0.26670974
    0.09123968
   -0.12399194
   -0.12640455
    0.03438769
   -0.11448850
    0.37675875
   -0.47402763
   -0.26497041
    0.07909603
   -0.13229622
   -0.25506111
    0.07439804
   -0.13203261
    0.07266471
    0.05465866
    0.08635408
    0.06301257
    0.09370119
    0.05259400
    0.07800277
    0.07317886
    0.05373418
    0.08220532
    0.12462831
    0.07275828
    0.06975647
    0.08177653
    0.06796116
    0.06746888
    0.08623325
    0.09467529
    0.06127088
    0.07608306
    0.08565966
    0.05517055
