           1           2   1.02121966863338     
           2           3  0.890542143737627     
           3           4   1.32875829474528     
           4           5   1.48502890618379     
           4           6   1.32603816642953     
           6           7  0.884790758242138     
           7           8   1.01991079496472     
           4           9  0.969409625951771     
           5           9  0.145484754228511     
           9          10  0.991797227836486     
          10          11  0.980166515265659     
          11          12  0.954966600965217     
          11          13  0.141000345090571     
          12          13   1.52985414094951     
          12          14   1.35125147990076     
          14          15  0.860723602710636     
          15          16   1.02345288994656     
          12          17   1.30828309105819     
          17          18  0.890779426177519     
          18          19   1.02168696054354     
           1          20  0.976657759156643     
           1          21  0.980914602245096     
           1          22  0.975188932906123     
           2          23  0.968297762325503     
           2          24  0.964481844459637     
           7          25  0.963365182424167     
           7          26  0.965036906772149     
           8          27  0.979053802883089     
           8          28  0.976155177235413     
           8          29  0.983087181682145     
          10          30  0.957054631290239     
          10          31  0.943099152808114     
          15          32  0.965437682480506     
          15          33  0.970409928370822     
          16          34  0.979261410372520     
          16          35  0.972967762521212     
          16          36  0.970286127969434     
          18          37  0.964241303163174     
          18          38  0.969265888666901     
          19          39  0.981055957111955     
          19          40  0.976391844945730     
          19          41  0.975267942661254     
