           1           2   1.02242687980632     
           2           3  0.886409167564554     
           3           4   1.32734686649585     
           4           5   1.54482146580440     
           4           6   1.34132497822747     
           6           7  0.863660528198252     
           7           8   1.02143767258416     
           4           9  0.957372783061190     
           5           9  0.133404074128794     
           9          10  0.996296477039483     
          10          11  0.974968286023832     
          11          12  0.972620015643720     
          11          13  0.149566653502686     
          12          13   1.50981372762859     
          12          14   1.32935972891145     
          14          15  0.889942290913112     
          15          16   1.02031315352044     
          12          17   1.32329038640395     
          17          18  0.888001624219381     
          18          19   1.02088942422769     
           1          20  0.980130888224667     
           1          21  0.975913887561611     
           1          22  0.975751226069906     
           2          23  0.969397468640445     
           2          24  0.964265612595471     
           7          25  0.967766765732030     
           7          26  0.963451527820981     
           8          27  0.983196773357069     
           8          28  0.974397131941027     
           8          29  0.980813898317191     
          10          30  0.960302610116115     
          10          31  0.945076170959084     
          15          32  0.965143603958437     
          15          33  0.963866656998422     
          16          34  0.983242059034186     
          16          35  0.977481163552449     
          16          36  0.980249709852967     
          18          37  0.964365696238455     
          18          38  0.967349936861845     
          19          39  0.981449578865263     
          19          40  0.976221257422508     
          19          41  0.974478423504626     
