           1           2   1.61178630528833     
           2           3   1.07715674543391     
           3           4   1.65006530209721     
           3           5   1.13411847497282     
           4           5  0.151452374185987     
           5           6   1.13596177413872     
           5           7  0.135741804929956     
           6           7   1.61782916890746     
           1           8   1.22609581039758     
           6           8   1.14263639581481     
           7           8  0.132350475547731     
           2           9  0.947204358769897     
           1          10  0.942208551201872     
           5          11  0.893384263345082     
           8          12  0.885908211195244     
