           1           2   1.01408330909471     
           2           3  0.907482037206393     
           3           4   1.19307310329594     
           3           5  0.180673431826656     
           4           5   1.70251793339834     
           4           6  0.955750458992819     
           6           7  0.972593235685500     
           7           8  0.931975923020914     
           7           9  0.956595568248624     
           9          10   1.65724418800357     
           9          11   1.22051176177535     
          10          11  0.166370442754914     
          11          12  0.892907368510274     
          12          13   1.01443149261817     
           7          14  0.969790331627886     
          10          15  0.141194499848066     
          14          15  0.967770972431936     
          14          16  0.131377129897296     
          15          16   1.50989176927013     
          15          17   1.32308953247676     
          17          18  0.890547365599636     
          15          19   1.26883546888634     
          19          20  0.919495278956744     
           1          21  0.984355110780768     
           1          22  0.978272526829612     
           1          23  0.983564187374432     
           2          24  0.969180496175063     
           2          25  0.964996004229026     
           6          26  0.966085806666460     
           6          27  0.946018317666285     
          12          28  0.966367852024694     
          12          29  0.969356457124353     
          13          30  0.982390690708519     
          13          31  0.976927640871658     
          13          32  0.985233090703838     
          18          33  0.974184053262217     
          18          34  0.972101842785084     
          18          35  0.977246582370201     
          20          36  0.973394134750829     
          20          37  0.975930423069827     
          20          38  0.976745869244884     
