           1           2   1.01802507249986     
           2           3  0.906765645185394     
           3           4   1.22029828693223     
           3           5  0.172956523960705     
           4           5   1.64305778602293     
           4           6  0.972292526806159     
           6           7  0.985252848052838     
           7           8  0.918663607158940     
           7           9  0.952285973234528     
           9          10   1.67119339906024     
           9          11   1.21853551261558     
          10          11  0.174670248122743     
          11          12  0.898347035823666     
          12          13   1.01365011942241     
           7          14  0.960544928179609     
          14          15  0.958702875301883     
          14          16  0.139702556458264     
          15          16   1.49626340209993     
          15          17   1.27397719434297     
          17          18  0.917429362926497     
          15          19   1.31977735252934     
          19          20  0.894566523455953     
           1          21  0.983188021422408     
           1          22  0.982349388362154     
           1          23  0.978856039937944     
           2          24  0.964161284248368     
           2          25  0.969120279776983     
           6          26  0.942933322109695     
           6          27  0.954205569083241     
          12          28  0.969555583297944     
          12          29  0.966390563343354     
          13          30  0.982997532454247     
          13          31  0.984663099977005     
          13          32  0.977880278790874     
          18          33  0.977852795836357     
          18          34  0.978812173814083     
          18          35  0.972987266918439     
          20          36  0.974342026150426     
          20          37  0.978493995620950     
          20          38  0.972058853022183     
