           1           2   1.02276776552958     
           2           3  0.881938533633366     
           3           4   1.31528251156373     
           4           5   1.51064240960823     
           4           6   1.32327926801726     
           6           7  0.887848390465720     
           7           8   1.02234039981820     
           4           9  0.992074663812790     
           5           9  0.133377476001558     
           9          10  0.987009711067880     
          10          11  0.983019258401769     
          11          12  0.957132117977653     
          11          13  0.111749373091064     
          12          13   1.54232760041132     
          12          14   1.30671193559840     
          14          15  0.885052144045225     
          15          16   1.01747871158510     
          12          17   1.32905511132233     
          17          18  0.883854718294543     
          18          19   1.02216268248652     
           1          20  0.981881368380794     
           1          21  0.976197592397154     
           1          22  0.975953920954297     
           2          23  0.966028201242225     
           2          24  0.967872280425594     
           7          25  0.964576926083146     
           7          26  0.967902092080498     
           8          27  0.976124597063618     
           8          28  0.975053693350026     
           8          29  0.981538760996733     
          10          30  0.954668521260006     
          10          31  0.952731931319434     
          15          32  0.969445334839439     
          15          33  0.967330564964049     
          16          34  0.975219594889469     
          16          35  0.982644599952282     
          16          36  0.982271059257170     
          18          37  0.963303325359390     
          18          38  0.967679318198135     
          19          39  0.976205836347489     
          19          40  0.974220065557532     
          19          41  0.979144340478408     
