   -0.13007169
    0.07292718
   -0.25130603
    0.37290748
   -0.46617089
   -0.26225250
    0.07779018
   -0.12883414
   -0.13451236
    0.04044771
   -0.15053103
    0.37971820
   -0.46465449
   -0.26338141
    0.07174954
   -0.12525928
   -0.25938340
    0.07895621
   -0.13312032
    0.05431887
    0.08455713
    0.07393461
    0.06132105
    0.09423341
    0.08977796
    0.06687634
    0.06946387
    0.08274960
    0.06806551
    0.09808960
    0.09330047
    0.09665423
    0.06721809
    0.08424334
    0.05441028
    0.06841653
    0.07826514
    0.06141237
    0.06626067
    0.07473695
    0.08667503
