   -0.12326488
    0.07178110
   -0.25675155
    0.37383830
   -0.46569046
   -0.24957621
    0.07516015
   -0.12783147
   -0.14876754
    0.03997311
   -0.14746930
    0.37885160
   -0.45493686
   -0.26346245
    0.07226103
   -0.13382656
   -0.25135101
    0.07379920
   -0.12659515
    0.08412845
    0.05127926
    0.06716072
    0.09591246
    0.06940978
    0.09134322
    0.06210778
    0.08546083
    0.05549295
    0.07237126
    0.08702202
    0.09884291
    0.07006644
    0.08964055
    0.06796006
    0.08499591
    0.06836688
    0.09299298
    0.06138583
    0.07421092
    0.08179829
    0.05190945
