   -0.12954433
    0.07520478
   -0.26138810
    0.36190703
   -0.47191503
   -0.25952129
    0.09279658
   -0.12340087
   -0.11934157
    0.03570172
   -0.11982273
    0.36990162
   -0.47629065
   -0.26027759
    0.07952756
   -0.12685268
   -0.26404469
    0.06808104
   -0.12582196
    0.05346973
    0.08586400
    0.07277859
    0.06161521
    0.09216761
    0.05136040
    0.07692150
    0.05299210
    0.08155705
    0.07402577
    0.12496753
    0.07357113
    0.07702270
    0.07153886
    0.08987931
    0.06409373
    0.06778795
    0.07897421
    0.09925801
    0.05451530
    0.08759628
    0.06314418
