$coord
         -5.271369284651         -4.697326322374          0.869537601446     c 
         -2.792368316242         -4.501436686641         -0.156053950807     o 
         -1.431884698711         -2.321980409551         -0.089445018102     c 
          1.202768200962         -2.809928959154         -0.093888300680     c 
          2.949044760918         -0.817471585797         -0.036477134335     c 
          2.000511994979          1.644682216881          0.042178152553     c 
         -0.588727327399          2.195221233618          0.008683643549     c 
         -2.301341318597          0.151882726026         -0.093221030700     c 
         -5.492782061535          0.831370931926         -0.328224873646     cl
         -1.410945791397          4.821231384924          0.065855217021     c 
         -3.571541549801          5.602127368247          0.091465726437     o 
          4.240617508205          4.008067751626          0.165354829117     cl
          5.492525645565         -1.008079836424         -0.023681165362     o 
          6.727697653524         -3.396620270871         -0.110110776113     c 
          1.970554571071         -5.224424088443         -0.157063661806     o 
         -5.530226327186         -6.707172635120          1.221717758242     h 
         -6.689041506054         -4.040065667032         -0.469340038157     h 
         -5.435799606355         -3.647458922933          2.631763828438     h 
          0.163848333543          6.179170969667          0.092950628113     h 
          8.729568975810         -2.930465916657         -0.098117263958     h 
          6.252805697093         -4.419868949773         -1.832214613871     h 
          6.260363723490         -4.538436553944          1.537971115010     h 
          0.492195593779         -6.332286900423         -0.171872181545     h 
$end
