   -0.13135571
    0.08382606
   -0.24821761
    0.35452811
   -0.45037701
   -0.26024183
    0.08312492
   -0.13267197
   -0.15683039
    0.03046511
   -0.10222206
    0.37615484
   -0.48096921
   -0.26645533
    0.08859920
   -0.12166729
   -0.27096718
    0.07037933
   -0.13090839
    0.07005870
    0.08742323
    0.07026645
    0.06565786
    0.08130221
    0.05704752
    0.06681249
    0.08524740
    0.07477351
    0.06932462
    0.08764231
    0.13338931
    0.08209877
    0.04510733
    0.05234141
    0.07185011
    0.07713197
    0.09590058
    0.07310594
    0.06570170
    0.06657475
    0.08704826
