   -0.12354272
    0.07815132
   -0.27158793
    0.37266184
   -0.45197484
   -0.25567028
    0.08978866
   -0.12725806
   -0.15849973
    0.03507315
   -0.15971340
    0.37289614
   -0.45907905
   -0.25806491
    0.07604551
   -0.13295400
   -0.25107697
    0.07233454
   -0.13233764
    0.05451773
    0.08536475
    0.06682798
    0.06775083
    0.08943941
    0.05961860
    0.07170067
    0.07028542
    0.06004423
    0.08600428
    0.10573665
    0.10843972
    0.07361646
    0.08410774
    0.06773327
    0.08757893
    0.06897613
    0.09451747
    0.06361294
    0.07700047
    0.08897149
    0.05296323
