           1           2   1.02188209554290     
           2           3  0.887426196330724     
           3           4   1.31843933733134     
           4           5   1.50548032075939     
           4           6   1.36391206773180     
           6           7  0.861439056090083     
           7           8   1.02418185793131     
           4           9  0.958813803282124     
           5           9  0.135972030382254     
           9          10  0.998006656699911     
          10          11  0.970359459538306     
          11          12   1.00589886575913     
          11          13  0.133537947572472     
          12          13   1.51086595432680     
          12          14   1.31598888426241     
          14          15  0.886960943254664     
          15          16   1.01755626930334     
          12          17   1.32395573660239     
          17          18  0.879035875844127     
          18          19   1.02258497226528     
           1          20  0.976675522342666     
           1          21  0.977305739319116     
           1          22  0.983357456433258     
           2          23  0.962799996772159     
           2          24  0.964390564478393     
           7          25  0.970587810509487     
           7          26  0.964382407134819     
           8          27  0.972159424674137     
           8          28  0.981427334581392     
           8          29  0.968931881794203     
          10          30  0.946616313759984     
          10          31  0.958445622526706     
          15          32  0.970493483627269     
          15          33  0.966818500251544     
          16          34  0.975946665456783     
          16          35  0.983717917275276     
          16          36  0.982042380152540     
          18          37  0.967895345750293     
          18          38  0.965488456857455     
          19          39  0.976034671078624     
          19          40  0.981363176291389     
          19          41  0.974578364287206     
