   -0.12110420
    0.08775167
   -0.27796740
    0.37525453
   -0.47014458
   -0.26791421
    0.07628850
   -0.12816696
   -0.13302769
    0.03536605
   -0.10730779
    0.39055273
   -0.47728607
   -0.27569251
    0.07952166
   -0.12954617
   -0.25854322
    0.07404016
   -0.13380803
    0.06320156
    0.05663492
    0.08287757
    0.06382529
    0.07971200
    0.09081713
    0.06361044
    0.05610093
    0.06855378
    0.08552960
    0.12045989
    0.07832490
    0.08072319
    0.07218532
    0.06512088
    0.08526513
    0.07080747
    0.09361628
    0.06284822
    0.07469925
    0.08763864
    0.05918115
