           1           2   1.01354464191431     
           2           3  0.908173042346212     
           3           4   1.19409957612833     
           3           5  0.178264671378967     
           4           5   1.69808444737286     
           4           6  0.959957907588026     
           6           7  0.987815135938962     
           7           8  0.928595269626950     
           7           9  0.960597080495465     
           9          10   1.65435541239863     
           9          11   1.22685832602417     
          10          11  0.169169732628198     
          11          12  0.890389642505957     
          12          13   1.01467166320279     
           7          14  0.959026939716737     
          10          15  0.115185210602800     
          14          15  0.953929569256638     
          14          16  0.129005450215974     
          15          16   1.52200587768600     
          15          17   1.29507285950113     
          17          18  0.899263752308179     
          15          19   1.31124052815146     
          19          20  0.909390950268715     
           1          21  0.983913166685154     
           1          22  0.978723867481329     
           1          23  0.984795532299967     
           2          24  0.967314306940357     
           2          25  0.970123036370033     
           6          26  0.965657879382409     
           6          27  0.937404950373184     
          12          28  0.968426819465179     
          12          29  0.965441019084781     
          13          30  0.976231433521385     
          13          31  0.984107809280403     
          13          32  0.985168818558020     
          18          33  0.972393387996315     
          18          34  0.978163293729626     
          18          35  0.969445071031546     
          20          36  0.970523351200850     
          20          37  0.976992594121464     
          20          38  0.976913830928837     
