           1           2   1.01377865856006     
           2           3  0.907805353944533     
           3           4   1.19431265673214     
           3           5  0.175260659700800     
           4           5   1.68567380386797     
           4           6  0.968804063514199     
           6           7   1.00545900996438     
           7           8  0.945023233511781     
           7           9  0.954567581151527     
           9          10   1.68454483478888     
           9          11   1.19265289192963     
          10          11  0.176056547160197     
          11          12  0.900471773113525     
          12          13   1.01319291386098     
           7          14  0.938967315099076     
          14          15  0.965078142799020     
          14          16  0.140213860970218     
          15          16   1.53764011246843     
          15          17   1.31693218192590     
          17          18  0.889753462141840     
          15          19   1.30875762781845     
          19          20  0.905679626018673     
           1          21  0.983789113352194     
           1          22  0.985437417629734     
           1          23  0.978768557398987     
           2          24  0.970357801256339     
           2          25  0.967301765025387     
           6          26  0.939166030869933     
           6          27  0.942730584852118     
          12          28  0.969251013216301     
          12          29  0.966516172488276     
          13          30  0.985183272158310     
          13          31  0.977330188603650     
          13          32  0.984390315576484     
          18          33  0.976977733526569     
          18          34  0.971750153031408     
          18          35  0.976120687491529     
          20          36  0.971159405630710     
          20          37  0.976108363230634     
          20          38  0.977180856546631     
