           1           2   1.02304320497762     
           2           3  0.877899927661980     
           3           4   1.33164026746595     
           4           5   1.48626211162521     
           4           6   1.32919199154130     
           6           7  0.887312602241478     
           7           8   1.02260084958369     
           4           9   1.00067130816299     
           5           9  0.133585790245513     
           9          10  0.991769320741030     
          10          11  0.976078794673753     
          11          12   1.00695304373073     
          11          13  0.136929923607782     
          12          13   1.49587905248596     
          12          14   1.34587917838724     
          14          15  0.882665642720352     
          15          16   1.01661929274656     
          12          17   1.31366639724056     
          17          18  0.876589959748870     
          18          19   1.02097962012381     
           1          20  0.975840984034809     
           1          21  0.975266449428113     
           1          22  0.981653095975102     
           2          23  0.965217470000659     
           2          24  0.966429757130730     
           7          25  0.964294965138041     
           7          26  0.967289655682518     
           8          27  0.974568467296440     
           8          28  0.981089256919505     
           8          29  0.975842554889865     
          10          30  0.956648211718882     
          10          31  0.945509578149077     
          15          32  0.969519709543177     
          15          33  0.964507315396277     
          16          34  0.983809720677546     
          16          35  0.981977200832893     
          16          36  0.975291642385216     
          18          37  0.966611544259433     
          18          38  0.969400657940183     
          19          39  0.981186001391343     
          19          40  0.982939335861833     
          19          41  0.976013875141364     
