$hessian                                                                        
        0.5157899364   0.0412552297   0.0008541324  -0.0993025236   0.0558367723
       -0.0030610071   0.0107000117  -0.0142708544  -0.0005163886  -0.0322242802
        0.0306645615  -0.0025760378  -0.0001707618   0.0015000299  -0.0000360537
        0.0002967531   0.0004098621   0.0002564052  -0.0015252399   0.0009829728
       -0.0003369172  -0.0034839719  -0.0026279258  -0.0009247017  -0.0678961747
       -0.0450135002   0.0620177211  -0.2748938773  -0.0534775878  -0.0283704437
       -0.0449161296  -0.0168729067  -0.0270086489  -0.0009751786   0.0005386057
        0.0001275072  -0.0003644011   0.0005005168  -0.0004033071  -0.0001301067
        0.0001224991  -0.0000163799  -0.0001471582   0.0000151705   0.0000104324
       -0.0005474498  -0.0000075818   0.0001486251   0.0000126590   0.0000347661
       -0.0000401997  -0.0003888240   0.0005716467  -0.0000680176   0.0001667172
       -0.0001622765  -0.0000567204
        0.0412552297   0.4701680792   0.0019734981   0.0439872612  -0.1398197822
        0.0039823131   0.0080946690  -0.0602267516   0.0013976859   0.0192245456
       -0.0032829834   0.0017663878  -0.0018551739  -0.0029544258  -0.0000440629
        0.0001486762  -0.0000076290  -0.0001910037   0.0000861965  -0.0001231018
        0.0001271352  -0.0009172462   0.0015191167   0.0000653783  -0.0422282229
       -0.1091330365   0.1027503400  -0.0513483313  -0.0554594237  -0.0058362721
       -0.0147187035  -0.1017007450  -0.1062360083  -0.0009289415   0.0005300017
        0.0007764776  -0.0008234872   0.0006356269  -0.0007260833  -0.0001019650
        0.0000068925   0.0000074551   0.0001176861   0.0001037475  -0.0000327183
        0.0000624292   0.0000436017   0.0000038632   0.0000056990   0.0000235997
       -0.0000238996   0.0001502679  -0.0003740564   0.0001370207  -0.0002105888
        0.0000512694   0.0001024930
        0.0008541324   0.0019734981   0.4934061011  -0.0035337250   0.0062193389
       -0.0692953745  -0.0004815537  -0.0003102815   0.0163909769  -0.0025194008
        0.0027132000   0.0035955433   0.0002620771  -0.0001427503  -0.0023643102
        0.0001335518   0.0000638264  -0.0000641385  -0.0004870709   0.0006399786
       -0.0000373052  -0.0008942601  -0.0002482878   0.0065986006   0.0606868147
        0.1069859066  -0.1863975983  -0.0284335169  -0.0061817652  -0.0479450954
       -0.0250304241  -0.1113227573  -0.2150186933  -0.0013115983   0.0002183002
        0.0004034899   0.0007289713   0.0000095005   0.0004368087   0.0001000468
        0.0000106578   0.0000954535  -0.0000135335  -0.0000016467   0.0000195735
       -0.0001364878  -0.0000446076   0.0000494190  -0.0001053704  -0.0000096824
        0.0000835838   0.0009617693  -0.0011359481   0.0000975642  -0.0007804220
        0.0005635199  -0.0000545994
       -0.0993025236   0.0439872612  -0.0035337250   0.6515111376   0.1206592161
        0.0339588147  -0.1605860076  -0.1781813540  -0.0055848580  -0.3437025884
       -0.0068952520  -0.0213175386  -0.0149126717  -0.0113007418  -0.0003410544
       -0.0006223687   0.0008173722  -0.0013179565  -0.0019136467  -0.0002403726
        0.0007857886  -0.0276191354   0.0117695949  -0.0026266634   0.0067069966
       -0.0062129420   0.0017547866  -0.0209417156   0.0254495366  -0.0020738611
        0.0039133008  -0.0008056787  -0.0002267663   0.0013112297   0.0028928450
        0.0019591370   0.0017951551   0.0039590515  -0.0028410540  -0.0006153396
       -0.0003108251   0.0003582596   0.0006453007   0.0006753499  -0.0004124021
        0.0003661646  -0.0006691090   0.0004980248  -0.0006724632   0.0003730052
       -0.0002451858   0.0024774337  -0.0033753522   0.0030008416   0.0021617418
       -0.0025916052  -0.0017945876
        0.0558367723  -0.1398197822   0.0062193389   0.1206592161   0.7299424030
        0.0038168296  -0.1901066155  -0.4625673699  -0.0104148399  -0.0057785115
       -0.0832141709   0.0000199082  -0.0205113354  -0.0009282589  -0.0023056474
       -0.0034052880  -0.0035420220  -0.0002322396   0.0040414976  -0.0049900379
        0.0003304723   0.0233654367  -0.0006493130   0.0026695355   0.0040915779
       -0.0178175078   0.0042136121  -0.0006931124   0.0049641115  -0.0004290556
        0.0051603337  -0.0172966953  -0.0036520986   0.0002148058  -0.0004948450
       -0.0003771094   0.0000418291  -0.0001048154   0.0001273596  -0.0001722519
       -0.0001007888   0.0001302456  -0.0008795996   0.0003366963  -0.0002724277
        0.0017263206   0.0002649178  -0.0001808699  -0.0002195600   0.0001969714
       -0.0000068214   0.0035799104  -0.0025900649   0.0021995912   0.0030485738
       -0.0015894280  -0.0018557837
       -0.0030610071   0.0039823131  -0.0692953745   0.0339588147   0.0038168296
        0.1786801404  -0.0052632209  -0.0086752165  -0.0594840828  -0.0249450404
       -0.0014339717  -0.0377770364  -0.0001836416  -0.0008450865  -0.0086634132
       -0.0006132503  -0.0008724384   0.0003930469   0.0016924991  -0.0008822024
        0.0007667430  -0.0014329814   0.0011962516  -0.0030878932  -0.0114406902
        0.0212610678  -0.0020234157  -0.0025640304   0.0032377536   0.0001875657
        0.0131821594  -0.0228078323   0.0001178891  -0.0008829591  -0.0014812576
        0.0005805606   0.0016065499   0.0027726307  -0.0000881672  -0.0003457057
       -0.0000756559  -0.0003537638  -0.0000662451   0.0001557397  -0.0000994834
        0.0003183339   0.0000786711  -0.0001017438   0.0003252780  -0.0000036989
       -0.0004902322  -0.0012759259   0.0018128050  -0.0000984536   0.0009910633
       -0.0012367021   0.0008371143
        0.0107000117   0.0080946690  -0.0004815537  -0.1605860076  -0.1901066155
       -0.0052632209   0.2188015979   0.2484800678   0.0112167136  -0.0606960100
       -0.0639751835  -0.0059210395  -0.0073701312   0.0016956289  -0.0009774183
       -0.0023426869  -0.0022533273   0.0006161467   0.0011973493  -0.0006894979
       -0.0007201536   0.0010290376  -0.0032486179   0.0007197357  -0.0003213501
        0.0022206262  -0.0007544900   0.0018707386  -0.0004247243   0.0003771048
       -0.0004432002   0.0017370621   0.0007056667  -0.0005242793  -0.0006226038
       -0.0005520954  -0.0008025125  -0.0011867878   0.0007854406   0.0001758094
        0.0000712751  -0.0000405686  -0.0009897990  -0.0001978620  -0.0000794912
       -0.0000602952   0.0001913789  -0.0001704131   0.0002145869  -0.0001576338
        0.0000163324   0.0005426784   0.0004113517  -0.0002399807  -0.0003955378
       -0.0000392059   0.0007632846
       -0.0142708544  -0.0602267516  -0.0003102815  -0.1781813540  -0.4625673699
       -0.0086752165   0.2484800678   0.5550843163   0.0132155498  -0.0528039998
       -0.0271573382  -0.0047013821  -0.0039571671   0.0013513442   0.0000275360
       -0.0009949549  -0.0009497373   0.0005407011   0.0004158665   0.0013820089
       -0.0001057313   0.0035202902   0.0018216535  -0.0006322795   0.0030321193
       -0.0061776037  -0.0002691102  -0.0019331088   0.0030949256  -0.0000977257
        0.0024008701  -0.0053362459   0.0008303172  -0.0006090013  -0.0006400615
       -0.0004835561  -0.0009688431  -0.0015999419   0.0008552169   0.0002177611
        0.0000408101  -0.0001196253  -0.0004558506  -0.0001285484   0.0000243447
       -0.0004664730   0.0001374125  -0.0001642727   0.0002450969  -0.0003284360
        0.0000689302  -0.0020162884   0.0011635164  -0.0018727754  -0.0016541764
        0.0010360469   0.0018693603
       -0.0005163886   0.0013976859   0.0163909769  -0.0055848580  -0.0104148399
       -0.0594840828   0.0112167136   0.0132155498   0.0272545366  -0.0048297267
       -0.0047999905   0.0122800565  -0.0008222743   0.0001605925   0.0073196154
       -0.0000899516   0.0003220083   0.0001891861  -0.0001132938  -0.0001874645
       -0.0000564080   0.0005708852  -0.0003070308  -0.0023317976   0.0006948119
       -0.0018044774  -0.0000319688   0.0003402551  -0.0001673432  -0.0008965455
       -0.0007194011   0.0024759605  -0.0000848179   0.0006932744   0.0009006837
       -0.0000491342  -0.0010318472  -0.0013489176   0.0000411185   0.0001322517
        0.0000058656   0.0000736425  -0.0000447291  -0.0000303221   0.0000041127
        0.0000246344   0.0000006172   0.0000029529  -0.0000758659  -0.0000244745
        0.0000740060   0.0003670224   0.0003174029   0.0000302135  -0.0002115123
        0.0002884940  -0.0007256630
       -0.0322242802   0.0192245456  -0.0025194008  -0.3437025884  -0.0057785115
       -0.0249450404  -0.0606960100  -0.0528039998  -0.0048297267   0.7405183968
        0.0335310567   0.0400486554  -0.1026617362  -0.0487453871   0.0006973093
       -0.0338087526  -0.0200620888   0.0010015077  -0.0369670580   0.0190078723
       -0.0017635773  -0.1100982489   0.0512305641  -0.0042667257  -0.0015896676
       -0.0007642040  -0.0007913783  -0.0027638961   0.0037330750  -0.0003850433
       -0.0018224536  -0.0006855116   0.0003889282   0.0042231946   0.0007283022
       -0.0041997002  -0.0025724075  -0.0118801992   0.0068865115  -0.0001221924
       -0.0000549654  -0.0005530362  -0.0067839609   0.0018467139  -0.0015612598
       -0.0071234182  -0.0022629289   0.0016843506   0.0003058781   0.0001026400
        0.0003806118  -0.0056178899   0.0137452661  -0.0090153448   0.0035070912
       -0.0001122396   0.0037423591
        0.0306645615  -0.0032829834   0.0027132000  -0.0068952520  -0.0832141709
       -0.0014339717  -0.0639751835  -0.0271573382  -0.0047999905   0.0335310567
        0.5554669015  -0.0085752338  -0.0566572796  -0.1699553847   0.0031585410
       -0.0122060179   0.0020771546  -0.0008746134   0.0093705168   0.0025748755
       -0.0014951034   0.0590296456  -0.1603457868   0.0039638207   0.0000491959
       -0.0005741450   0.0005376590   0.0038284640  -0.0053913502   0.0003056396
       -0.0001224629  -0.0007989905  -0.0004262530  -0.0127883014  -0.0283912183
       -0.0060394944  -0.0148649616  -0.0266085989   0.0091817094   0.0006088465
       -0.0003737386   0.0000322347  -0.0000992898  -0.0010161924  -0.0010356201
       -0.0002388324  -0.0009952625  -0.0008876914  -0.0005471284  -0.0002083976
        0.0000928808   0.0161435638  -0.0224953593   0.0098154490   0.0151688586
       -0.0293100144  -0.0042331625
       -0.0025760378   0.0017663878   0.0035955433  -0.0213175386   0.0000199082
       -0.0377770364  -0.0059210395  -0.0047013821   0.0122800565   0.0400486554
       -0.0085752338   0.0962749225  -0.0010914093   0.0015020236  -0.0455944451
       -0.0051398185  -0.0049635793   0.0018416061   0.0050562247  -0.0049373680
        0.0022018811  -0.0056544598   0.0052340430  -0.0507239935   0.0001054828
       -0.0007124305   0.0007005426  -0.0002883138   0.0002783178   0.0010308823
       -0.0006109541   0.0007275781   0.0007927472  -0.0100037034  -0.0155653222
        0.0030884606   0.0126421593   0.0211079391   0.0042404288   0.0003728867
        0.0002224999   0.0005520332  -0.0007652124  -0.0001568879   0.0002754904
        0.0008080707   0.0000064819   0.0003430805  -0.0003881335   0.0000972574
        0.0008050980  -0.0162376447   0.0229291440   0.0026008082   0.0109607857
       -0.0142793771   0.0034718939
       -0.0001707618  -0.0018551739   0.0002620771  -0.0149126717  -0.0205113354
       -0.0001836416  -0.0073701312  -0.0039571671  -0.0008222743  -0.1026617362
       -0.0566572796  -0.0010914093   0.4357094043  -0.0527421644  -0.0168729730
       -0.1668306860   0.0397811944  -0.0265281432  -0.0118217167   0.0163135933
        0.0025049389   0.0062293018   0.0045343262  -0.0001919531  -0.0002160019
       -0.0001816835   0.0000666984  -0.0002615024  -0.0004947436  -0.0000257837
       -0.0005992064  -0.0001900116  -0.0002983279  -0.0673710378   0.0510057740
        0.0604546766  -0.0392092543   0.0099017256  -0.0115645585  -0.0083534353
        0.0045959986  -0.0040526654  -0.0195878637   0.0063697447  -0.0029189321
       -0.0004697426   0.0014113738   0.0011806287   0.0003644068   0.0000539489
        0.0000593587  -0.0008726512   0.0011245490  -0.0002562430  -0.0015947136
        0.0014973306   0.0002785268
        0.0015000299  -0.0029544258  -0.0001427503  -0.0113007418  -0.0009282589
       -0.0008450865   0.0016956289   0.0013513442   0.0001605925  -0.0487453871
       -0.1699553847   0.0015020236  -0.0527421644   0.5002618901   0.0085796016
        0.0368058281  -0.0742847084   0.0092223652   0.0209641516  -0.0205391127
        0.0026321155  -0.0024437234  -0.0291924543  -0.0014008170   0.0012873731
        0.0005164932  -0.0002860158   0.0002706995  -0.0001187086   0.0000368482
        0.0016634600   0.0006842769   0.0003973669   0.0509287489  -0.1232560323
       -0.0988450802   0.0075608008  -0.0762190310   0.0800428984   0.0050759974
       -0.0013301995   0.0024939908  -0.0150813178   0.0054709744  -0.0020632408
        0.0001811598  -0.0053316816  -0.0021600832   0.0002162072   0.0004591646
        0.0002155265   0.0003158844  -0.0013185707  -0.0004587198   0.0018473648
       -0.0033155749   0.0009184642
       -0.0000360537  -0.0000440629  -0.0023643102  -0.0003410544  -0.0023056474
       -0.0086634132  -0.0009774183   0.0000275360   0.0073196154   0.0006973093
        0.0031585410  -0.0455944451  -0.0168729730   0.0085796016   0.5115859160
       -0.0240307071   0.0100054983  -0.0740776309   0.0095374218  -0.0065378914
        0.0039560897   0.0014003069  -0.0006248620  -0.0009018380  -0.0014564140
        0.0001685739   0.0004171191  -0.0001410199  -0.0000774641   0.0000899219
        0.0010342949  -0.0002735508   0.0001950807   0.0591356534  -0.0978562068
       -0.1600034563  -0.0094271487   0.0821997461  -0.2242174037  -0.0283822182
        0.0104391641  -0.0081237807   0.0098604884  -0.0028864674   0.0017773203
        0.0002680579  -0.0024060357  -0.0001297906   0.0003832860  -0.0003487717
        0.0002623231  -0.0014695868   0.0014434057  -0.0009122399   0.0008177754
       -0.0026611067  -0.0006150776
        0.0002967531   0.0001486762   0.0001335518  -0.0006223687  -0.0034052880
       -0.0006132503  -0.0023426869  -0.0009949549  -0.0000899516  -0.0338087526
       -0.0122060179  -0.0051398185  -0.1668306860   0.0368058281  -0.0240307071
        0.4958838274   0.0719053331  -0.0025135171  -0.0596006625   0.0037544640
        0.0011196667  -0.0099869685  -0.0201963826  -0.0088758539  -0.0001292675
       -0.0001024701   0.0000994403   0.0001061245  -0.0000491872   0.0000029478
       -0.0000778904  -0.0000845795  -0.0001265295  -0.0120365824   0.0050649806
       -0.0018270140  -0.0063833632   0.0021774188  -0.0043670632  -0.0470951766
       -0.0007296322  -0.0305250872  -0.1538151100  -0.1029590709   0.0686511405
        0.0003541238   0.0198761794   0.0074886249   0.0005967158   0.0016849579
        0.0004190125   0.0001806073   0.0001531963  -0.0005246894  -0.0046886364
       -0.0008434512   0.0007190973
        0.0004098621  -0.0000076290   0.0000638264   0.0008173722  -0.0035420220
       -0.0008724384  -0.0022533273  -0.0009497373   0.0003220083  -0.0200620888
        0.0020771546  -0.0049635793   0.0397811944  -0.0742847084   0.0100054983
        0.0719053331   0.4710763235  -0.0259498120   0.0023195883  -0.1697368919
       -0.0486163030  -0.0158042415  -0.0233313759  -0.0068417275   0.0000361283
        0.0000984537  -0.0002210624   0.0000782944   0.0001343843   0.0000166006
       -0.0000626284   0.0000843009   0.0002245580   0.0174652741  -0.0043757033
        0.0026582295   0.0111293170  -0.0027795760   0.0034164888  -0.0009723409
       -0.0429568230   0.0176281519  -0.1017050862  -0.1307209548   0.0628587704
        0.0008616425  -0.0175892048  -0.0068744368  -0.0006105311  -0.0021477405
       -0.0035450408  -0.0003337590   0.0004086797  -0.0003611952  -0.0030000034
       -0.0014569298   0.0010514632
        0.0002564052  -0.0001910037  -0.0000641385  -0.0013179565  -0.0002322396
        0.0003930469   0.0006161467   0.0005407011   0.0001891861   0.0010015077
       -0.0008746134   0.0018416061  -0.0265281432   0.0092223652  -0.0740776309
       -0.0025135171  -0.0259498120   0.5336302855   0.0011680647  -0.0486385124
       -0.0911430485  -0.0022344615   0.0029917233   0.0042213489   0.0001360596
       -0.0000307184   0.0000077401   0.0000441049  -0.0000100165   0.0001092859
       -0.0000260152   0.0000155669   0.0000558037   0.0170171212  -0.0052530196
        0.0033930372  -0.0257509944   0.0093540511  -0.0077877420  -0.0293666312
        0.0174820039  -0.2749500895   0.0665264531   0.0613567982  -0.0842450958
        0.0003169019   0.0087833453   0.0037123682  -0.0005495485  -0.0290167922
       -0.0161942619   0.0003761549   0.0002398917   0.0004323559   0.0008283477
        0.0002102813   0.0004759426
       -0.0015252399   0.0000861965  -0.0004870709  -0.0019136467   0.0040414976
        0.0016924991   0.0011973493   0.0004158665  -0.0001132938  -0.0369670580
        0.0093705168   0.0050562247  -0.0118217167   0.0209641516   0.0095374218
       -0.0596006625   0.0023195883   0.0011680647   0.5089016790  -0.0706762143
        0.0050158648  -0.1647356834  -0.0433387294   0.0276798862  -0.0000763715
        0.0000065809   0.0000778848  -0.0002666870   0.0003283860  -0.0000796261
        0.0000206156  -0.0000748917  -0.0001111436  -0.0049276798   0.0008238963
       -0.0006052075   0.0000842846  -0.0002364559   0.0004210818   0.0007719329
       -0.0022312429  -0.0005833554   0.0015123476  -0.0184413908  -0.0070165609
       -0.1695419755   0.1021065388  -0.0708481936  -0.0458358307   0.0011635251
        0.0229203892  -0.0051664291  -0.0020915115   0.0041054529  -0.0101092281
       -0.0045363079   0.0021696819
        0.0009829728  -0.0001231018   0.0006399786  -0.0002403726  -0.0049900379
       -0.0008822024  -0.0006894979   0.0013820089  -0.0001874645   0.0190078723
        0.0025748755  -0.0049373680   0.0163135933  -0.0205391127  -0.0065378914
        0.0037544640  -0.1697368919  -0.0486385124  -0.0706762143   0.4610399983
       -0.0229863786  -0.0466866860  -0.0779916636   0.0129301820   0.0000796641
       -0.0000088492  -0.0000488093   0.0002112789  -0.0001994921   0.0000595330
       -0.0000365066   0.0001095904   0.0000628660   0.0025211721  -0.0012685687
        0.0008466251   0.0004332467   0.0004192859  -0.0002084847   0.0007441579
       -0.0022625641  -0.0037568041   0.0001193499  -0.0189676323  -0.0073924429
        0.1009908863  -0.1181504654   0.0563683250   0.0014630557  -0.0427668151
        0.0172586560  -0.0101647145  -0.0030067171   0.0035707714  -0.0181277220
       -0.0055138469   0.0038394212
       -0.0003369172   0.0001271352  -0.0000373052   0.0007857886   0.0003304723
        0.0007667430  -0.0007201536  -0.0001057313  -0.0000564080  -0.0017635773
       -0.0014951034   0.0022018811   0.0025049389   0.0026321155   0.0039560897
        0.0011196667  -0.0486163030  -0.0911430485   0.0050158648  -0.0229863786
        0.5341658845   0.0297863267   0.0122451427  -0.0755366604   0.0000312415
       -0.0000071650   0.0000173426  -0.0000644187   0.0000259223  -0.0000214382
       -0.0000019970   0.0000165312  -0.0000039952  -0.0006861294   0.0000636082
        0.0004530612  -0.0003810893   0.0001096825   0.0003499494   0.0020294922
       -0.0289116689  -0.0164204901  -0.0008857579   0.0091674700   0.0040282399
       -0.0686007847   0.0549181654  -0.0814975127   0.0220007846   0.0172214596
       -0.2758611691   0.0258776058   0.0106452460  -0.0092799010  -0.0157108846
       -0.0053806008   0.0039187370
       -0.0034839719  -0.0009172462  -0.0008942601  -0.0276191354   0.0233654367
       -0.0014329814   0.0010290376   0.0035202902   0.0005708852  -0.1100982489
        0.0590296456  -0.0056544598   0.0062293018  -0.0024437234   0.0014003069
       -0.0099869685  -0.0158042415  -0.0022344615  -0.1647356834  -0.0466866860
        0.0297863267   0.4460236944   0.0569270601   0.0192456959  -0.0002978212
        0.0000795913   0.0001069468  -0.0006791225   0.0014616471  -0.0000637329
       -0.0002225033  -0.0000315753  -0.0001626479  -0.0009827072  -0.0011092650
       -0.0002764134  -0.0010391075  -0.0014887829   0.0003425026   0.0004121586
       -0.0000591951  -0.0000344775  -0.0003996682  -0.0011822083  -0.0009843618
       -0.0200331888  -0.0080139281   0.0035157552  -0.0068438743  -0.0044610684
        0.0040630964  -0.0391951539  -0.0079090291   0.0074386787  -0.0680770375
       -0.0542767219  -0.0547323980
       -0.0026279258   0.0015191167  -0.0002482878   0.0117695949  -0.0006493130
        0.0011962516  -0.0032486179   0.0018216535  -0.0003070308   0.0512305641
       -0.1603457868   0.0052340430   0.0045343262  -0.0291924543  -0.0006248620
       -0.0201963826  -0.0233313759   0.0029917233  -0.0433387294  -0.0779916636
        0.0122451427   0.0569270601   0.5044237880   0.0087003628   0.0002714002
       -0.0000699824  -0.0001079108  -0.0004084790  -0.0000230977  -0.0000796249
        0.0002716524  -0.0000546264   0.0001328509  -0.0016451248  -0.0030514331
        0.0007770447  -0.0004389394  -0.0017879014  -0.0004465694  -0.0002560150
        0.0005096667   0.0002460519   0.0000149986  -0.0054802663  -0.0021467871
        0.0133700684   0.0059189475  -0.0022162714  -0.0049813785  -0.0017648419
        0.0028090694  -0.0059838645  -0.0698305622   0.0729388936  -0.0552642077
       -0.1406198674  -0.1010940896
       -0.0009247017   0.0000653783   0.0065986006  -0.0026266634   0.0026695355
       -0.0030878932   0.0007197357  -0.0006322795  -0.0023317976  -0.0042667257
        0.0039638207  -0.0507239935  -0.0001919531  -0.0014008170  -0.0009018380
       -0.0088758539  -0.0068417275   0.0042213489   0.0276798862   0.0129301820
       -0.0755366604   0.0192456959   0.0087003628   0.5069962237   0.0005746566
       -0.0007313418  -0.0000105262  -0.0000379900   0.0000349673   0.0003441346
       -0.0007750780   0.0008003427  -0.0001479691  -0.0009342210  -0.0029151778
       -0.0008629472   0.0012893080   0.0016181015  -0.0009740866  -0.0003957126
       -0.0004403695   0.0003554147  -0.0001332372  -0.0024605818  -0.0001069737
       -0.0091746350  -0.0034252095   0.0019407010   0.0276610228   0.0124283163
       -0.0090963957   0.0055955550   0.0745706279  -0.2314917934  -0.0544290884
       -0.0989341309  -0.1451835488
       -0.0678961747  -0.0422282229   0.0606868147   0.0067069966   0.0040915779
       -0.0114406902  -0.0003213501   0.0030321193   0.0006948119  -0.0015896676
        0.0000491959   0.0001054828  -0.0002160019   0.0012873731  -0.0014564140
       -0.0001292675   0.0000361283   0.0001360596  -0.0000763715   0.0000796641
        0.0000312415  -0.0002978212   0.0002714002   0.0005746566   0.0762388202
        0.0503044848  -0.0720515681  -0.0134307420  -0.0176868458   0.0243631739
        0.0019047864   0.0013038963  -0.0022329114  -0.0002237259  -0.0001062915
       -0.0002524048  -0.0008208073  -0.0002380432   0.0007191837   0.0001282965
       -0.0000593821   0.0000700776  -0.0000044628  -0.0000233031   0.0000193838
        0.0000272957  -0.0000442438   0.0000177844  -0.0000221192   0.0000203626
        0.0000192506   0.0000540552  -0.0000794695   0.0000107332  -0.0000317387
       -0.0000104005  -0.0000146659
       -0.0450135002  -0.1091330365   0.1069859066  -0.0062129420  -0.0178175078
        0.0212610678   0.0022206262  -0.0061776037  -0.0018044774  -0.0007642040
       -0.0005741450  -0.0007124305  -0.0001816835   0.0005164932   0.0001685739
       -0.0001024701   0.0000984537  -0.0000307184   0.0000065809  -0.0000088492
       -0.0000071650   0.0000795913  -0.0000699824  -0.0007313418   0.0503044848
        0.1279913055  -0.1194889907  -0.0049265637  -0.0040888088   0.0064112711
        0.0042387398   0.0087783247  -0.0118599668   0.0001445076   0.0001823627
       -0.0000364496   0.0003751508   0.0002519566  -0.0000524074  -0.0000425207
       -0.0000081215  -0.0000196284  -0.0000277194   0.0000281175  -0.0000099492
       -0.0000338956  -0.0000000974  -0.0000209740   0.0000500287  -0.0000086326
       -0.0000514998  -0.0001648205   0.0001020859  -0.0000400792   0.0000506094
       -0.0000623150   0.0000392588
        0.0620177211   0.1027503400  -0.1863975983   0.0017547866   0.0042136121
       -0.0020234157  -0.0007544900  -0.0002691102  -0.0000319688  -0.0007913783
        0.0005376590   0.0007005426   0.0000666984  -0.0002860158   0.0004171191
        0.0000994403  -0.0002210624   0.0000077401   0.0000778848  -0.0000488093
        0.0000173426   0.0001069468  -0.0001079108  -0.0000105262  -0.0720515681
       -0.1194889907   0.2132548725   0.0006380975  -0.0005580226   0.0017904359
        0.0095180293   0.0136907722  -0.0271283918  -0.0002218454  -0.0000729606
       -0.0009880604  -0.0005942733  -0.0000127793   0.0003806929   0.0000630424
       -0.0000136408  -0.0000191966  -0.0000060597  -0.0000354188   0.0000257387
        0.0000139485  -0.0000255429  -0.0000110922  -0.0000036211  -0.0000063663
        0.0000364621   0.0000553202  -0.0000193132  -0.0000295661   0.0000113199
       -0.0000264394   0.0000088697
       -0.2748938773  -0.0513483313  -0.0284335169  -0.0209417156  -0.0006931124
       -0.0025640304   0.0018707386  -0.0019331088   0.0003402551  -0.0027638961
        0.0038284640  -0.0002883138  -0.0002615024   0.0002706995  -0.0001410199
        0.0001061245   0.0000782944   0.0000441049  -0.0002666870   0.0002112789
       -0.0000644187  -0.0006791225  -0.0004084790  -0.0000379900  -0.0134307420
       -0.0049265637   0.0006380975   0.3179341266   0.0578348637   0.0333821391
       -0.0067657450  -0.0032655667  -0.0029331548  -0.0000236703   0.0001964227
        0.0002104164   0.0001241887   0.0001351930  -0.0001865973   0.0000266976
        0.0000128597   0.0000120611   0.0000286461   0.0000030382   0.0000085538
       -0.0000872787   0.0000128652   0.0000196825   0.0000322633  -0.0000136664
       -0.0000077738  -0.0000254996   0.0000262403  -0.0000194644   0.0000169513
       -0.0000213913   0.0000209695
       -0.0534775878  -0.0554594237  -0.0061817652   0.0254495366   0.0049641115
        0.0032377536  -0.0004247243   0.0030949256  -0.0001673432   0.0037330750
       -0.0053913502   0.0002783178  -0.0004947436  -0.0001187086  -0.0000774641
       -0.0000491872   0.0001343843  -0.0000100165   0.0003283860  -0.0001994921
        0.0000259223   0.0014616471  -0.0000230977   0.0000349673  -0.0176868458
       -0.0040888088  -0.0005580226   0.0578348637   0.0608178235   0.0071541141
       -0.0166538606  -0.0037901131  -0.0037812241  -0.0000396851   0.0000030494
        0.0001960197   0.0000371988  -0.0000703300  -0.0001381384  -0.0000274106
       -0.0000122662  -0.0000075948  -0.0000001960  -0.0000003484  -0.0000198320
        0.0000830625   0.0000424455  -0.0000135379  -0.0000158221  -0.0000112487
        0.0000146284  -0.0000095818  -0.0000091572  -0.0000138491  -0.0000481248
        0.0001176050   0.0000270645
       -0.0283704437  -0.0058362721  -0.0479450954  -0.0020738611  -0.0004290556
        0.0001875657   0.0003771048  -0.0000977257  -0.0008965455  -0.0003850433
        0.0003056396   0.0010308823  -0.0000257837   0.0000368482   0.0000899219
        0.0000029478   0.0000166006   0.0001092859  -0.0000796261   0.0000595330
       -0.0000214382  -0.0000637329  -0.0000796249   0.0003441346   0.0243631739
        0.0064112711   0.0017904359   0.0333821391   0.0071541141   0.0505529004
       -0.0271856351  -0.0075940254  -0.0052960152   0.0001865606   0.0000615965
       -0.0000163249  -0.0001447753   0.0000291610   0.0000450803   0.0000322152
       -0.0000222855   0.0000125890  -0.0000121041   0.0000014771   0.0000013028
       -0.0000234277   0.0000072381   0.0000041836  -0.0000022562   0.0000105891
        0.0000055060   0.0000431903  -0.0000748161  -0.0000044645  -0.0000206425
        0.0000397367   0.0000060954
       -0.0449161296  -0.0147187035  -0.0250304241   0.0039133008   0.0051603337
        0.0131821594  -0.0004432002   0.0024008701  -0.0007194011  -0.0018224536
       -0.0001224629  -0.0006109541  -0.0005992064   0.0016634600   0.0010342949
       -0.0000778904  -0.0000626284  -0.0000260152   0.0000206156  -0.0000365066
       -0.0000019970  -0.0002225033   0.0002716524  -0.0007750780   0.0019047864
        0.0042387398   0.0095180293  -0.0067657450  -0.0166538606  -0.0271856351
        0.0499278284   0.0186534204   0.0314042581  -0.0011892363  -0.0005072223
       -0.0005820002   0.0002054077  -0.0002777789  -0.0000828212   0.0000022122
        0.0000103047  -0.0000293386   0.0000192405  -0.0000129648   0.0000001102
        0.0000326625  -0.0000328448  -0.0000145232   0.0000285155  -0.0000108488
       -0.0000290893  -0.0000856346   0.0001533771  -0.0000385577   0.0000674299
       -0.0001163366  -0.0000130170
       -0.0168729067  -0.1017007450  -0.1113227573  -0.0008056787  -0.0172966953
       -0.0228078323   0.0017370621  -0.0053362459   0.0024759605  -0.0006855116
       -0.0007989905   0.0007275781  -0.0001900116   0.0006842769  -0.0002735508
       -0.0000845795   0.0000843009   0.0000155669  -0.0000748917   0.0001095904
        0.0000165312  -0.0000315753  -0.0000546264   0.0008003427   0.0013038963
        0.0087783247   0.0136907722  -0.0032655667  -0.0037901131  -0.0075940254
        0.0186534204   0.1190963117   0.1241608915   0.0002007843   0.0003419009
       -0.0000161977   0.0002247343   0.0000250624   0.0000093430   0.0000346517
       -0.0000009052   0.0000367304  -0.0000414048   0.0000053264   0.0000125542
       -0.0000364909  -0.0000222884   0.0000092207  -0.0000443765  -0.0000113384
        0.0000089492   0.0001302175  -0.0001663773   0.0000393934  -0.0001517727
        0.0000532311   0.0000105296
       -0.0270086489  -0.1062360083  -0.2150186933  -0.0002267663  -0.0036520986
        0.0001178891   0.0007056667   0.0008303172  -0.0000848179   0.0003889282
       -0.0004262530   0.0007927472  -0.0002983279   0.0003973669   0.0001950807
       -0.0001265295   0.0002245580   0.0000558037  -0.0001111436   0.0000628660
       -0.0000039952  -0.0001626479   0.0001328509  -0.0001479691  -0.0022329114
       -0.0118599668  -0.0271283918  -0.0029331548  -0.0037812241  -0.0052960152
        0.0314042581   0.1241608915   0.2465661441   0.0006679957   0.0000645143
        0.0005443536   0.0000437199  -0.0000404181  -0.0005771207  -0.0000532358
        0.0000236044   0.0000238591   0.0000041779   0.0000254962  -0.0000199253
       -0.0000098830   0.0000195911   0.0000104042  -0.0000155508   0.0000007592
       -0.0000316096  -0.0000152048   0.0000255277   0.0000320018  -0.0000207418
        0.0000276254  -0.0000297452
       -0.0009751786  -0.0009289415  -0.0013115983   0.0013112297   0.0002148058
       -0.0008829591  -0.0005242793  -0.0006090013   0.0006932744   0.0042231946
       -0.0127883014  -0.0100037034  -0.0673710378   0.0509287489   0.0591356534
       -0.0120365824   0.0174652741   0.0170171212  -0.0049276798   0.0025211721
       -0.0006861294  -0.0009827072  -0.0016451248  -0.0009342210  -0.0002237259
        0.0001445076  -0.0002218454  -0.0000236703  -0.0000396851   0.0001865606
       -0.0011892363   0.0002007843   0.0006679957   0.0816151718  -0.0568997328
       -0.0647942123   0.0016507221   0.0002673276   0.0004499222   0.0009324524
        0.0002153129   0.0005546347  -0.0014589871   0.0003651518  -0.0000081164
       -0.0000407751   0.0012122756   0.0003740791  -0.0000143827  -0.0000923312
       -0.0001360867  -0.0001989289   0.0001486041  -0.0000287215   0.0002344010
       -0.0006808467  -0.0000716479
        0.0005386057   0.0005300017   0.0002183002   0.0028928450  -0.0004948450
       -0.0014812576  -0.0006226038  -0.0006400615   0.0009006837   0.0007283022
       -0.0283912183  -0.0155653222   0.0510057740  -0.1232560323  -0.0978562068
        0.0050649806  -0.0043757033  -0.0052530196   0.0008238963  -0.0012685687
        0.0000636082  -0.0011092650  -0.0030514331  -0.0029151778  -0.0001062915
        0.0001823627  -0.0000729606   0.0001964227   0.0000030494   0.0000615965
       -0.0005072223   0.0003419009   0.0000645143  -0.0568997328   0.1550166378
        0.1151781629  -0.0027845679   0.0071460917   0.0071362849  -0.0000156197
        0.0001601287  -0.0002371266   0.0004194082  -0.0004145079  -0.0000921729
       -0.0001020743  -0.0003135205  -0.0001438220  -0.0000461862  -0.0000678801
        0.0000230133  -0.0002390463   0.0002299585  -0.0001020155   0.0007623751
       -0.0013363608   0.0000729177
        0.0001275072   0.0007764776   0.0004034899   0.0019591370  -0.0003771094
        0.0005805606  -0.0005520954  -0.0004835561  -0.0000491342  -0.0041997002
       -0.0060394944   0.0030884606   0.0604546766  -0.0988450802  -0.1600034563
       -0.0018270140   0.0026582295   0.0033930372  -0.0006052075   0.0008466251
        0.0004530612  -0.0002764134   0.0007770447  -0.0008629472  -0.0002524048
       -0.0000364496  -0.0009880604   0.0002104164   0.0001960197  -0.0000163249
       -0.0005820002  -0.0000161977   0.0005443536  -0.0647942123   0.1151781629
        0.1802775149   0.0115881990  -0.0159058769  -0.0281798726  -0.0009547490
        0.0007060001   0.0011925672  -0.0000569301  -0.0000350858  -0.0000719165
       -0.0001060494   0.0001356138   0.0001157818  -0.0001042211   0.0002462403
        0.0001861944  -0.0001364609   0.0002158623  -0.0000691393   0.0001075221
        0.0000025743   0.0000058301
       -0.0003644011  -0.0008234872   0.0007289713   0.0017951551   0.0000418291
        0.0016065499  -0.0008025125  -0.0009688431  -0.0010318472  -0.0025724075
       -0.0148649616   0.0126421593  -0.0392092543   0.0075608008  -0.0094271487
       -0.0063833632   0.0111293170  -0.0257509944   0.0000842846   0.0004332467
       -0.0003810893  -0.0010391075  -0.0004389394   0.0012893080  -0.0008208073
        0.0003751508  -0.0005942733   0.0001241887   0.0000371988  -0.0001447753
        0.0002054077   0.0002247343   0.0000437199   0.0016507221  -0.0027845679
        0.0115881990   0.0520389755  -0.0027412320   0.0118139942  -0.0051366637
        0.0027675820  -0.0019198623   0.0005090694   0.0001822309  -0.0010400848
       -0.0001213568   0.0000104161   0.0002304956  -0.0000623880   0.0000856495
        0.0001622652   0.0002437383  -0.0003797052   0.0000731642  -0.0001392793
        0.0001535803   0.0001112485
        0.0005005168   0.0006356269   0.0000095005   0.0039590515  -0.0001048154
        0.0027726307  -0.0011867878  -0.0015999419  -0.0013489176  -0.0118801992
       -0.0266085989   0.0211079391   0.0099017256  -0.0762190310   0.0821997461
        0.0021774188  -0.0027795760   0.0093540511  -0.0002364559   0.0004192859
        0.0001096825  -0.0014887829  -0.0017879014   0.0016181015  -0.0002380432
        0.0002519566  -0.0000127793   0.0001351930  -0.0000703300   0.0000291610
       -0.0002777789   0.0000250624  -0.0000404181   0.0002673276   0.0071460917
       -0.0159058769  -0.0027412320   0.1009843975  -0.0997590267   0.0014691228
       -0.0001689760   0.0002977795  -0.0008432498   0.0006584236  -0.0003177761
       -0.0001538323   0.0000318302  -0.0001761915   0.0001960012  -0.0002645711
       -0.0002061593   0.0004967780  -0.0007063759   0.0000437880  -0.0000567733
        0.0001574428   0.0002247655
       -0.0004033071  -0.0007260833   0.0004368087  -0.0028410540   0.0001273596
       -0.0000881672   0.0007854406   0.0008552169   0.0000411185   0.0068865115
        0.0091817094   0.0042404288  -0.0115645585   0.0800428984  -0.2242174037
       -0.0043670632   0.0034164888  -0.0077877420   0.0004210818  -0.0002084847
        0.0003499494   0.0003425026  -0.0004465694  -0.0009740866   0.0007191837
       -0.0000524074   0.0003806929  -0.0001865973  -0.0001381384   0.0000450803
       -0.0000828212   0.0000093430  -0.0005771207   0.0004499222   0.0071362849
       -0.0281798726   0.0118139942  -0.0997590267   0.2552531945  -0.0022082221
        0.0009409087   0.0002027243   0.0002348211  -0.0002722886   0.0008050818
        0.0000657657  -0.0000630839   0.0000517513  -0.0000290355   0.0000863087
        0.0000650622  -0.0000616648  -0.0000053664   0.0000167496   0.0000251003
       -0.0001250698  -0.0000642496
       -0.0001301067  -0.0001019650   0.0001000468  -0.0006153396  -0.0001722519
       -0.0003457057   0.0001758094   0.0002177611   0.0001322517  -0.0001221924
        0.0006088465   0.0003728867  -0.0083534353   0.0050759974  -0.0283822182
       -0.0470951766  -0.0009723409  -0.0293666312   0.0007719329   0.0007441579
        0.0020294922   0.0004121586  -0.0002560150  -0.0003957126   0.0001282965
       -0.0000425207   0.0000630424   0.0000266976  -0.0000274106   0.0000322152
        0.0000022122   0.0000346517  -0.0000532358   0.0009324524  -0.0000156197
       -0.0009547490  -0.0051366637   0.0014691228  -0.0022082221   0.0561434938
       -0.0043020091   0.0361973075   0.0021111353  -0.0031334332   0.0215829870
        0.0002311015   0.0002675445   0.0006572080   0.0006194351   0.0007736879
        0.0004054991  -0.0000693295  -0.0002269188   0.0000303443  -0.0000324814
        0.0000587150   0.0001031936
        0.0001224991   0.0000068925   0.0000106578  -0.0003108251  -0.0001007888
       -0.0000756559   0.0000712751   0.0000408101   0.0000058656  -0.0000549654
       -0.0003737386   0.0002224999   0.0045959986  -0.0013301995   0.0104391641
       -0.0007296322  -0.0429568230   0.0174820039  -0.0022312429  -0.0022625641
       -0.0289116689  -0.0000591951   0.0005096667  -0.0004403695  -0.0000593821
       -0.0000081215  -0.0000136408   0.0000128597  -0.0000122662  -0.0000222855
        0.0000103047  -0.0000009052   0.0000236044   0.0002153129   0.0001601287
        0.0007060001   0.0027675820  -0.0001689760   0.0009409087  -0.0043020091
        0.0526447910  -0.0171336357   0.0004209372  -0.0017394382   0.0205989934
        0.0000194705   0.0009990209  -0.0007110635  -0.0005085304  -0.0050745898
       -0.0034798312  -0.0000936333  -0.0002839051   0.0001216336   0.0001131758
       -0.0000489939   0.0002368195
       -0.0000163799   0.0000074551   0.0000954535   0.0003582596   0.0001302456
       -0.0003537638  -0.0000405686  -0.0001196253   0.0000736425  -0.0005530362
        0.0000322347   0.0005520332  -0.0040526654   0.0024939908  -0.0081237807
       -0.0305250872   0.0176281519  -0.2749500895  -0.0005833554  -0.0037568041
       -0.0164204901  -0.0000344775   0.0002460519   0.0003554147   0.0000700776
       -0.0000196284  -0.0000191966   0.0000120611  -0.0000075948   0.0000125890
       -0.0000293386   0.0000367304   0.0000238591   0.0005546347  -0.0002371266
        0.0011925672  -0.0019198623   0.0002977795   0.0002027243   0.0361973075
       -0.0171336357   0.3154576369   0.0005695761   0.0037181499  -0.0179528755
        0.0001935290   0.0003888684   0.0007476233  -0.0001807957  -0.0035251559
       -0.0011685496  -0.0001684618  -0.0002067560   0.0000990567   0.0001485831
        0.0000266688   0.0001761453
       -0.0001471582   0.0001176861  -0.0000135335   0.0006453007  -0.0008795996
       -0.0000662451  -0.0009897990  -0.0004558506  -0.0000447291  -0.0067839609
       -0.0000992898  -0.0007652124  -0.0195878637  -0.0150813178   0.0098604884
       -0.1538151100  -0.1017050862   0.0665264531   0.0015123476   0.0001193499
       -0.0008857579  -0.0003996682   0.0000149986  -0.0001332372  -0.0000044628
       -0.0000277194  -0.0000060597   0.0000286461  -0.0000001960  -0.0000121041
        0.0000192405  -0.0000414048   0.0000041779  -0.0014589871   0.0004194082
       -0.0000569301   0.0005090694  -0.0008432498   0.0002348211   0.0021111353
        0.0004209372   0.0005695761   0.1783820877   0.1178979115  -0.0750592612
       -0.0001712733  -0.0000136465   0.0000282288   0.0002372279  -0.0000736310
       -0.0002049054  -0.0001077285   0.0001274397  -0.0000673084   0.0000209565
        0.0001032604   0.0000915386
        0.0000151705   0.0001037475  -0.0000016467   0.0006753499   0.0003366963
        0.0001557397  -0.0001978620  -0.0001285484  -0.0000303221   0.0018467139
       -0.0010161924  -0.0001568879   0.0063697447   0.0054709744  -0.0028864674
       -0.1029590709  -0.1307209548   0.0613567982  -0.0184413908  -0.0189676323
        0.0091674700  -0.0011822083  -0.0054802663  -0.0024605818  -0.0000233031
        0.0000281175  -0.0000354188   0.0000030382  -0.0000003484   0.0000014771
       -0.0000129648   0.0000053264   0.0000254962   0.0003651518  -0.0004145079
       -0.0000350858   0.0001822309   0.0006584236  -0.0002722886  -0.0031334332
       -0.0017394382   0.0037181499   0.1178979115   0.1520458196  -0.0689910497
        0.0000399069  -0.0008431921  -0.0000433773  -0.0002802919   0.0010104008
        0.0003936227   0.0000398541   0.0000487417  -0.0000856731  -0.0012045472
       -0.0003971670   0.0001800454
        0.0000104324  -0.0000327183   0.0000195735  -0.0004124021  -0.0002724277
       -0.0000994834  -0.0000794912   0.0000243447   0.0000041127  -0.0015612598
       -0.0010356201   0.0002754904  -0.0029189321  -0.0020632408   0.0017773203
        0.0686511405   0.0628587704  -0.0842450958  -0.0070165609  -0.0073924429
        0.0040282399  -0.0009843618  -0.0021467871  -0.0001069737   0.0000193838
       -0.0000099492   0.0000257387   0.0000085538  -0.0000198320   0.0000013028
        0.0000001102   0.0000125542  -0.0000199253  -0.0000081164  -0.0000921729
       -0.0000719165  -0.0010400848  -0.0003177761   0.0008050818   0.0215829870
        0.0205989934  -0.0179528755  -0.0750592612  -0.0689910497   0.0947304329
       -0.0000292164  -0.0000525050  -0.0001373332  -0.0005797839  -0.0007018597
        0.0007635006  -0.0002071794  -0.0001909397   0.0000655903  -0.0003759579
       -0.0001753414   0.0001372197
       -0.0005474498   0.0000624292  -0.0001364878   0.0003661646   0.0017263206
        0.0003183339  -0.0000602952  -0.0004664730   0.0000246344  -0.0071234182
       -0.0002388324   0.0008080707  -0.0004697426   0.0001811598   0.0002680579
        0.0003541238   0.0008616425   0.0003169019  -0.1695419755   0.1009908863
       -0.0686007847  -0.0200331888   0.0133700684  -0.0091746350   0.0000272957
       -0.0000338956   0.0000139485  -0.0000872787   0.0000830625  -0.0000234277
        0.0000326625  -0.0000364909  -0.0000098830  -0.0000407751  -0.0001020743
       -0.0001060494  -0.0001213568  -0.0001538323   0.0000657657   0.0002311015
        0.0000194705   0.0001935290  -0.0001712733   0.0000399069  -0.0000292164
        0.1966179154  -0.1169776592   0.0775199754   0.0012637471   0.0002684370
       -0.0012863814   0.0005684570   0.0007619015  -0.0002403488  -0.0012647135
       -0.0003560273   0.0000779967
       -0.0000075818   0.0000436017  -0.0000446076  -0.0006691090   0.0002649178
        0.0000786711   0.0001913789   0.0001374125   0.0000006172  -0.0022629289
       -0.0009952625   0.0000064819   0.0014113738  -0.0053316816  -0.0024060357
        0.0198761794  -0.0175892048   0.0087833453   0.1021065388  -0.1181504654
        0.0549181654  -0.0080139281   0.0059189475  -0.0034252095  -0.0000442438
       -0.0000000974  -0.0000255429   0.0000128652   0.0000424455   0.0000072381
       -0.0000328448  -0.0000222884   0.0000195911   0.0012122756  -0.0003135205
        0.0001356138   0.0000104161   0.0000318302  -0.0000630839   0.0002675445
        0.0009990209   0.0003888684  -0.0000136465  -0.0008431921  -0.0000525050
       -0.1169776592   0.1370630760  -0.0615301857   0.0033325654  -0.0014559558
        0.0035200583  -0.0000525557   0.0006110587  -0.0002970024  -0.0003466398
       -0.0004106423  -0.0000144779
        0.0001486251   0.0000038632   0.0000494190   0.0004980248  -0.0001808699
       -0.0001017438  -0.0001704131  -0.0001642727   0.0000029529   0.0016843506
       -0.0008876914   0.0003430805   0.0011806287  -0.0021600832  -0.0001297906
        0.0074886249  -0.0068744368   0.0037123682  -0.0708481936   0.0563683250
       -0.0814975127   0.0035157552  -0.0022162714   0.0019407010   0.0000177844
       -0.0000209740  -0.0000110922   0.0000196825  -0.0000135379   0.0000041836
       -0.0000145232   0.0000092207   0.0000104042   0.0003740791  -0.0001438220
        0.0001157818   0.0002304956  -0.0001761915   0.0000517513   0.0006572080
       -0.0007110635   0.0007476233   0.0000282288  -0.0000433773  -0.0001373332
        0.0775199754  -0.0615301857   0.0917646459  -0.0233538051   0.0190993097
       -0.0175102066   0.0009657287  -0.0002795114   0.0007273287   0.0000577431
       -0.0000784301  -0.0000825612
        0.0000126590   0.0000056990  -0.0001053704  -0.0006724632  -0.0002195600
        0.0003252780   0.0002145869   0.0002450969  -0.0000758659   0.0003058781
       -0.0005471284  -0.0003881335   0.0003644068   0.0002162072   0.0003832860
        0.0005967158  -0.0006105311  -0.0005495485  -0.0458358307   0.0014630557
        0.0220007846  -0.0068438743  -0.0049813785   0.0276610228  -0.0000221192
        0.0000500287  -0.0000036211   0.0000322633  -0.0000158221  -0.0000022562
        0.0000285155  -0.0000443765  -0.0000155508  -0.0000143827  -0.0000461862
       -0.0001042211  -0.0000623880   0.0001960012  -0.0000290355   0.0006194351
       -0.0005085304  -0.0001807957   0.0002372279  -0.0002802919  -0.0005797839
        0.0012637471   0.0033325654  -0.0233538051   0.0535805933   0.0032951055
       -0.0280882678  -0.0048844320  -0.0016840378   0.0023947014   0.0010794615
        0.0001340830   0.0007111827
        0.0000347661   0.0000235997  -0.0000096824   0.0003730052   0.0001969714
       -0.0000036989  -0.0001576338  -0.0003284360  -0.0000244745   0.0001026400
       -0.0002083976   0.0000972574   0.0000539489   0.0004591646  -0.0003487717
        0.0016849579  -0.0021477405  -0.0290167922   0.0011635251  -0.0427668151
        0.0172214596  -0.0044610684  -0.0017648419   0.0124283163   0.0000203626
       -0.0000086326  -0.0000063663  -0.0000136664  -0.0000112487   0.0000105891
       -0.0000108488  -0.0000113384   0.0000007592  -0.0000923312  -0.0000678801
        0.0002462403   0.0000856495  -0.0002645711   0.0000863087   0.0007736879
       -0.0050745898  -0.0035251559  -0.0000736310   0.0010104008  -0.0007018597
        0.0002684370  -0.0014559558   0.0190993097   0.0032951055   0.0526373902
       -0.0173781998  -0.0030813722  -0.0003824413   0.0011754844   0.0000344661
        0.0001653623   0.0006492766
       -0.0000401997  -0.0000238996   0.0000835838  -0.0002451858  -0.0000068214
       -0.0004902322   0.0000163324   0.0000689302   0.0000740060   0.0003806118
        0.0000928808   0.0008050980   0.0000593587   0.0002155265   0.0002623231
        0.0004190125  -0.0035450408  -0.0161942619   0.0229203892   0.0172586560
       -0.2758611691   0.0040630964   0.0028090694  -0.0090963957   0.0000192506
       -0.0000514998   0.0000364621  -0.0000077738   0.0000146284   0.0000055060
       -0.0000290893   0.0000089492  -0.0000316096  -0.0001360867   0.0000230133
        0.0001861944   0.0001622652  -0.0002061593   0.0000650622   0.0004054991
       -0.0034798312  -0.0011685496  -0.0002049054   0.0003936227   0.0007635006
       -0.0012863814   0.0035200583  -0.0175102066  -0.0280882678  -0.0173781998
        0.3169572718   0.0021065846   0.0004948320   0.0000372701  -0.0005145107
       -0.0002087152   0.0010761465
       -0.0003888240   0.0001502679   0.0009617693   0.0024774337   0.0035799104
       -0.0012759259   0.0005426784  -0.0020162884   0.0003670224  -0.0056178899
        0.0161435638  -0.0162376447  -0.0008726512   0.0003158844  -0.0014695868
        0.0001806073  -0.0003337590   0.0003761549  -0.0051664291  -0.0101647145
        0.0258776058  -0.0391951539  -0.0059838645   0.0055955550   0.0000540552
       -0.0001648205   0.0000553202  -0.0000254996  -0.0000095818   0.0000431903
       -0.0000856346   0.0001302175  -0.0000152048  -0.0001989289  -0.0002390463
       -0.0001364609   0.0002437383   0.0004967780  -0.0000616648  -0.0000693295
       -0.0000936333  -0.0001684618  -0.0001077285   0.0000398541  -0.0002071794
        0.0005684570  -0.0000525557   0.0009657287  -0.0048844320  -0.0030813722
        0.0021065846   0.0510085651  -0.0008813983  -0.0052019225   0.0015369664
        0.0021645584  -0.0115748797
        0.0005716467  -0.0003740564  -0.0011359481  -0.0033753522  -0.0025900649
        0.0018128050   0.0004113517   0.0011635164   0.0003174029   0.0137452661
       -0.0224953593   0.0229291440   0.0011245490  -0.0013185707   0.0014434057
        0.0001531963   0.0004086797   0.0002398917  -0.0020915115  -0.0030067171
        0.0106452460  -0.0079090291  -0.0698305622   0.0745706279  -0.0000794695
        0.0001020859  -0.0000193132   0.0000262403  -0.0000091572  -0.0000748161
        0.0001533771  -0.0001663773   0.0000255277   0.0001486041   0.0002299585
        0.0002158623  -0.0003797052  -0.0007063759  -0.0000053664  -0.0002269188
       -0.0002839051  -0.0002067560   0.0001274397   0.0000487417  -0.0001909397
        0.0007619015   0.0006110587  -0.0002795114  -0.0016840378  -0.0003824413
        0.0004948320  -0.0008813983   0.0918482089  -0.0920759259  -0.0005961503
        0.0067513374  -0.0187061686
       -0.0000680176   0.0001370207   0.0000975642   0.0030008416   0.0021995912
       -0.0000984536  -0.0002399807  -0.0018727754   0.0000302135  -0.0090153448
        0.0098154490   0.0026008082  -0.0002562430  -0.0004587198  -0.0009122399
       -0.0005246894  -0.0003611952   0.0004323559   0.0041054529   0.0035707714
       -0.0092799010   0.0074386787   0.0729388936  -0.2314917934   0.0000107332
       -0.0000400792  -0.0000295661  -0.0000194644  -0.0000138491  -0.0000044645
       -0.0000385577   0.0000393934   0.0000320018  -0.0000287215  -0.0001020155
       -0.0000691393   0.0000731642   0.0000437880   0.0000167496   0.0000303443
        0.0001216336   0.0000990567  -0.0000673084  -0.0000856731   0.0000655903
       -0.0002403488  -0.0002970024   0.0007273287   0.0023947014   0.0011754844
        0.0000372701  -0.0052019225  -0.0920759259   0.2656355341  -0.0013533175
        0.0052652103  -0.0278889152
        0.0001667172  -0.0002105888  -0.0007804220   0.0021617418   0.0030485738
        0.0009910633  -0.0003955378  -0.0016541764  -0.0002115123   0.0035070912
        0.0151688586   0.0109607857  -0.0015947136   0.0018473648   0.0008177754
       -0.0046886364  -0.0030000034   0.0008283477  -0.0101092281  -0.0181277220
       -0.0157108846  -0.0680770375  -0.0552642077  -0.0544290884  -0.0000317387
        0.0000506094   0.0000113199   0.0000169513  -0.0000481248  -0.0000206425
        0.0000674299  -0.0001517727  -0.0000207418   0.0002344010   0.0007623751
        0.0001075221  -0.0001392793  -0.0000567733   0.0000251003  -0.0000324814
        0.0001131758   0.0001485831   0.0000209565  -0.0012045472  -0.0003759579
       -0.0012647135  -0.0003466398   0.0000577431   0.0010794615   0.0000344661
       -0.0005145107   0.0015369664  -0.0005961503  -0.0013533175   0.0775416495
        0.0596352829   0.0594688370
       -0.0001622765   0.0000512694   0.0005635199  -0.0025916052  -0.0015894280
       -0.0012367021  -0.0000392059   0.0010360469   0.0002884940  -0.0001122396
       -0.0293100144  -0.0142793771   0.0014973306  -0.0033155749  -0.0026611067
       -0.0008434512  -0.0014569298   0.0002102813  -0.0045363079  -0.0055138469
       -0.0053806008  -0.0542767219  -0.1406198674  -0.0989341309  -0.0000104005
       -0.0000623150  -0.0000264394  -0.0000213913   0.0001176050   0.0000397367
       -0.0001163366   0.0000532311   0.0000276254  -0.0006808467  -0.0013363608
        0.0000025743   0.0001535803   0.0001574428  -0.0001250698   0.0000587150
       -0.0000489939   0.0000266688   0.0001032604  -0.0003971670  -0.0001753414
       -0.0003560273  -0.0004106423  -0.0000784301   0.0001340830   0.0001653623
       -0.0002087152   0.0021645584   0.0067513374   0.0052652103   0.0596352829
        0.1757288454   0.1166818027
       -0.0000567204   0.0001024930  -0.0000545994  -0.0017945876  -0.0018557837
        0.0008371143   0.0007632846   0.0018693603  -0.0007256630   0.0037423591
       -0.0042331625   0.0034718939   0.0002785268   0.0009184642  -0.0006150776
        0.0007190973   0.0010514632   0.0004759426   0.0021696819   0.0038394212
        0.0039187370  -0.0547323980  -0.1010940896  -0.1451835488  -0.0000146659
        0.0000392588   0.0000088697   0.0000209695   0.0000270645   0.0000060954
       -0.0000130170   0.0000105296  -0.0000297452  -0.0000716479   0.0000729177
        0.0000058301   0.0001112485   0.0002247655  -0.0000642496   0.0001031936
        0.0002368195   0.0001761453   0.0000915386   0.0001800454   0.0001372197
        0.0000779967  -0.0000144779  -0.0000825612   0.0007111827   0.0006492766
        0.0010761465  -0.0115748797  -0.0187061686  -0.0278889152   0.0594688370
        0.1166818027   0.1645303654
