   -0.13347647
    0.08121368
   -0.24886902
    0.36726864
   -0.46134143
   -0.24864593
    0.07511925
   -0.13409843
   -0.15164595
    0.04437719
   -0.16857622
    0.38506624
   -0.44743981
   -0.26224328
    0.07390562
   -0.13415792
   -0.25003715
    0.07184720
   -0.12646169
    0.08376766
    0.07038924
    0.07735188
    0.06842633
    0.05682399
    0.08805558
    0.07326659
    0.08866801
    0.06780305
    0.06933531
    0.09163814
    0.08286806
    0.06591055
    0.08977987
    0.08512471
    0.07042835
    0.06905255
    0.09614710
    0.06525449
    0.05168863
    0.06873217
    0.08768323
