   -0.13059607
    0.06391163
   -0.25561449
    0.37217675
   -0.45817105
   -0.09438952
    0.00340907
    0.13268253
    0.37699369
   -0.42208861
   -0.24046589
    0.06683833
   -0.12183155
   -0.11636830
    0.33916646
   -0.49148530
   -0.24673105
    0.02875676
   -0.28298874
    0.02279756
    0.06974301
    0.07571806
    0.05520993
    0.09084275
    0.06517584
    0.08286976
    0.12370909
    0.10119296
    0.07504775
    0.08339768
    0.04881822
    0.06657321
    0.07220315
    0.10074397
    0.08845534
    0.10264091
    0.07124491
    0.08041127
