   -0.13300929
    0.08369695
   -0.25421245
    0.36183718
   -0.47684677
   -0.25026659
    0.07519649
   -0.13161859
   -0.12921794
    0.03124572
   -0.13153661
    0.35683698
   -0.46661099
   -0.26479611
    0.07484361
   -0.12902038
   -0.25774835
    0.08909499
   -0.12256937
    0.07780684
    0.08473085
    0.06929477
    0.06801870
    0.05451229
    0.08690845
    0.07568371
    0.06682326
    0.08853583
    0.06799322
    0.08490918
    0.13545974
    0.06365374
    0.09155741
    0.08764769
    0.07157883
    0.05175093
    0.05350899
    0.08469002
    0.07213766
    0.05382466
    0.08367474
