   -0.11821958
    0.08512734
   -0.26385860
    0.35969508
   -0.45324226
   -0.26323847
    0.06862294
   -0.12771676
   -0.13289522
    0.03778348
   -0.16546072
    0.38533763
   -0.46691914
   -0.25798164
    0.07975191
   -0.12941005
   -0.25585833
    0.07677331
   -0.12886141
    0.04844871
    0.07112502
    0.08663598
    0.07720016
    0.06266474
    0.07787646
    0.09779496
    0.08780553
    0.06446066
    0.05777456
    0.10248031
    0.11101372
    0.08586215
    0.04956174
    0.07346125
    0.07959840
    0.06059135
    0.06788847
    0.09139267
    0.05731546
    0.08604492
    0.07357329
