   -0.13102103
    0.07195752
   -0.26574857
    0.38836596
   -0.44685443
   -0.26924453
    0.08243974
   -0.12573105
   -0.15993818
    0.04386198
   -0.15572638
    0.37896601
   -0.45597767
   -0.26380866
    0.07051577
   -0.13157915
   -0.25047460
    0.08591506
   -0.13216349
    0.08670919
    0.07210166
    0.06409155
    0.06812835
    0.09326547
    0.06050511
    0.08474011
    0.05206377
    0.08207804
    0.07181935
    0.09132242
    0.09056416
    0.09619940
    0.07897481
    0.06110485
    0.06772932
    0.09334857
    0.05766761
    0.06852647
    0.06261567
    0.08554855
    0.07714123
