   -0.12790975
    0.07957778
   -0.27236863
    0.36684085
   -0.44910671
   -0.26094950
    0.09135779
   -0.12619759
   -0.14648480
    0.03606940
   -0.10319526
    0.36903118
   -0.48681272
   -0.26036888
    0.07193294
   -0.13363025
   -0.25033819
    0.07356601
   -0.13060383
    0.06940778
    0.05560928
    0.08218362
    0.05755120
    0.08905327
    0.05715960
    0.07106242
    0.05870174
    0.08258658
    0.07168932
    0.11912500
    0.07988336
    0.07171236
    0.09420964
    0.07120996
    0.06898295
    0.08898044
    0.09501945
    0.06063861
    0.05363306
    0.07602398
    0.08516655
