   -0.12447040
    0.06466294
   -0.26688017
    0.37509997
   -0.46772171
   -0.09171916
    0.00443491
    0.12861678
    0.36922937
   -0.46282284
   -0.25094131
    0.08320088
   -0.13317183
   -0.11137850
    0.38601628
   -0.48949901
   -0.25114854
    0.00586632
   -0.26181636
    0.01118388
    0.07671698
    0.06285454
    0.05033349
    0.06500231
    0.09141494
    0.08062834
    0.11929006
    0.05553491
    0.06527009
    0.08119713
    0.07998717
    0.07236264
    0.11295904
    0.09439376
    0.09788816
    0.11291125
    0.07439994
    0.09011374
