           1           2   1.01453578393803     
           2           3  0.910727366362142     
           3           4   1.17480440544698     
           3           5  0.172354082307066     
           4           5   1.70768479192473     
           4           6  0.959374524512024     
           6           7  0.994582063222557     
           7           8  0.921182573427421     
           7           9  0.958056520093809     
           9          10   1.69549182621165     
           9          11   1.18536672220864     
          10          11  0.171084295444392     
          11          12  0.897753003766681     
          12          13   1.01959959604060     
           7          14  0.956388580651939     
          14          15  0.975096953606061     
          14          16  0.132761436285433     
          15          16   1.51718157821671     
          15          17   1.33768267922134     
          17          18  0.885407585681129     
          15          19   1.29501886836283     
          19          20  0.911865213216152     
           1          21  0.978918737824204     
           1          22  0.985025181506477     
           1          23  0.985474460047576     
           2          24  0.969906305962064     
           2          25  0.966681691187378     
           6          26  0.964933659261921     
           6          27  0.941710471061953     
          12          28  0.968424449960031     
          12          29  0.968403160976388     
          13          30  0.977412739996367     
          13          31  0.982171347634700     
          13          32  0.981557877254407     
          18          33  0.970862187315912     
          18          34  0.976892273343757     
          18          35  0.972966726505181     
          20          36  0.971164132637975     
          20          37  0.977633653903300     
          20          38  0.975858275764172     
