           1           2   1.01383738221396     
           2           3  0.909032049358350     
           3           4   1.19152753244696     
           3           5  0.179182716586856     
           4           5   1.70139752329561     
           4           6  0.967152635403886     
           6           7  0.993445353891447     
           7           8  0.924934026260530     
           7           9  0.954105248181957     
           9          10   1.66696684216205     
           9          11   1.21865726006570     
          10          11  0.173690673469049     
          11          12  0.897645174106801     
          12          13   1.01302688264114     
           7          14  0.956674534071061     
          14          15  0.979537214552465     
          14          16  0.132860861520128     
          15          16   1.52989229739511     
          15          17   1.33157245848735     
          17          18  0.889388448316418     
          15          19   1.28428284976773     
          19          20  0.914272260918100     
           1          21  0.979047358249364     
           1          22  0.985200305511277     
           1          23  0.984140408338290     
           2          24  0.967934171107788     
           2          25  0.969600215662999     
           6          26  0.928955371519076     
           6          27  0.960142516775001     
          12          28  0.970767008850023     
          12          29  0.965190866452759     
          13          30  0.977462536742096     
          13          31  0.982901458098032     
          13          32  0.985338343998162     
          18          33  0.974801937987281     
          18          34  0.971360163047344     
          18          35  0.977411627645180     
          20          36  0.977161321875108     
          20          37  0.977716606845271     
          20          38  0.971774340171480     
