   32
         18          1         18
         18         19         36
         17         37         53
          1         54         54
         15         55         69
          3         70         72
         17         73         89
         16         90        105
         18        106        123
          1        124        124
         17        125        141
          1        142        142
         17        143        159
          2        160        161
         15        162        176
         17        177        193
         16        194        209
          9        210        218
          2        219        220
         15        221        235
         16        236        251
         16        252        267
          1        268        268
          1        269        269
          1        270        270
         12        271        282
          1        283        283
          1        284        284
          1        285        285
          1        286        286
          2        287        288
          5        289        293
