   -0.13662915
    0.07175456
   -0.25129025
    0.37011668
   -0.46939142
   -0.09027943
    0.00629986
    0.12564152
    0.37168760
   -0.44608690
   -0.25276433
    0.07438941
   -0.13064516
   -0.13615813
    0.38487621
   -0.47544721
   -0.25386417
    0.00556760
   -0.26411036
    0.02042850
    0.07070064
    0.07869340
    0.07552011
    0.06440406
    0.06886764
    0.11071459
    0.07827980
    0.08439877
    0.06283150
    0.05920846
    0.07546640
    0.07998336
    0.11644658
    0.09262715
    0.09509298
    0.07618023
    0.11142908
    0.07505980
