           1           2   1.01377867855883     
           2           3  0.909369535752740     
           3           4   1.18929732128776     
           3           5  0.177837411614115     
           4           5   1.69963619935195     
           4           6  0.970391557143222     
           6           7  0.994464392555011     
           7           8  0.932123250694935     
           7           9  0.955018155098022     
           9          10   1.66638838402456     
           9          11   1.22228254215980     
          10          11  0.171786968093787     
          11          12  0.896451867315552     
          12          13   1.01400285133062     
           7          14  0.958251326678713     
          14          15  0.977774950387133     
          14          16  0.131634868729492     
          15          16   1.53019811889208     
          15          17   1.27294902343852     
          17          18  0.916918498796750     
          15          19   1.32738826479966     
          19          20  0.889713415557962     
           1          21  0.984062995336478     
           1          22  0.978713759027559     
           1          23  0.985096979030004     
           2          24  0.968230561756947     
           2          25  0.969330456535934     
           6          26  0.931226015731957     
           6          27  0.952268731849289     
          12          28  0.969803327617822     
          12          29  0.965312676722079     
          13          30  0.977264529925377     
          13          31  0.983432390735728     
          13          32  0.985018760959252     
          18          33  0.976413732750942     
          18          34  0.972651015383807     
          18          35  0.976362962969452     
          20          36  0.977385322525058     
          20          37  0.971648637393044     
          20          38  0.974671036096325     
