   -0.12452958
    0.08919458
   -0.25928719
    0.36377045
   -0.43472929
   -0.27205920
    0.08470113
   -0.13329385
   -0.16542626
    0.03267147
   -0.14478732
    0.38287219
   -0.46758125
   -0.27102859
    0.08444877
   -0.12625660
   -0.25918351
    0.08461473
   -0.13412322
    0.08748259
    0.06273109
    0.07188703
    0.07106310
    0.06295476
    0.05962943
    0.06509717
    0.08634346
    0.07424702
    0.06992695
    0.09365526
    0.13021028
    0.08257392
    0.07308684
    0.08655338
    0.06987947
    0.06440220
    0.05761643
    0.06626817
    0.08596525
    0.07859637
    0.06984235
