           1           2   1.02170871135594     
           2           3  0.892609574176098     
           3           4   1.29685372629034     
           4           5   1.54783497641005     
           4           6   1.31525263114938     
           6           7  0.875945601936703     
           7           8   1.02353312903637     
           4           9  0.981297745064932     
           9          10  0.979060504176041     
          10          11  0.990100387508149     
          11          12  0.986566116425635     
          11          13  0.144189068324586     
          12          13   1.50446342676871     
          12          14   1.31009590615138     
          14          15  0.893532735597608     
          15          16   1.01995583589219     
          12          17   1.32667624065746     
          17          18  0.870712878116702     
          18          19   1.02345105183941     
           1          20  0.982905574813904     
           1          21  0.977224816531998     
           1          22  0.976798921584384     
           2          23  0.966081354260200     
           2          24  0.963742168272322     
           7          25  0.966938328247790     
           7          26  0.965346266327731     
           8          27  0.975423994162976     
           8          28  0.982193874316624     
           8          29  0.977078788419386     
          10          30  0.953911862940237     
          10          31  0.952827270967946     
          15          32  0.965627063744418     
          15          33  0.967118171111516     
          16          34  0.977508150437139     
          16          35  0.982323570615864     
          16          36  0.978517203348643     
          18          37  0.964283103392088     
          18          38  0.970066470185295     
          19          39  0.976759967153898     
          19          40  0.983010237636040     
          19          41  0.975398862179088     
