   -0.12897537
    0.07440217
   -0.26191133
    0.36377785
   -0.47080481
   -0.26251558
    0.07732380
   -0.11749167
   -0.12014756
    0.03333679
   -0.10675209
    0.38750991
   -0.48825682
   -0.25589933
    0.08303675
   -0.13278654
   -0.26947724
    0.07188381
   -0.12305199
    0.07367737
    0.05245456
    0.08492843
    0.06399186
    0.09098145
    0.09087260
    0.06961393
    0.05142764
    0.05746947
    0.08227005
    0.12291690
    0.07935603
    0.04855546
    0.08423292
    0.06171410
    0.08194273
    0.07733886
    0.09505025
    0.07585097
    0.05318559
    0.06322720
    0.08574087
