           1           2   1.01834400042542     
           2           3  0.881016942385259     
           3           4   1.33490540782582     
           4           5   1.55304822347002     
           4           6   1.35750589373470     
           6           7  0.862551136134906     
           7           8   1.02128489858301     
           4           9  0.938407504945385     
           5           9  0.135925719840199     
           9          10  0.984643684774005     
          10          11  0.989077582465437     
          11          12  0.950848273565109     
          11          13  0.135515626948948     
          12          13   1.55876184083893     
          12          14   1.34196354690375     
          14          15  0.865928922836823     
          15          16   1.02237606770866     
          12          17   1.32135485919852     
          17          18  0.885062192777235     
          18          19   1.02233608978905     
           1          20  0.983142622521473     
           1          21  0.982084004989441     
           1          22  0.974940872497947     
           2          23  0.970623914562030     
           2          24  0.966163392873897     
           7          25  0.967420907715554     
           7          26  0.966175667803870     
           8          27  0.980855104025242     
           8          28  0.983096692137887     
           8          29  0.974034521248620     
          10          30  0.958982217944363     
          10          31  0.955162975645435     
          15          32  0.966780116350689     
          15          33  0.966632150458815     
          16          34  0.982387169290138     
          16          35  0.974319498423354     
          16          36  0.978626247709014     
          18          37  0.964020853469515     
          18          38  0.968511930044839     
          19          39  0.975868737892050     
          19          40  0.977277536432481     
          19          41  0.981965411148843     
