   -0.12395160
    0.08779356
   -0.25795572
    0.37422154
   -0.43657689
   -0.27210244
    0.07655525
   -0.13039221
   -0.16741310
    0.03500370
   -0.15352397
    0.39493934
   -0.46462444
   -0.27477782
    0.08397307
   -0.11976912
   -0.25964653
    0.08438351
   -0.13360174
    0.07096694
    0.08658460
    0.06528812
    0.07026681
    0.06149492
    0.05965775
    0.08974574
    0.06031005
    0.08325613
    0.06818196
    0.09109174
    0.12632330
    0.07622374
    0.08439362
    0.05677395
    0.08710802
    0.06124506
    0.06009176
    0.06422524
    0.08612435
    0.07701680
    0.07109503
