   -0.13665792
    0.07395739
   -0.26745892
    0.38464939
   -0.45607913
   -0.28302228
    0.08374403
   -0.12570554
   -0.10764052
    0.03249738
   -0.15889827
    0.38379338
   -0.47512173
   -0.24867806
    0.08903682
   -0.13286333
   -0.26353613
    0.07627901
   -0.12844379
    0.09120651
    0.06596600
    0.07298049
    0.08915117
    0.06928819
    0.05572052
    0.07837884
    0.05396097
    0.08052017
    0.07184800
    0.11375629
    0.10008842
    0.04883312
    0.06006641
    0.08384134
    0.07628094
    0.07597993
    0.06307136
    0.09210004
    0.08463601
    0.07528470
    0.05718880
