   -0.13007278
    0.06358006
   -0.24897378
    0.37110952
   -0.48036792
   -0.10014726
    0.01630770
    0.07914454
    0.37470625
   -0.47972551
   -0.26000626
    0.07955387
   -0.12322175
   -0.12240084
    0.38104860
   -0.44275780
   -0.26079292
    0.00915799
   -0.27008618
    0.01665693
    0.07265965
    0.05333208
    0.07829504
    0.06353681
    0.09556881
    0.11892601
    0.12307679
    0.06314921
    0.07353142
    0.08149188
    0.07110037
    0.05702160
    0.08122899
    0.11473377
    0.09163821
    0.10996520
    0.08537188
    0.09265983
