           1           2   1.02040688388104     
           2           3  0.884885848002649     
           3           4   1.31738733300492     
           4           5   1.51414958398930     
           4           6   1.33426202572673     
           6           7  0.871420885285644     
           7           8   1.02132320759396     
           4           9  0.989933273000323     
           5           9  0.135721169039039     
           9          10  0.984599583323867     
          10          11  0.990323180279718     
          11          12  0.971733452397006     
          11          13  0.138209711972372     
          12          13   1.50515802722800     
          12          14   1.33010987611978     
          14          15  0.882756343997092     
          15          16   1.02247639119830     
          12          17   1.32793590094576     
          17          18  0.879073534793003     
          18          19   1.01965355024044     
           1          20  0.980400649519645     
           1          21  0.983136066901735     
           1          22  0.976413755120298     
           2          23  0.966435787850779     
           2          24  0.969772708643410     
           7          25  0.968245809674478     
           7          26  0.964353938814771     
           8          27  0.974949089538594     
           8          28  0.982790928988869     
           8          29  0.981470168847470     
          10          30  0.953464197006975     
          10          31  0.954129896922960     
          15          32  0.962917166537943     
          15          33  0.967254560037508     
          16          34  0.982063263180637     
          16          35  0.975851687008384     
          16          36  0.974751101053966     
          18          37  0.972056749634733     
          18          38  0.963357354207592     
          19          39  0.975006544217486     
          19          40  0.978185188159418     
          19          41  0.982377930362848     
