   -0.13255194
    0.07775339
   -0.25235909
    0.38259564
   -0.46693076
   -0.26630478
    0.07760919
   -0.12571389
   -0.15917728
    0.04304749
   -0.14721134
    0.37700487
   -0.46952970
   -0.25865981
    0.07235675
   -0.12680315
   -0.24922255
    0.07950114
   -0.13506363
    0.06625280
    0.07656729
    0.08648308
    0.07503765
    0.06397445
    0.06313948
    0.09046846
    0.07376155
    0.05699368
    0.08505219
    0.09401342
    0.09185453
    0.09242647
    0.07784342
    0.06489442
    0.08796494
    0.06676306
    0.05940423
    0.07170467
    0.06954608
    0.08545882
    0.08005477
