$coord
         -6.802477084144         -3.291590308888         -0.245861856762     c 
         -5.999172989784         -0.634696321040          0.523224022514     c 
         -3.345258928360         -0.002571653211         -0.417331809572     c 
         -2.542860125736          2.665811177147          0.331929471421     c 
          0.123193252862          3.288058085111         -0.619203841450     c 
          2.061291738802          1.679136173954          0.606292834843     c 
          3.851822816612          0.369451071839         -0.610529346820     c 
          5.689027640946         -1.146944844342          0.717452817039     c 
          7.366596808790         -2.379424628904         -0.266082214304     o 
         -8.691140907113         -3.706129447815          0.448515696612     h 
         -5.505914615265         -4.687992963643          0.525538842693     h 
         -6.807612641556         -3.479097312118         -2.292738097249     h 
         -6.050588015441         -0.473840401797          2.580284254656     h 
         -7.339038043509          0.734335734684         -0.245002594594     h 
         -2.001305284358         -1.366518703581          0.356680778384     h 
         -3.294158613505         -0.181540470012         -2.472985801393     h 
         -3.873789771881          4.025438762807         -0.462108547899     h 
         -2.601912674025          2.847665592055          2.385688145216     h 
          0.539106141674          5.255092552919         -0.140421206497     h 
          0.211799454119          3.088063656401         -2.668092809015     h 
          1.982091583830          1.588862717570          2.649871692521     h 
          3.997615362006          0.394352218196         -2.647589643402     h 
          5.491682963474         -1.144225562905          2.798256292419     h 
$end
