   -0.13010466
    0.06306570
   -0.25033390
    0.37395308
   -0.46557283
   -0.09173481
    0.00094664
    0.13844202
    0.37576238
   -0.41596360
   -0.21863406
    0.05886710
   -0.12801895
   -0.12214795
    0.34325163
   -0.48898516
   -0.25574019
    0.02498422
   -0.29752359
    0.03271357
    0.07582791
    0.07197428
    0.05498979
    0.06194529
    0.09259421
    0.12426081
    0.07935219
    0.10878217
    0.07664131
    0.07229394
    0.08344017
    0.05162283
    0.07686817
    0.10016355
    0.08811730
    0.07235073
    0.06569618
    0.09585255
