           1           2  0.971885802896319     
           2           3  0.957856201784604     
           2           4  0.965529079285061     
           4           5  0.955872305598314     
           4           6  0.962236328916314     
           6           7  0.957502449610841     
           6           8  0.951130571646107     
           8           9  0.949044966476399     
           1          10  0.963012616795592     
           8          10  0.991463214383618     
           8          11  0.992463328270944     
           6          12   1.00100434377145     
           4          13  0.997616575359407     
           2          14   1.00539959602028     
           1          15  0.967042863758426     
           1          16  0.967164859552007     
          11          17  0.835390757467607     
          12          18  0.839595012133775     
          13          19  0.855310356258983     
          14          20  0.852957025126583     
