   -0.12991646
    0.08645795
   -0.25772809
    0.36494900
   -0.44703486
   -0.25313360
    0.08135423
   -0.13323064
   -0.16195184
    0.03648322
   -0.16721139
    0.38375584
   -0.46188137
   -0.27304544
    0.07424331
   -0.13140398
   -0.25673346
    0.07569483
   -0.12773339
    0.08562961
    0.06799281
    0.06830020
    0.06496532
    0.07823407
    0.06087737
    0.06975719
    0.06906200
    0.08615263
    0.07632795
    0.10698759
    0.11331741
    0.09154421
    0.07475876
    0.06633579
    0.06395137
    0.08742016
    0.06517744
    0.09076284
    0.05578074
    0.08479263
    0.06993803
