           1           2   1.01910185977706     
           2           3  0.889319133673641     
           3           4   1.30856782968487     
           4           5   1.50157402279362     
           4           6   1.30078215341667     
           6           7  0.882201830599651     
           7           8   1.02037257062490     
           4           9  0.986237687074373     
           5           9  0.134352326399623     
           9          10  0.985573568743088     
          10          11  0.983695266927805     
          11          12  0.980821594274630     
          11          13  0.110531108139525     
          12          13   1.54210177155610     
          12          14   1.29388593954139     
          14          15  0.883370315992047     
          15          16   1.01821491610689     
          12          17   1.30871541628753     
          17          18  0.882218646956797     
          18          19   1.02200493924107     
           1          20  0.981004397344484     
           1          21  0.982141603912800     
           1          22  0.976508807094325     
           2          23  0.966440597615128     
           2          24  0.965408833346167     
           7          25  0.966033882072484     
           7          26  0.967975871479120     
           8          27  0.976354091139459     
           8          28  0.983072199880960     
           8          29  0.979474372379129     
          10          30  0.940612479832942     
          10          31  0.954034889238449     
          15          32  0.968177064040989     
          15          33  0.966741511165449     
          16          34  0.974846896737219     
          16          35  0.982912188753924     
          16          36  0.981274480939058     
          18          37  0.965013894302835     
          18          38  0.966085574965251     
          19          39  0.975670134602848     
          19          40  0.974656267489428     
          19          41  0.982136768094632     
