   17
         24          1         24
         12         25         36
         27         37         63
         11         64         74
         27         75        101
         13        102        114
         27        115        141
         12        142        153
         20        154        173
          3        174        176
          6        177        182
          1        183        183
          2        184        185
         25        186        210
          8        211        218
          3        219        221
          1        222        222
