           1           2   1.02245292395824     
           2           3  0.887417159044649     
           3           4   1.32606109285786     
           4           5   1.51148038535263     
           4           6   1.32131924247107     
           6           7  0.877569856080717     
           7           8   1.02282210853567     
           4           9  0.980981447991210     
           5           9  0.132874748597900     
           9          10  0.989063372809696     
          10          11  0.984014511827567     
          11          12  0.967165196204536     
          11          13  0.123234262094520     
          12          13   1.56211381710959     
          12          14   1.29520899202076     
          14          15  0.878619729016176     
          15          16   1.02212124025506     
          12          17   1.30917055217210     
          17          18  0.873104297885737     
          18          19   1.01941410260847     
           1          20  0.977519223078312     
           1          21  0.976024207431372     
           1          22  0.982306828723882     
           2          23  0.967395626320763     
           2          24  0.963857900076124     
           7          25  0.966904722279585     
           7          26  0.965303134099778     
           8          27  0.976915419855313     
           8          28  0.975449123263295     
           8          29  0.981724761499342     
          10          30  0.954604219862641     
          10          31  0.952955668843182     
          15          32  0.964808828886197     
          15          33  0.967645471653649     
          16          34  0.975832909409807     
          16          35  0.977084847847415     
          16          36  0.982454583657282     
          18          37  0.962510222914650     
          18          38  0.968822515775441     
          19          39  0.981966932705711     
          19          40  0.981843068546077     
          19          41  0.974683494204575     
