           1           2   1.01382875528855     
           2           3  0.908900662230238     
           3           4   1.18685233816463     
           3           5  0.177982018010899     
           4           5   1.70816053504045     
           4           6  0.957861270854292     
           6           7  0.978255478452250     
           7           8  0.927615087529658     
           7           9  0.956983857531383     
           9          10   1.65128390660825     
           9          11   1.22615216142104     
          10          11  0.166705798004314     
          11          12  0.890554990517529     
          12          13   1.01306370712742     
           7          14  0.969768646193108     
          10          15  0.133568063300648     
          14          15  0.953935736053528     
          14          16  0.129362316949139     
          15          16   1.50092651623926     
          15          17   1.30860437476815     
          17          18  0.911370528871716     
          15          19   1.29579517849832     
          19          20  0.900192696800163     
           1          21  0.978835552571827     
           1          22  0.985515112809316     
           1          23  0.983778759153000     
           2          24  0.967277791448113     
           2          25  0.969994375905226     
           6          26  0.966923853169181     
           6          27  0.943260348344883     
          12          28  0.970222111550672     
          12          29  0.966832014703676     
          13          30  0.976510577924341     
          13          31  0.982698599953304     
          13          32  0.984363005643667     
          18          33  0.977206062344828     
          18          34  0.977658448722193     
          18          35  0.970546293040705     
          20          36  0.978554288118513     
          20          37  0.972577413793089     
          20          38  0.970342785153342     
