           1           2   1.02252014995150     
           2           3  0.880367353469061     
           3           4   1.31878763086160     
           4           5   1.50760893300138     
           4           6   1.32794622440401     
           6           7  0.885677452670856     
           7           8   1.02230872613709     
           4           9  0.989515773034760     
           5           9  0.132480247258254     
           9          10  0.998885020840368     
          10          11  0.964433326668594     
          11          12  0.992131355733381     
          12          13   1.54631894403561     
          12          14   1.30048984706853     
          14          15  0.889768846351336     
          15          16   1.01905210430050     
          12          17   1.32469894721708     
          17          18  0.872320518855712     
          18          19   1.02384099547740     
           1          20  0.975866913845362     
           1          21  0.975661656547100     
           1          22  0.982105345126144     
           2          23  0.965748951346910     
           2          24  0.967757939032865     
           7          25  0.964538151355114     
           7          26  0.967696070703157     
           8          27  0.981367390282941     
           8          28  0.975743404556950     
           8          29  0.975296858958074     
          10          30  0.954446273996480     
          10          31  0.959993686344111     
          15          32  0.965018985642655     
          15          33  0.968997280918388     
          16          34  0.980506332425362     
          16          35  0.982611876393415     
          16          36  0.976599321256085     
          18          37  0.967696121506277     
          18          38  0.964760663995239     
          19          39  0.975089438350535     
          19          40  0.975111082996821     
          19          41  0.981867719875261     
