           1           2   1.01427274559620     
           2           3  0.905102109296210     
           3           4   1.20564864952617     
           3           5  0.170879300969919     
           4           5   1.66322985798285     
           4           6  0.974868090534058     
           6           7  0.993731557286575     
           7           8  0.952794395564991     
           7           9  0.949254780782462     
           9          10   1.63126328111200     
           9          11   1.21592878418221     
          10          11  0.159068761245311     
          11          12  0.898307792404291     
          12          13   1.01368062136496     
           7          14  0.954925667006113     
          10          15  0.127579367622198     
          14          15  0.957127987466040     
          14          16  0.136461927907112     
          15          16   1.50372400482189     
          15          17   1.30862774980763     
          17          18  0.891150769316160     
          15          19   1.27630136939567     
          19          20  0.917272135120767     
           1          21  0.983816064602994     
           1          22  0.978246865397797     
           1          23  0.986125143326374     
           2          24  0.966402435162816     
           2          25  0.969785393431115     
           6          26  0.922384483262438     
           6          27  0.949595433603641     
          12          28  0.970694649576140     
          12          29  0.967079906062029     
          13          30  0.983188213024562     
          13          31  0.984882635299180     
          13          32  0.977946919483825     
          18          33  0.973264126938329     
          18          34  0.972563148924721     
          18          35  0.976241179977891     
          20          36  0.973131254230948     
          20          37  0.974873080442648     
          20          38  0.977205361458367     
