           1           2   1.02073777336478     
           2           3  0.865670350308946     
           3           4   1.33629468382155     
           4           5   1.53666402580726     
           4           6   1.29460457588477     
           6           7  0.889178196291454     
           7           8   1.01704336538010     
           4           9  0.970001543388371     
           9          10  0.987980472120667     
          10          11  0.973774224144148     
          11          12   1.01824756055549     
          11          13  0.135487934461856     
          12          13   1.50957140456240     
          12          14   1.32934062700185     
          14          15  0.883002280542036     
          15          16   1.01821074061531     
          12          17   1.29183748588559     
          17          18  0.879555108757048     
          18          19   1.02267085884495     
           1          20  0.973415773878781     
           1          21  0.981664929247665     
           1          22  0.980895808180007     
           2          23  0.962773232229250     
           2          24  0.970557799165854     
           7          25  0.967738403543700     
           7          26  0.970548766049879     
           8          27  0.975786422076730     
           8          28  0.982090030940462     
           8          29  0.983037207821599     
          10          30  0.954645271336076     
          10          31  0.954828965349614     
          15          32  0.971423644927205     
          15          33  0.966529858392437     
          16          34  0.981792993925304     
          16          35  0.975581926828481     
          16          36  0.983723675712670     
          18          37  0.967271825119548     
          18          38  0.963917948786284     
          19          39  0.975854458555929     
          19          40  0.981892890369612     
          19          41  0.974235872001080     
