           1           2   1.02686342026053     
           2           3   1.40789358577008     
           3           4   1.43537595595800     
           2           5  0.100240675161682     
           4           5   1.44458073613769     
           5           6   1.37663133143449     
           2           7   1.39278467861631     
           4           7  0.101450894100146     
           6           7   1.34863103355322     
           7           8   1.02813014394778     
           6           9   1.06122921135737     
           9          10   1.23622137091565     
          10          11   1.29752700204357     
          11          12   1.51292955069002     
          12          13   1.36013537188359     
          11          14  0.106509411635169     
          13          14   1.50037442024509     
          10          15   1.25643853412855     
          14          15   1.34121104102387     
          15          16   1.09263689595611     
          16          17   1.59091340448324     
          16          18   1.14250658734279     
          17          18  0.145831903220019     
           1          19  0.972496612379840     
           1          20  0.984045660041829     
           1          21  0.967207124619830     
           3          22  0.968459506015981     
           4          23  0.970289593944121     
           5          24  0.966987504401020     
           8          25  0.964050310756541     
           8          26  0.977380766999189     
           8          27  0.976819182120277     
           9          28  0.887123506032362     
          11          29  0.963337056720774     
          12          30  0.969337605798863     
          13          31  0.970002137598861     
          14          32  0.965343975994262     
          18          33  0.810773921965985     
