           1           2   1.02237838307203     
           2           3  0.885473368815000     
           3           4   1.32312498301381     
           4           5   1.49316146717493     
           4           6   1.32106004455923     
           6           7  0.874197461550350     
           7           8   1.01908011809656     
           4           9   1.02067553339180     
           5           9  0.135837420409702     
           9          10  0.988142299705754     
          10          11  0.980423597852265     
          11          12   1.01033346971148     
          11          13  0.130568782707516     
          12          13   1.54085159451725     
          12          14   1.32877986934983     
          14          15  0.869910788764685     
          15          16   1.02158010990748     
          12          17   1.28360289094249     
          17          18  0.884732113290445     
          18          19   1.02194529168070     
           1          20  0.975119022168307     
           1          21  0.975647292029568     
           1          22  0.981468085018134     
           2          23  0.967458024371686     
           2          24  0.964790460991474     
           7          25  0.970843324810817     
           7          26  0.969025013801411     
           8          27  0.982045833074290     
           8          28  0.974795609687674     
           8          29  0.982796513221578     
          10          30  0.950170613510368     
          10          31  0.943713518666091     
          15          32  0.966809272675578     
          15          33  0.966859428388405     
          16          34  0.977807966850278     
          16          35  0.982894874569742     
          16          36  0.974132055181490     
          18          37  0.965621853747788     
          18          38  0.964981467824990     
          19          39  0.976590986262651     
          19          40  0.982480754046854     
          19          41  0.976065002302292     
