   -0.12654568
    0.07623090
   -0.26427476
    0.36164667
   -0.47135640
   -0.26120291
    0.08670480
   -0.12434429
   -0.13329155
    0.03161381
   -0.12194834
    0.37930002
   -0.48405867
   -0.25794152
    0.08243325
   -0.13287254
   -0.26596902
    0.07920607
   -0.11562581
    0.08705791
    0.07121352
    0.04932355
    0.06240831
    0.09217517
    0.05803179
    0.08597119
    0.08403470
    0.07273717
    0.05418328
    0.08652730
    0.13291144
    0.06844229
    0.06007474
    0.08583790
    0.06805113
    0.07688475
    0.09135449
    0.07677400
    0.08490241
    0.05286553
    0.06053341
