   -0.13362848
    0.07168860
   -0.26206164
    0.36915128
   -0.46423137
   -0.24548710
    0.07553451
   -0.12420083
   -0.15607610
    0.04832771
   -0.12737175
    0.37676924
   -0.47475686
   -0.24640769
    0.08198466
   -0.13511979
   -0.26204647
    0.06916020
   -0.13608947
    0.08725427
    0.06773942
    0.06632255
    0.07324805
    0.09066513
    0.09567827
    0.05921930
    0.08299323
    0.04780615
    0.07371881
    0.09301329
    0.06632827
    0.06874004
    0.05770698
    0.07901407
    0.08613743
    0.07058176
    0.07970234
    0.09514827
    0.06997953
    0.07064025
    0.09322395
