   -0.12761328
    0.08463445
   -0.25520935
    0.38439939
   -0.46031684
   -0.27171222
    0.07593380
   -0.12725422
   -0.14424915
    0.03423014
   -0.12320168
    0.37526027
   -0.46668690
   -0.26518840
    0.08621327
   -0.12376559
   -0.26115781
    0.07310822
   -0.13022511
    0.08311992
    0.06069217
    0.07083047
    0.07222861
    0.06130672
    0.09209836
    0.06903154
    0.08483889
    0.05457623
    0.06695697
    0.10573949
    0.10595391
    0.05732772
    0.06994313
    0.07128644
    0.05937750
    0.08507710
    0.09384458
    0.06619286
    0.07133511
    0.08636892
    0.05467437
