   -0.12967176
    0.07572901
   -0.26733377
    0.36034095
   -0.47478584
   -0.25983545
    0.09883673
   -0.12128135
   -0.10843712
    0.03433761
   -0.12133344
    0.36931078
   -0.47282803
   -0.25593247
    0.07887469
   -0.12629107
   -0.26519709
    0.06827091
   -0.12551223
    0.08663369
    0.07359140
    0.05458634
    0.06238182
    0.09088869
    0.05515541
    0.04927945
    0.07483030
    0.08243292
    0.06121444
    0.12668733
    0.07445878
    0.07719150
    0.07107195
    0.06379948
    0.06812785
    0.08944812
    0.07839107
    0.09870067
    0.08688915
    0.06300552
    0.05397302
