           1           2   1.02149860142019     
           2           3  0.893791806532184     
           3           4   1.30022415018495     
           4           5   1.51709974468938     
           4           6   1.31386374737002     
           6           7  0.879635532379381     
           7           8   1.02278647240456     
           4           9  0.977067611499646     
           5           9  0.121619301050694     
           9          10  0.968050284044953     
          10          11  0.996259320642064     
          11          12  0.959768036733414     
          11          13  0.136998768906054     
          12          13   1.50412804971834     
          12          14   1.36212473745726     
          14          15  0.861817724462963     
          15          16   1.02415207271664     
          12          17   1.32035860564747     
          17          18  0.887582816569001     
          18          19   1.02214429434136     
           1          20  0.976198192377528     
           1          21  0.981891675233838     
           1          22  0.969768284461447     
           2          23  0.966377916746559     
           2          24  0.963944567921000     
           7          25  0.967268188105771     
           7          26  0.966067864535584     
           8          27  0.975400836085174     
           8          28  0.975744159361410     
           8          29  0.981698159615784     
          10          30  0.952132551114165     
          10          31  0.957534679715586     
          15          32  0.964374331456370     
          15          33  0.970759558081043     
          16          34  0.969324914035224     
          16          35  0.981331968689043     
          16          36  0.972265762991945     
          18          37  0.964146971399420     
          18          38  0.963084636174477     
          19          39  0.983599222905333     
          19          40  0.977423146542349     
          19          41  0.976860549071550     
