   -0.13385684
    0.07185366
   -0.26094603
    0.37923717
   -0.44787589
   -0.24986697
    0.07488519
   -0.12289652
   -0.15679694
    0.04173591
   -0.13261395
    0.36944378
   -0.47375248
   -0.25507287
    0.07410877
   -0.12783746
   -0.25689493
    0.07787198
   -0.12645447
    0.06733205
    0.08572675
    0.06946059
    0.06916924
    0.09077466
    0.09287616
    0.06111054
    0.08263190
    0.04906607
    0.06940660
    0.09770685
    0.09046191
    0.06583913
    0.09330450
    0.05320145
    0.08523375
    0.06743178
    0.06571045
    0.08997334
    0.07171398
    0.05269672
    0.08490046
