   -0.13041207
    0.07141943
   -0.27722292
    0.37167343
   -0.46064978
   -0.09440967
    0.00272188
    0.11839113
    0.37628787
   -0.46301111
   -0.23944902
    0.06531166
   -0.12739083
   -0.09388534
    0.38447625
   -0.47309680
   -0.26776529
    0.03073562
   -0.27971396
    0.01561937
    0.07971443
    0.05909174
    0.07079737
    0.08069002
    0.06579957
    0.10093763
    0.11774693
    0.06658061
    0.09814585
    0.07454351
    0.04867537
    0.08191588
    0.07592152
    0.10478540
    0.07943649
    0.10585559
    0.07648426
    0.08324800
