   -0.13184732
    0.07287214
   -0.25667214
    0.37321329
   -0.45071818
   -0.25971271
    0.08330511
   -0.12575000
   -0.14542430
    0.04050542
   -0.15275914
    0.38915585
   -0.46250782
   -0.27245254
    0.07580767
   -0.12787027
   -0.25586319
    0.07848924
   -0.12927134
    0.08645520
    0.07492669
    0.05564965
    0.06405680
    0.09624628
    0.06173007
    0.07760795
    0.08840721
    0.07242355
    0.06006320
    0.09640854
    0.09227873
    0.07062792
    0.09121986
    0.06608464
    0.05546803
    0.08512120
    0.06577745
    0.08116562
    0.08500441
    0.07273981
    0.05803739
