           1           2   1.00030714842268     
           2           3   1.68399514238348     
           2           4   1.16501655336074     
           3           4  0.171118086336768     
           4           5  0.938146387346373     
           1           6  0.980139123912436     
           1           7  0.953205699937129     
           1           8  0.953451106487441     
           5           9  0.973594920787638     
           5          10  0.973676345229358     
           5          11  0.976413701139764     
