   -0.13019854
    0.07523593
   -0.26046429
    0.35923458
   -0.44810027
   -0.26555062
    0.08869638
   -0.13051071
   -0.14892801
    0.04001524
   -0.12674913
    0.37071310
   -0.47856399
   -0.26233560
    0.07614524
   -0.13240695
   -0.25474334
    0.06757260
   -0.12554451
    0.07575121
    0.05376652
    0.08626370
    0.06132584
    0.09241781
    0.07736859
    0.06530527
    0.08916415
    0.06660183
    0.06630435
    0.11863928
    0.06927675
    0.07389735
    0.08523129
    0.06772069
    0.06604138
    0.08968273
    0.07911405
    0.09998970
    0.06260685
    0.05297403
    0.08703949
