$hessian                                                                        
        0.6781535412   0.0021031693   0.0000081099  -0.1530283149   0.1418500443
       -0.0000486756  -0.0362370774   0.0250632264  -0.0000089404   0.0050146910
       -0.0005111852   0.0000004180  -0.0367385789  -0.0248117724   0.0000074365
       -0.1556890983  -0.1445139139   0.0000458776  -0.0017559624   0.0001835331
        0.0000000451  -0.3016843914   0.0007251598  -0.0000040082   0.0065772075
       -0.0129816131   0.0000045338  -0.0057186701   0.0001068556  -0.0000006010
       -0.0058606736  -0.0001312967   0.0000000404   0.0066569410   0.0127282062
       -0.0000041443   0.0003103864   0.0001895865  -0.0000000919
        0.0021031693   0.6493142429  -0.0001779835   0.0624582760  -0.2712718650
        0.0000750910   0.0835183346   0.0266278121  -0.0000068575  -0.0004405043
       -0.0686967538   0.0000212523  -0.0833708305   0.0266193148  -0.0000098007
       -0.0654744550  -0.2728873169   0.0000733968   0.0007244329   0.0020808720
       -0.0000007718   0.0007015422  -0.0436456473   0.0000040653   0.0113305429
       -0.0259270891   0.0000089208  -0.0004949065   0.0015423976   0.0000022080
        0.0005627026   0.0015776059   0.0000021904  -0.0116343741  -0.0260494596
        0.0000085571   0.0000160699   0.0007158863  -0.0000002684
        0.0000081099  -0.0001779835   0.1126988219  -0.0000216849   0.0000763050
       -0.0474654530  -0.0000288401  -0.0000080315   0.0016353895   0.0000002757
        0.0000215388  -0.0061849950   0.0000273523  -0.0000088559   0.0015803002
        0.0000191967   0.0000719987  -0.0472754072  -0.0000001102  -0.0000008862
       -0.0002537945  -0.0000041210   0.0000038534  -0.0324082467  -0.0000038226
        0.0000088188   0.0008128861  -0.0000001800   0.0000021488   0.0080931076
       -0.0000004469   0.0000021085   0.0079319612   0.0000041715   0.0000092606
        0.0007844050   0.0000000996  -0.0000002756   0.0000510249
       -0.1530283149   0.0624582760  -0.0000216849   0.6637313999   0.0090239280
        0.0000061567  -0.3441035908   0.0394868273  -0.0000192917  -0.0370114716
       -0.0830266773   0.0000271395  -0.0475025342   0.0276964860  -0.0000099229
        0.0589923844   0.0300454547  -0.0000094711   0.0034663973  -0.0007032690
        0.0000001991  -0.0183426640   0.0261217646  -0.0000092468  -0.1074885839
       -0.1110028721   0.0000362506  -0.0168455025   0.0022754504  -0.0000006747
       -0.0001348899   0.0007795246  -0.0000001479  -0.0004319166  -0.0035017956
        0.0000011860  -0.0013007132   0.0003469023  -0.0000004920
        0.1418500443  -0.2712718650   0.0000763050   0.0090239280   0.6675159185
       -0.0001847065  -0.0371073255  -0.0943171879   0.0000167178  -0.0246060561
        0.0317029779  -0.0000119721   0.0311590133  -0.0140553110   0.0000035959
       -0.0308240161  -0.0686428485   0.0000233030  -0.0025680676  -0.0062744988
        0.0000038911   0.0015775272  -0.0012146897   0.0000003594  -0.1107604879
       -0.2373052742   0.0000673738   0.0261286075  -0.0017587800   0.0000008548
        0.0005418037   0.0005457990  -0.0000001958  -0.0028533927  -0.0042908162
        0.0000038484  -0.0015615783  -0.0006334242   0.0000006251
       -0.0000486756   0.0000750910  -0.0474654530   0.0000061567  -0.0001847065
        0.1163782244   0.0000067265   0.0000182541  -0.0431476302   0.0000078532
       -0.0000133364  -0.0026584174  -0.0000112498   0.0000036047  -0.0042493011
        0.0000117080   0.0000244702   0.0014809472   0.0000002843   0.0000039911
        0.0055877889  -0.0000007725   0.0000007505  -0.0001311523   0.0000361865
        0.0000668954  -0.0344725897  -0.0000091260   0.0000004753  -0.0001440950
       -0.0000002348  -0.0000001636  -0.0002091555   0.0000007190   0.0000039022
        0.0077576208   0.0000004243   0.0000007718   0.0012732127
       -0.0362370774   0.0835183346  -0.0000288401  -0.3441035908  -0.0371073255
        0.0000067265   0.6861981290  -0.0157326228   0.0000167770  -0.1338534110
       -0.0499073198   0.0000149251   0.0536424334  -0.0261270555   0.0000098300
       -0.0475833255  -0.0307385223   0.0000096264  -0.0419565602  -0.0395037439
        0.0000120931  -0.0007406956   0.0028492770  -0.0000008197  -0.0181910138
       -0.0025641726   0.0000003076  -0.1111408429   0.1132728487  -0.0000395441
       -0.0007408466   0.0033993814  -0.0000014352  -0.0002330820  -0.0006920903
        0.0000001765  -0.0050601166  -0.0006669890   0.0000001767
        0.0250632264   0.0266278121  -0.0000080315   0.0394868273  -0.0943171879
        0.0000182541  -0.0157326228   0.6513082558  -0.0001814802  -0.1271887578
       -0.2630410102   0.0000679249   0.0257244735  -0.0602973335   0.0000209682
       -0.0279397703  -0.0139051108   0.0000025993  -0.0126872524  -0.0006640151
        0.0000012909   0.0031938085  -0.0040258662   0.0000037083  -0.0267397819
       -0.0021497578   0.0000002509   0.1141836956  -0.2363251507   0.0000706418
        0.0027401080  -0.0041540656   0.0000036360  -0.0006342577   0.0007217184
       -0.0000001116   0.0005303038   0.0002217114   0.0000003488
       -0.0000089404  -0.0000068575   0.0016353895  -0.0000192917   0.0000167178
       -0.0431476302   0.0000167770  -0.0001814802   0.1094811869   0.0000404890
        0.0000695121  -0.0517839967  -0.0000078783   0.0000200004   0.0003142502
        0.0000086211   0.0000025751  -0.0040918267   0.0000037102   0.0000006694
        0.0040347691  -0.0000012072   0.0000037586   0.0071887601   0.0000086844
        0.0000008055   0.0004855817  -0.0000397765   0.0000702144  -0.0327134765
       -0.0000008975   0.0000038203   0.0070660691   0.0000002166  -0.0000002568
       -0.0001075458  -0.0000005068   0.0000005210   0.0016384692
        0.0050146910  -0.0004405043   0.0000002757  -0.0370114716  -0.0246060561
        0.0000078532  -0.1338534110  -0.1271887578   0.0000404890   0.6220070010
       -0.0001495490   0.0000089046  -0.1340958224   0.1308514921  -0.0000444779
       -0.0362351470   0.0245700504  -0.0000089979  -0.2671779108   0.0067000375
       -0.0000073263   0.0017624637   0.0000185855  -0.0000000875  -0.0045294291
        0.0005934344   0.0000000916   0.0071602905   0.0149942487  -0.0000049915
        0.0050987075  -0.0143464894   0.0000054063  -0.0041377812  -0.0006686885
       -0.0000006246  -0.0240021805  -0.0103278035   0.0000034853
       -0.0005111852  -0.0686967538   0.0000215388  -0.0830266773   0.0317029779
       -0.0000133364  -0.0499073198  -0.2630410102   0.0000695121  -0.0001495490
        0.6657269072  -0.0001792207   0.0475694531  -0.2662712401   0.0000732284
        0.0846552580   0.0307154471  -0.0000096854   0.0360930913  -0.0808401632
        0.0000157052  -0.0000619767  -0.0007505776   0.0000005198   0.0008152766
        0.0014522280   0.0000024782  -0.0111795595  -0.0278273910   0.0000094503
        0.0104095278  -0.0269006320   0.0000092582  -0.0011176476   0.0016541125
        0.0000021536  -0.0335886917   0.0030760953  -0.0000016020
        0.0000004180   0.0000212523  -0.0061849950   0.0000271395  -0.0000119721
       -0.0026584174   0.0000149251   0.0000679249  -0.0517839967   0.0000089046
       -0.0001792207   0.1299956081  -0.0000171574   0.0000747199  -0.0503795359
       -0.0000290314  -0.0000107263  -0.0024637021  -0.0000163376   0.0000149734
       -0.0358166075   0.0000000448   0.0000004109   0.0006194516  -0.0000004502
        0.0000024537   0.0087948013   0.0000040180   0.0000101832   0.0018981074
       -0.0000034047   0.0000091455   0.0009620108   0.0000001249   0.0000022553
        0.0084930759   0.0000108064  -0.0000014000  -0.0014758006
       -0.0367385789  -0.0833708305   0.0000273523  -0.0475025342   0.0311590133
       -0.0000112498   0.0536424334   0.0257244735  -0.0000078783  -0.1340958224
        0.0475694531  -0.0000171574   0.6711790810   0.0096562845   0.0000064230
       -0.3372852952   0.0388424899  -0.0000180621  -0.0460375331   0.0390305677
       -0.0000141765  -0.0006717595  -0.0027809943   0.0000004298  -0.0002518553
        0.0007170078  -0.0000002324  -0.0010063479  -0.0033142055   0.0000012453
       -0.1050647810  -0.1083126034   0.0000353825  -0.0179148566   0.0025953006
       -0.0000010747   0.0017478497   0.0024840434  -0.0000010018
       -0.0248117724   0.0266193148  -0.0000088559   0.0276964860  -0.0140553110
        0.0000036047  -0.0261270555  -0.0602973335   0.0000200004   0.1308514921
       -0.2662712401   0.0000747199   0.0096562845   0.6562695834  -0.0001844440
       -0.0383615415  -0.0943792627   0.0000164430   0.0083463238  -0.0031428377
        0.0000032136  -0.0031822808  -0.0039691667   0.0000036614   0.0006679547
        0.0007359148  -0.0000000639  -0.0026916746  -0.0040828460   0.0000035573
       -0.1074956520  -0.2366606567   0.0000680719   0.0271276555  -0.0025637334
        0.0000013634  -0.0016762199   0.0017975749  -0.0000012718
        0.0000074365  -0.0000098007   0.0015803002  -0.0000099229   0.0000035959
       -0.0042493011   0.0000098300   0.0000209682   0.0003142502  -0.0000444779
        0.0000732284  -0.0503795359   0.0000064230  -0.0001844440   0.1084421004
        0.0000078270   0.0000177615  -0.0440365611  -0.0000046393   0.0000038428
        0.0057396333   0.0000009869   0.0000037725   0.0074216196  -0.0000002626
       -0.0000002201  -0.0000852060   0.0000007134   0.0000037220   0.0072248793
        0.0000349826   0.0000676289  -0.0314091017  -0.0000094270   0.0000010789
        0.0006061412   0.0000005304  -0.0000011345  -0.0011692185
       -0.1556890983  -0.0654744550   0.0000191967   0.0589923844  -0.0308240161
        0.0000117080  -0.0475833255  -0.0279397703   0.0000086211  -0.0362351470
        0.0846552580  -0.0000290314  -0.3372852952  -0.0383615415   0.0000078270
        0.6599900199  -0.0059999132   0.0000120492   0.0010394999   0.0005914260
       -0.0000003480  -0.0186124457  -0.0260420812   0.0000085485  -0.0003995491
        0.0034622692  -0.0000014115  -0.0001387124  -0.0007359730   0.0000001263
       -0.0174490097  -0.0024544009   0.0000001284  -0.1062449617   0.1100749123
       -0.0000380393  -0.0003843597  -0.0009517143   0.0000006250
       -0.1445139139  -0.2728873169   0.0000719987   0.0300454547  -0.0686428485
        0.0000244702  -0.0307385223  -0.0139051108   0.0000025751   0.0245700504
        0.0307154471  -0.0000107263   0.0388424899  -0.0943792627   0.0000177615
       -0.0059999132   0.6702895837  -0.0001849837   0.0039942257  -0.0056698579
        0.0000041124  -0.0014601576  -0.0010420656   0.0000001678   0.0028251390
       -0.0043419487   0.0000038601  -0.0005258835   0.0005461876  -0.0000001323
       -0.0269041525  -0.0019243080  -0.0000001134   0.1097914094  -0.2381202592
        0.0000706004   0.0000737738  -0.0006382402   0.0000004095
        0.0000458776   0.0000733968  -0.0472754072  -0.0000094711   0.0000233030
        0.0014809472   0.0000096264   0.0000025993  -0.0040918267  -0.0000089979
       -0.0000096854  -0.0024637021  -0.0000180621   0.0000164430  -0.0440365611
        0.0000120492  -0.0001849837   0.1164450388  -0.0000010977   0.0000042569
        0.0068947602   0.0000000793  -0.0000001550  -0.0002110371  -0.0000009896
        0.0000040037   0.0076149353   0.0000002391  -0.0000001734  -0.0002030332
        0.0000086131   0.0000004691  -0.0002125501  -0.0000379951   0.0000702404
       -0.0342658074   0.0000001289   0.0000002851   0.0003242434
       -0.0017559624   0.0007244329  -0.0000001102   0.0034663973  -0.0025680676
        0.0000002843  -0.0419565602  -0.0126872524   0.0000037102  -0.2671779108
        0.0360930913  -0.0000163376  -0.0460375331   0.0083463238  -0.0000046393
        0.0010394999   0.0039942257  -0.0000010977   0.4317101396   0.1002448320
       -0.0000246573  -0.0006672515  -0.0000497824   0.0000002592  -0.0017142851
       -0.0007847983   0.0000001850   0.0013731085   0.0002172238  -0.0000001970
        0.0029244151  -0.0013646555   0.0000000098  -0.0027361512   0.0009501530
       -0.0000000870  -0.0784679061  -0.1331157262   0.0000426776
        0.0001835331   0.0020808720  -0.0000008862  -0.0007032690  -0.0062744988
        0.0000039911  -0.0395037439  -0.0006640151   0.0000006694   0.0067000375
       -0.0808401632   0.0000149734   0.0390305677  -0.0031428377   0.0000038428
        0.0005914260  -0.0056698579   0.0000042569   0.1002448320   0.4638053253
       -0.0001396598   0.0000952979  -0.0000152744  -0.0000005273  -0.0015460889
       -0.0003243295   0.0000000407   0.0006876536   0.0016679647  -0.0000018942
        0.0011507724   0.0017014466  -0.0000009285   0.0016863464  -0.0003727150
        0.0000001174  -0.1086173650  -0.3719519170   0.0001160045
        0.0000000451  -0.0000007718  -0.0002537945   0.0000001991   0.0000038911
        0.0055877889   0.0000120931   0.0000012909   0.0040347691  -0.0000073263
        0.0000157052  -0.0358166075  -0.0000141765   0.0000032136   0.0057396333
       -0.0000003480   0.0000041124   0.0068947602  -0.0000246573  -0.0001396598
        0.0256038219  -0.0000000196  -0.0000005712  -0.0014042879   0.0000005722
        0.0000000387   0.0000134648  -0.0000003729  -0.0000018674  -0.0030378289
       -0.0000001681  -0.0000011433  -0.0016720824  -0.0000006893   0.0000000320
       -0.0002501361   0.0000348485   0.0001157296  -0.0054395010
       -0.3016843914   0.0007015422  -0.0000041210  -0.0183426640   0.0015775272
       -0.0000007725  -0.0007406956   0.0031938085  -0.0000012072   0.0017624637
       -0.0000619767   0.0000000448  -0.0006717595  -0.0031822808   0.0000009869
       -0.0186124457  -0.0014601576   0.0000000793  -0.0006672515   0.0000952979
       -0.0000000196   0.3392829245  -0.0008239904   0.0000049958   0.0008315836
       -0.0005066395   0.0000001579  -0.0010388437   0.0000685237  -0.0000000486
       -0.0011414641  -0.0000736620   0.0000000194   0.0008398534   0.0005009429
       -0.0000001679   0.0001826904  -0.0000289354   0.0000000527
        0.0007251598  -0.0436456473   0.0000038534   0.0261217646  -0.0012146897
        0.0000007505   0.0028492770  -0.0040258662   0.0000037586   0.0000185855
       -0.0007505776   0.0000004109  -0.0027809943  -0.0039691667   0.0000037725
       -0.0260420812  -0.0010420656  -0.0000001550  -0.0000497824  -0.0000152744
       -0.0000005712  -0.0008239904   0.0536005871  -0.0000100723   0.0008029400
        0.0006849780  -0.0000009993   0.0013636509  -0.0001982869   0.0000001803
       -0.0014329907  -0.0002129667   0.0000000721  -0.0008075357   0.0006834850
       -0.0000010238   0.0000559971   0.0001054909   0.0000000233
       -0.0000040082   0.0000040653  -0.0324082467  -0.0000092468   0.0000003594
       -0.0001311523  -0.0000008197   0.0000037083   0.0071887601  -0.0000000875
        0.0000005198   0.0006194516   0.0000004298   0.0000036614   0.0074216196
        0.0000085485   0.0000001678  -0.0002110371   0.0000002592  -0.0000005273
       -0.0014042879   0.0000049958  -0.0000100723   0.0236440098  -0.0000002250
       -0.0000010257  -0.0024577247  -0.0000005495   0.0000001237   0.0002277566
        0.0000003204   0.0000001502   0.0002742730   0.0000002502  -0.0000010381
       -0.0025310590   0.0000001327  -0.0000000925  -0.0002323631
        0.0065772075   0.0113305429  -0.0000038226  -0.1074885839  -0.1107604879
        0.0000361865  -0.0181910138  -0.0267397819   0.0000086844  -0.0045294291
        0.0008152766  -0.0000004502  -0.0002518553   0.0006679547  -0.0000002626
       -0.0003995491   0.0028251390  -0.0000009896  -0.0017142851  -0.0015460889
        0.0000005722   0.0008315836   0.0008029400  -0.0000002250   0.1246477313
        0.1228833146  -0.0000397995   0.0007246335  -0.0007002733   0.0000002572
       -0.0000578911  -0.0000055454   0.0000001037   0.0002352266   0.0006056143
       -0.0000002183  -0.0003837751  -0.0001786047  -0.0000000360
       -0.0129816131  -0.0259270891   0.0000088188  -0.1110028721  -0.2373052742
        0.0000668954  -0.0025641726  -0.0021497578   0.0000008055   0.0005934344
        0.0014522280   0.0000024537   0.0007170078   0.0007359148  -0.0000002201
        0.0034622692  -0.0043419487   0.0000040037  -0.0007847983  -0.0003243295
        0.0000000387  -0.0005066395   0.0006849780  -0.0000010257   0.1228833146
        0.2676633715  -0.0000803893   0.0007181317   0.0010047117  -0.0000012573
       -0.0000428841   0.0000180873  -0.0000006456  -0.0006199758  -0.0016309827
        0.0000005374   0.0001287976   0.0001200909  -0.0000000153
        0.0000045338   0.0000089208   0.0008128861   0.0000362506   0.0000673738
       -0.0344725897   0.0000003076   0.0000002509   0.0004855817   0.0000000916
        0.0000024782   0.0087948013  -0.0000002324  -0.0000000639  -0.0000852060
       -0.0000014115   0.0000038601   0.0076149353   0.0000001850   0.0000000407
        0.0000134648   0.0000001579  -0.0000009993  -0.0024577247  -0.0000397995
       -0.0000803893   0.0242199897  -0.0000002046  -0.0000013775  -0.0028659739
        0.0000001125  -0.0000006114  -0.0017127465   0.0000002387   0.0000005492
       -0.0000978216  -0.0000002298  -0.0000000324  -0.0002495964
       -0.0057186701  -0.0004949065  -0.0000001800  -0.0168455025   0.0261286075
       -0.0000091260  -0.1111408429   0.1141836956  -0.0000397765   0.0071602905
       -0.0111795595   0.0000040180  -0.0010063479  -0.0026916746   0.0000007134
       -0.0001387124  -0.0005258835   0.0000002391   0.0013731085   0.0006876536
       -0.0000003729  -0.0010388437   0.0013636509  -0.0000005495   0.0007246335
        0.0007181317  -0.0000002046   0.1264454370  -0.1273318264   0.0000448710
        0.0002556632  -0.0007699625   0.0000003945  -0.0000109171  -0.0000085363
        0.0000000408  -0.0000592962  -0.0000793902  -0.0000000673
        0.0001068556   0.0015423976   0.0000021488   0.0022754504  -0.0017587800
        0.0000004753   0.1132728487  -0.2363251507   0.0000702144   0.0149942487
       -0.0278273910   0.0000101832  -0.0033142055  -0.0040828460   0.0000037220
       -0.0007359730   0.0005461876  -0.0000001734   0.0002172238   0.0016679647
       -0.0000018674   0.0000685237  -0.0001982869   0.0000001237  -0.0007002733
        0.0010047117  -0.0000013775  -0.1273318264   0.2659729727  -0.0000832219
        0.0006123839  -0.0015768808   0.0000005767   0.0000007041   0.0000252722
       -0.0000005335   0.0005340394   0.0010098290  -0.0000002704
       -0.0000006010   0.0000022080   0.0080931076  -0.0000006747   0.0000008548
       -0.0001440950  -0.0000395441   0.0000706418  -0.0327134765  -0.0000049915
        0.0000094503   0.0018981074   0.0000012453   0.0000035573   0.0072248793
        0.0000001263  -0.0000001323  -0.0002030332  -0.0000001970  -0.0000018942
       -0.0030378289  -0.0000000486   0.0000001803   0.0002277566   0.0000002572
       -0.0000012573  -0.0028659739   0.0000448710  -0.0000832219   0.0234848559
        0.0000000019   0.0000004412  -0.0003360435   0.0000000230  -0.0000006093
       -0.0017265476  -0.0000004678  -0.0000002187   0.0000982916
       -0.0058606736   0.0005627026  -0.0000004469  -0.0001348899   0.0005418037
       -0.0000002348  -0.0007408466   0.0027401080  -0.0000008975   0.0050987075
        0.0104095278  -0.0000034047  -0.1050647810  -0.1074956520   0.0000349826
       -0.0174490097  -0.0269041525   0.0000086131   0.0029244151   0.0011507724
       -0.0000001681  -0.0011414641  -0.0014329907   0.0000003204  -0.0000578911
       -0.0000428841   0.0000001125   0.0002556632   0.0006123839   0.0000000019
        0.1221094421   0.1212337841  -0.0000382222   0.0005957477  -0.0007062660
        0.0000000291  -0.0005344195  -0.0006691372  -0.0000006854
       -0.0001312967   0.0015776059   0.0000021085   0.0007795246   0.0005457990
       -0.0000001636   0.0033993814  -0.0041540656   0.0000038203  -0.0143464894
       -0.0269006320   0.0000091455  -0.1083126034  -0.2366606567   0.0000676289
       -0.0024544009  -0.0019243080   0.0000004691  -0.0013646555   0.0017014466
       -0.0000011433  -0.0000736620  -0.0002129667   0.0000001502  -0.0000055454
        0.0000180873  -0.0000006114  -0.0007699625  -0.0015768808   0.0000004412
        0.1212337841   0.2664284675  -0.0000803694   0.0007182649   0.0010513199
       -0.0000012550   0.0013276607   0.0001067837  -0.0000002210
        0.0000000404   0.0000021904   0.0079319612  -0.0000001479  -0.0000001958
       -0.0002091555  -0.0000014352   0.0000036360   0.0070660691   0.0000054063
        0.0000092582   0.0009620108   0.0000353825   0.0000680719  -0.0314091017
        0.0000001284  -0.0000001134  -0.0002125501   0.0000000098  -0.0000009285
       -0.0016720824   0.0000000194   0.0000000721   0.0002742730   0.0000001037
       -0.0000006456  -0.0017127465   0.0000003945   0.0000005767  -0.0003360435
       -0.0000382222  -0.0000803694   0.0224111575  -0.0000002239  -0.0000012925
       -0.0027473891  -0.0000014558  -0.0000002601  -0.0003464028
        0.0066569410  -0.0116343741   0.0000041715  -0.0004319166  -0.0028533927
        0.0000007190  -0.0002330820  -0.0006342577   0.0000002166  -0.0041377812
       -0.0011176476   0.0000001249  -0.0179148566   0.0271276555  -0.0000094270
       -0.1062449617   0.1097914094  -0.0000379951  -0.0027361512   0.0016863464
       -0.0000006893   0.0008398534  -0.0008075357   0.0000002502   0.0002352266
       -0.0006199758   0.0000002387  -0.0000109171   0.0000007041   0.0000000230
        0.0005957477   0.0007182649  -0.0000002239   0.1231822236  -0.1217464438
        0.0000425229   0.0001996743   0.0000892469   0.0000000685
        0.0127282062  -0.0260494596   0.0000092606  -0.0035017956  -0.0042908162
        0.0000039022  -0.0006920903   0.0007217184  -0.0000002568  -0.0006686885
        0.0016541125   0.0000022553   0.0025953006  -0.0025637334   0.0000010789
        0.1100749123  -0.2381202592   0.0000702404   0.0009501530  -0.0003727150
        0.0000000320   0.0005009429   0.0006834850  -0.0000010381   0.0006056143
       -0.0016309827   0.0000005492  -0.0000085363   0.0000252722  -0.0000006093
       -0.0007062660   0.0010513199  -0.0000012925  -0.1217464438   0.2688450498
       -0.0000841846  -0.0001313089   0.0000470082   0.0000000626
       -0.0000041443   0.0000085571   0.0007844050   0.0000011860   0.0000038484
        0.0077576208   0.0000001765  -0.0000001116  -0.0001075458  -0.0000006246
        0.0000021536   0.0084930759  -0.0000010747   0.0000013634   0.0006061412
       -0.0000380393   0.0000706004  -0.0342658074  -0.0000000870   0.0000001174
       -0.0002501361  -0.0000001679  -0.0000010238  -0.0025310590  -0.0000002183
        0.0000005374  -0.0000978216   0.0000000408  -0.0000005335  -0.0017265476
        0.0000000291  -0.0000012550  -0.0027473891   0.0000425229  -0.0000841846
        0.0240882565   0.0000004007  -0.0000000691  -0.0000031928
        0.0003103864   0.0000160699   0.0000000996  -0.0013007132  -0.0015615783
        0.0000004243  -0.0050601166   0.0005303038  -0.0000005068  -0.0240021805
       -0.0335886917   0.0000108064   0.0017478497  -0.0016762199   0.0000005304
       -0.0003843597   0.0000737738   0.0000001289  -0.0784679061  -0.1086173650
        0.0000348485   0.0001826904   0.0000559971   0.0000001327  -0.0003837751
        0.0001287976  -0.0000002298  -0.0000592962   0.0005340394  -0.0000004678
       -0.0005344195   0.0013276607  -0.0000014558   0.0001996743  -0.0001313089
        0.0000004007   0.1077521662   0.1429085215  -0.0000447113
        0.0001895865   0.0007158863  -0.0000002756   0.0003469023  -0.0006334242
        0.0000007718  -0.0006669890   0.0002217114   0.0000005210  -0.0103278035
        0.0030760953  -0.0000014000   0.0024840434   0.0017975749  -0.0000011345
       -0.0009517143  -0.0006382402   0.0000002851  -0.1331157262  -0.3719519170
        0.0001157296  -0.0000289354   0.0001054909  -0.0000000925  -0.0001786047
        0.0001200909  -0.0000000324  -0.0000793902   0.0010098290  -0.0000002187
       -0.0006691372   0.0001067837  -0.0000002601   0.0000892469   0.0000470082
       -0.0000000691   0.1429085215   0.3660231105  -0.0001138248
       -0.0000000919  -0.0000002684   0.0000510249  -0.0000004920   0.0000006251
        0.0012732127   0.0000001767   0.0000003488   0.0016384692   0.0000034853
       -0.0000016020  -0.0014758006  -0.0000010018  -0.0000012718  -0.0011692185
        0.0000006250   0.0000004095   0.0003242434   0.0000426776   0.0001160045
       -0.0054395010   0.0000000527   0.0000000233  -0.0002323631  -0.0000000360
       -0.0000000153  -0.0002495964  -0.0000000673  -0.0000002704   0.0000982916
       -0.0000006854  -0.0000002210  -0.0003464028   0.0000000685   0.0000000626
       -0.0000031928  -0.0000447113  -0.0001138248   0.0055308333
