           1           2   1.01272391818148     
           2           3  0.910193989813540     
           3           4   1.20236676364077     
           3           5  0.178091662647138     
           4           5   1.68412618701524     
           4           6  0.966076731935353     
           6           7  0.975492866026118     
           7           8  0.929014462880550     
           7           9  0.952571631410893     
           9          10   1.60855829777111     
           9          11   1.25380698675479     
          10          11  0.162652175774024     
          11          12  0.889552421792373     
          12          13   1.01342640626056     
           7          14  0.970738179762886     
          10          15  0.203309210012395     
          14          15  0.996656386699597     
          14          16  0.134826763954138     
          15          16   1.47619397270610     
          15          17   1.30067172274272     
          17          18  0.911075219126576     
          15          19   1.25789539120555     
          19          20  0.920630555580541     
           1          21  0.983397799760525     
           1          22  0.985325812781906     
           1          23  0.979277527678946     
           2          24  0.968393335601960     
           2          25  0.968425624274827     
           6          26  0.961254333606359     
           6          27  0.936076190293550     
          12          28  0.961525627717241     
          12          29  0.971595093811817     
          13          30  0.982372403213458     
          13          31  0.982510916269966     
          13          32  0.976302755615481     
          18          33  0.978866917696435     
          18          34  0.972839848228827     
          18          35  0.973609080946121     
          20          36  0.973545277072555     
          20          37  0.974627841658054     
          20          38  0.977410152812741     
