           1           2   1.01852678849741     
           2           3  0.881636847618632     
           3           4   1.32917435853809     
           4           5   1.54991495555388     
           4           6   1.36195895733741     
           6           7  0.857733116386939     
           7           8   1.01922042019340     
           4           9  0.957080679853895     
           5           9  0.136743742286958     
           9          10  0.982110293348618     
          10          11  0.989869842870128     
          11          12  0.934173628736725     
          11          13  0.139952244155215     
          12          13   1.53953943285913     
          12          14   1.36047652518840     
          14          15  0.862698289560650     
          15          16   1.02191394051032     
          12          17   1.32539441354707     
          17          18  0.883355120368095     
          18          19   1.02038425616185     
           1          20  0.983197044736246     
           1          21  0.982239687520651     
           1          22  0.975335188241010     
           2          23  0.970808093752451     
           2          24  0.967072454007229     
           7          25  0.964573264903668     
           7          26  0.970363583734803     
           8          27  0.981349251885947     
           8          28  0.972828269956962     
           8          29  0.982896923859021     
          10          30  0.958277486286924     
          10          31  0.958005915943995     
          15          32  0.965464587555118     
          15          33  0.968910179997169     
          16          34  0.973903240764099     
          16          35  0.981076426465562     
          16          36  0.982786886022859     
          18          37  0.968186268337955     
          18          38  0.965298977721528     
          19          39  0.975862893421924     
          19          40  0.982644850537230     
          19          41  0.978262052019117     
