   -0.11641909
    0.07494975
   -0.26633436
    0.36949645
   -0.46565276
   -0.26066412
    0.06863134
   -0.12851809
   -0.12781660
    0.03691588
   -0.15034370
    0.38359383
   -0.47371861
   -0.26354114
    0.07378621
   -0.12569683
   -0.25800210
    0.07441710
   -0.12932076
    0.06484898
    0.05010298
    0.08236788
    0.08636185
    0.07456737
    0.07886987
    0.09766110
    0.08745848
    0.06445917
    0.05852551
    0.10102594
    0.11000943
    0.06546709
    0.09296375
    0.08298874
    0.06726123
    0.05009458
    0.09344190
    0.06456095
    0.05801947
    0.06929932
    0.08388203
