           1           2   1.02235032336842     
           2           3  0.882322110134641     
           3           4   1.32443050612627     
           4           5   1.53962795056642     
           4           6   1.34528888840316     
           6           7  0.859355536688205     
           7           8   1.02235249743967     
           4           9  0.971523865325898     
           5           9  0.132939539620133     
           9          10  0.993110031148315     
          10          11  0.974999156519004     
          11          12   1.00545232835263     
          11          13  0.129338985028044     
          12          13   1.53623635196596     
          12          14   1.32948065973599     
          14          15  0.868020312525836     
          15          16   1.02309017263355     
          12          17   1.28173083818764     
          17          18  0.888229242924121     
          18          19   1.02133893452057     
           1          20  0.980552976043403     
           1          21  0.976093961286691     
           1          22  0.975222515371641     
           2          23  0.969753982346452     
           2          24  0.964691122454335     
           7          25  0.967615626295956     
           7          26  0.967710308802599     
           8          27  0.983104925774651     
           8          28  0.980456655445432     
           8          29  0.973740515640745     
          10          30  0.951755677336359     
          10          31  0.947784435717133     
          15          32  0.967275905289068     
          15          33  0.964035105258581     
          16          34  0.976814207063476     
          16          35  0.975142594392179     
          16          36  0.981867782451970     
          18          37  0.964696135141447     
          18          38  0.965243822410355     
          19          39  0.976278663014467     
          19          40  0.977121763002667     
          19          41  0.981564383895967     
