   -0.11566018
    0.07828796
   -0.25826223
    0.35597780
   -0.46869494
   -0.26630560
    0.08256966
   -0.13193431
   -0.13545095
    0.02818821
   -0.11791597
    0.36058298
   -0.47083973
   -0.25774308
    0.07638904
   -0.13139952
   -0.25567705
    0.07524894
   -0.12992999
    0.05631925
    0.05382465
    0.08570474
    0.07548228
    0.09066975
    0.06001651
    0.06693939
    0.06647844
    0.08492549
    0.07425580
    0.08362432
    0.13647033
    0.07376613
    0.08417881
    0.06703788
    0.08735822
    0.06593103
    0.09314933
    0.06090649
    0.08616587
    0.05355125
    0.07581301
