           1           2   1.01702093197505     
           2           3  0.883432482964953     
           3           4   1.32298809469836     
           4           5   1.54273854757361     
           4           6   1.31770787278302     
           6           7  0.886056919972608     
           7           8   1.02174041746613     
           4           9  0.952247397158654     
           5           9  0.111704173289090     
           9          10  0.986962898562820     
          10          11  0.980012542649944     
          11          12  0.999654867444087     
          11          13  0.125373937078050     
          12          13   1.55780794254440     
          12          14   1.33381592527900     
          14          15  0.865315304149831     
          15          16   1.02203381211515     
          12          17   1.25835663061625     
          17          18  0.888221136258960     
          18          19   1.02189409359220     
           1          20  0.975286219096611     
           1          21  0.982252731975485     
           1          22  0.980575330129984     
           2          23  0.965968377981423     
           2          24  0.968180595854196     
           7          25  0.963640379053689     
           7          26  0.967006544485077     
           8          27  0.976046990982715     
           8          28  0.975212254356924     
           8          29  0.982544786229546     
          10          30  0.957509986047534     
          10          31  0.953918587396527     
          15          32  0.966269779548151     
          15          33  0.967021885214162     
          16          34  0.974385638833931     
          16          35  0.982466752080865     
          16          36  0.973144176819232     
          18          37  0.966839789085449     
          18          38  0.966356766088054     
          19          39  0.976116883579294     
          19          40  0.976792443780859     
          19          41  0.982682996356275     
