           1           2   1.40077159427487     
           2           3   1.40077146476011     
           3           4   1.40077116748753     
           4           5   1.40077113099559     
           1           6   1.40077121719003     
           5           6   1.40077040450185     
           6           7  0.982127825247480     
           4           8  0.982127937205113     
           2           9  0.982127031981213     
           1          10  0.957940382361286     
           3          11  0.957941080536047     
           5          12  0.957941756693270     
