           1           2   1.02254092760220     
           2           3  0.886732463725788     
           3           4   1.32461227983304     
           4           5   1.51605205459283     
           4           6   1.31688644574620     
           6           7  0.872393796883668     
           7           8   1.01970698036390     
           4           9  0.991843379649337     
           5           9  0.133707938392982     
           9          10  0.980671492975168     
          10          11  0.991045472125834     
          11          12  0.937560928533691     
          11          13  0.130287893078285     
          12          13   1.56079211662212     
          12          14   1.35395634955239     
          14          15  0.863346633460939     
          15          16   1.02117029865023     
          12          17   1.31471739150253     
          17          18  0.887205918471624     
          18          19   1.01748889282035     
           1          20  0.977510288209920     
           1          21  0.975972277019672     
           1          22  0.982246151218049     
           2          23  0.967217842096663     
           2          24  0.964087092806655     
           7          25  0.971044301194370     
           7          26  0.964652741302319     
           8          27  0.981842269657098     
           8          28  0.974263834498908     
           8          29  0.982232725540557     
          10          30  0.955062336240445     
          10          31  0.956730916799311     
          15          32  0.963101762385778     
          15          33  0.965673622546444     
          16          34  0.978694572123153     
          16          35  0.974202884800139     
          16          36  0.982229232599122     
          18          37  0.963730974705780     
          18          38  0.967260607443033     
          19          39  0.983698020531615     
          19          40  0.976086645434284     
          19          41  0.982589602629431     
