   -0.13298271
    0.08265961
   -0.25641873
    0.36223163
   -0.47034308
   -0.25983123
    0.09112475
   -0.12435094
   -0.13589616
    0.03468696
   -0.11124776
    0.37666893
   -0.47731635
   -0.26433108
    0.07858619
   -0.13290188
   -0.25442208
    0.07416340
   -0.13171130
    0.07719124
    0.08559109
    0.06852954
    0.06682517
    0.05917308
    0.05322143
    0.07945341
    0.07484888
    0.05517628
    0.08289763
    0.12549906
    0.07523783
    0.06941805
    0.08409365
    0.08615130
    0.06784700
    0.06841294
    0.09498098
    0.06078940
    0.08549496
    0.05487707
    0.07592186
