   -0.13213240
    0.08180235
   -0.25117289
    0.36196988
   -0.45670949
   -0.25585540
    0.07410746
   -0.12856416
   -0.14867522
    0.04757279
   -0.14991271
    0.37205880
   -0.44830748
   -0.24650349
    0.07111805
   -0.12895515
   -0.26627598
    0.07464870
   -0.13292132
    0.06981022
    0.07499666
    0.08939340
    0.07485207
    0.06062451
    0.09541683
    0.06576655
    0.08673779
    0.05491240
    0.06994309
    0.08686752
    0.07837132
    0.06759605
    0.09629785
    0.08849649
    0.07305432
    0.05450758
    0.08502314
    0.06857879
    0.06892067
    0.08504070
    0.06749967
