           1           2   1.02210678203581     
           2           3  0.886656990119946     
           3           4   1.31868256196223     
           4           5   1.51067434978039     
           4           6   1.31048362743222     
           6           7  0.876748841470699     
           7           8   1.01864167326227     
           4           9   1.02361893087520     
           5           9  0.135380468070169     
           9          10  0.974384684566472     
          10          11  0.995050907447472     
          11          12  0.961936549996900     
          11          13  0.134495253867336     
          12          13   1.51771429201736     
          12          14   1.36390503999497     
          14          15  0.854785476200276     
          15          16   1.02339957657979     
          12          17   1.32883554301452     
          17          18  0.883331147017445     
          18          19   1.01830102639462     
           1          20  0.981408827654417     
           1          21  0.975771358389338     
           1          22  0.975941513376370     
           2          23  0.967679860824766     
           2          24  0.964768994410145     
           7          25  0.971113294953687     
           7          26  0.968783857006696     
           8          27  0.982503000188210     
           8          28  0.975043277774419     
           8          29  0.982484981428635     
          10          30  0.956662268665591     
          10          31  0.948001838930662     
          15          32  0.965010045692207     
          15          33  0.970386324541268     
          16          34  0.980794895569183     
          16          35  0.973267864391336     
          16          36  0.975981628119423     
          18          37  0.968581220880008     
          18          38  0.970113995497228     
          19          39  0.983279855512878     
          19          40  0.975334325815829     
          19          41  0.981576265383577     
