           1           2   1.02346762180521     
           2           3  0.864387993098689     
           3           4   1.32987278736000     
           4           5   1.52433301839162     
           4           6   1.32504677660235     
           6           7  0.886154101592362     
           7           8   1.02273113262676     
           4           9  0.949116950689101     
           5           9  0.134807536804555     
           9          10   1.00238213231227     
          10          11  0.960180353807225     
          11          12   1.03370591929167     
          12          13   1.54438101987970     
          12          14   1.30095221305994     
          14          15  0.872982265218521     
          15          16   1.02234760693365     
          12          17   1.29487390052372     
          17          18  0.885433055203154     
          18          19   1.02043531700425     
           1          20  0.975130903954804     
           1          21  0.980703369679002     
           1          22  0.974180106785916     
           2          23  0.966610434586948     
           2          24  0.970820475358172     
           7          25  0.964362113590637     
           7          26  0.968987007640884     
           8          27  0.975262832709323     
           8          28  0.975534197086209     
           8          29  0.980620466918941     
          10          30  0.955459446936803     
          10          31  0.959894253378491     
          15          32  0.968381563391007     
          15          33  0.966316998279494     
          16          34  0.975613450998602     
          16          35  0.983621566180629     
          16          36  0.980802553367127     
          18          37  0.969270200778488     
          18          38  0.967225767945774     
          19          39  0.976040038945075     
          19          40  0.983245833139020     
          19          41  0.981035761747849     
