           1           2   1.01920016568294     
           2           3  0.907894791246205     
           3           4   1.21075576427672     
           3           5  0.177698110558602     
           4           5   1.67133030979088     
           4           6  0.968190646892911     
           6           7  0.976820459789028     
           7           8  0.930133736778526     
           7           9  0.952519853960551     
           9          10   1.61582845664030     
           9          11   1.24505928812010     
          10          11  0.159057179709703     
          11          12  0.893000823194042     
          12          13   1.01359999137162     
           7          14  0.971638167331244     
          10          15  0.203119174842500     
          14          15  0.997690669853337     
          14          16  0.133735595498263     
          15          16   1.47380495700280     
          15          17   1.29986788663661     
          17          18  0.911509354667287     
          15          19   1.25866362397665     
          19          20  0.920309727569835     
           1          21  0.979055217233628     
           1          22  0.982958652673647     
           1          23  0.982759834933709     
           2          24  0.968568268074271     
           2          25  0.963368059797517     
           6          26  0.959799332678476     
           6          27  0.933685242882627     
          12          28  0.970246848719900     
          12          29  0.964882391008119     
          13          30  0.976955281740850     
          13          31  0.982550170744693     
          13          32  0.985019599743789     
          18          33  0.973635431474264     
          18          34  0.978792510329883     
          18          35  0.972808842666331     
          20          36  0.974431298446172     
          20          37  0.977291473499329     
          20          38  0.973599993721694     
