           1           2   1.01915487158808     
           2           3  0.908346083600218     
           3           4   1.20872881609291     
           3           5  0.178990184742009     
           4           5   1.67570904280455     
           4           6  0.966343440800248     
           6           7  0.975198253213887     
           7           8  0.931332468754025     
           7           9  0.951600996979821     
           9          10   1.61712953252320     
           9          11   1.24767883927642     
          10          11  0.163536286580320     
          11          12  0.891314395326530     
          12          13   1.01334002859269     
           7          14  0.971909562925780     
          10          15  0.196386199026135     
          14          15  0.973174147363737     
          14          16  0.131629521928432     
          15          16   1.50521199421373     
          15          17   1.30983714709784     
          17          18  0.892041629336206     
          15          19   1.25865822682972     
          19          20  0.921016809389602     
           1          21  0.979094663692170     
           1          22  0.983092629247379     
           1          23  0.982626562245569     
           2          24  0.968459955123211     
           2          25  0.962928560733730     
           6          26  0.960929587186548     
           6          27  0.936946189613123     
          12          28  0.961722183319665     
          12          29  0.971880710723697     
          13          30  0.982520056991581     
          13          31  0.982524422433767     
          13          32  0.976607733609174     
          18          33  0.977611542727439     
          18          34  0.973948977382300     
          18          35  0.972953203902032     
          20          36  0.977564470847144     
          20          37  0.973532497351491     
          20          38  0.974631929223374     
