   -0.12258898
    0.09372183
   -0.27646244
    0.37166015
   -0.47457979
   -0.26013011
    0.07471488
   -0.13142721
   -0.10708075
    0.02699533
   -0.15835749
    0.39062582
   -0.46421613
   -0.26791830
    0.07896739
   -0.13028507
   -0.25410243
    0.08532834
   -0.12676027
    0.08125072
    0.05502996
    0.07104655
    0.07485441
    0.05064065
    0.09231772
    0.06253763
    0.07261699
    0.08607294
    0.05617458
    0.12023312
    0.11752077
    0.08916147
    0.05107972
    0.05918614
    0.07188020
    0.08122622
    0.07628849
    0.06036682
    0.07642246
    0.08629252
    0.05969514
