   -0.12382611
    0.08627745
   -0.26095089
    0.36402331
   -0.47633745
   -0.25940422
    0.07429643
   -0.13048030
   -0.09667847
    0.02701356
   -0.10429718
    0.36434129
   -0.46596712
   -0.26349078
    0.07910295
   -0.12799669
   -0.28600288
    0.09326758
   -0.13381199
    0.07292564
    0.08182836
    0.05379129
    0.08375702
    0.05300383
    0.09267530
    0.06490817
    0.07182596
    0.08774263
    0.05613897
    0.13362784
    0.07927887
    0.08856619
    0.06717646
    0.06692448
    0.08832805
    0.06443530
    0.04757818
    0.05335440
    0.07503961
    0.08309111
    0.07492384
