           1           2   1.02000218873888     
           2           3  0.873272679013573     
           3           4   1.32706458287721     
           4           5   1.54530275852440     
           4           6   1.33095331761667     
           6           7  0.882069242176045     
           7           8   1.02350420292511     
           4           9  0.963357558285075     
           5           9  0.140291955211187     
           9          10  0.978678621430065     
          10          11  0.989085833636890     
          11          12  0.947858683563170     
          11          13  0.138177753570605     
          12          13   1.54398643123454     
          12          14   1.35046903598512     
          14          15  0.866536651472456     
          15          16   1.02459305768066     
          12          17   1.31312396184877     
          17          18  0.887720194484655     
          18          19   1.02220726179908     
           1          20  0.975262080541477     
           1          21  0.982965136166891     
           1          22  0.980805054693224     
           2          23  0.966007801285648     
           2          24  0.967197241415957     
           7          25  0.968046862813144     
           7          26  0.963471519019932     
           8          27  0.981762650963772     
           8          28  0.973542745068710     
           8          29  0.975482361260297     
          10          30  0.956946318064138     
          10          31  0.957316409154465     
          15          32  0.968514197616175     
          15          33  0.964866159879944     
          16          34  0.980738574922853     
          16          35  0.973928001811756     
          16          36  0.974044731079762     
          18          37  0.966518587445137     
          18          38  0.962980901516715     
          19          39  0.982787474620546     
          19          40  0.975770308140645     
          19          41  0.976392576423465     
