           1           2   1.01978906796012     
           2           3  0.905375841517227     
           3           4   1.20141538069454     
           3           5  0.174911133323444     
           4           5   1.68028721054959     
           4           6  0.973966160439775     
           6           7  0.995906111420385     
           7           8  0.929905333631456     
           7           9  0.955553698793617     
           9          10   1.69198303733688     
           9          11   1.18615882130690     
          10          11  0.170260236220830     
          11          12  0.899232433558423     
          12          13   1.01517740458476     
           7          14  0.956854902937236     
          14          15  0.974653961305430     
          14          16  0.134923545122627     
          15          16   1.53882316467399     
          15          17   1.29407890395399     
          17          18  0.910878988102633     
          15          19   1.32531303593420     
          19          20  0.892020104624077     
           1          21  0.978554698561192     
           1          22  0.982661648169370     
           1          23  0.983031309857028     
           2          24  0.968809219887416     
           2          25  0.967638262457105     
           6          26  0.948318200961285     
           6          27  0.932406788525479     
          12          28  0.967884137121065     
          12          29  0.969121418795441     
          13          30  0.983771342729814     
          13          31  0.977875554867259     
          13          32  0.985521714844089     
          18          33  0.976655341499523     
          18          34  0.971458905463158     
          18          35  0.976276262804245     
          20          36  0.971532553610528     
          20          37  0.974661460812037     
          20          38  0.977427383440873     
