           1           2  0.975817827925080     
           2           3  0.960181371721579     
           2           4  0.967882356986858     
           4           5  0.955553872266658     
           4           6  0.968474644410107     
           6           7  0.960934181993912     
           6           8  0.950280008582795     
           8           9  0.951769432419597     
           1          10  0.965967139069892     
           8          10  0.969683570994774     
           8          11   1.00366863409326     
           6          12   1.01046224877236     
           4          13  0.998424159792310     
           2          14  0.996841368795707     
           1          15  0.966900736657011     
           1          16  0.967052496426924     
          11          17  0.834368031564493     
          12          18  0.849341128170589     
          13          19  0.846643119281800     
          14          20  0.845745322943004     
