           1           2   1.01915465880229     
           2           3   1.00767754124798     
           3           4   1.00706047141136     
           4           5   1.00700823154069     
           5           6   1.00685155463066     
           6           7   1.00424959337710     
           7           8  0.990301942363275     
           1           9  0.987182412492345     
           1          10  0.987780657587264     
           1          11  0.987772697880426     
           2          12  0.978518104440910     
           2          13  0.978508025941651     
           3          14  0.977325410017302     
           3          15  0.977371696746134     
           4          16  0.977257094933466     
           4          17  0.977302579607348     
           5          18  0.977025020946645     
           5          19  0.977025506527325     
           6          20  0.976275325819491     
           6          21  0.976293166350922     
           7          22  0.972047060095988     
           7          23  0.972047209398095     
           8          24  0.855873742734441     
