   -0.13415775
    0.08326465
   -0.25712416
    0.37355669
   -0.46667973
   -0.25646556
    0.08434067
   -0.12677213
   -0.13718711
    0.03380823
   -0.12803581
    0.37482316
   -0.46234746
   -0.26591034
    0.07480971
   -0.12921599
   -0.26781885
    0.08521153
   -0.12296786
    0.07237912
    0.07617448
    0.08483039
    0.06160062
    0.06153467
    0.06043896
    0.08265032
    0.08401474
    0.07333499
    0.05567983
    0.10855541
    0.10980281
    0.06560273
    0.09177590
    0.06958676
    0.05506391
    0.08618624
    0.08279068
    0.05500675
    0.05884177
    0.06529553
    0.08372148
