   235
         26          1         26
          2         27         28
          1         29         29
         23         30         52
          1         53         53
          3         54         56
          2         57         58
          1         59         59
          1         60         60
          2         61         62
          1         63         63
          3         64         66
          3         67         69
          2         70         71
         19         72         90
          2         91         92
          2         93         94
          2         95         96
         19         97        115
          3        116        118
          2        119        120
          5        121        125
         26        126        151
          1        152        152
          1        153        153
         18        154        171
          1        172        172
          2        173        174
          4        175        178
          2        179        180
         15        181        195
         19        196        214
          1        215        215
         13        216        228
          8        229        236
          2        237        238
          2        239        240
          2        241        242
         18        243        260
          1        261        261
         16        262        277
          2        278        279
          9        280        288
          1        289        289
          1        290        290
         14        291        304
          1        305        305
          3        306        308
         26        309        334
         12        335        346
          3        347        349
         18        350        367
          1        368        368
         15        369        383
          1        384        384
         10        385        394
         10        395        404
         22        405        426
         14        427        440
          5        441        445
         14        446        459
          1        460        460
          1        461        461
          2        462        463
         15        464        478
         21        479        499
          3        500        502
          2        503        504
          1        505        505
          1        506        506
          3        507        509
         24        510        533
          1        534        534
          5        535        539
         20        540        559
          1        560        560
          6        561        566
         13        567        579
          2        580        581
          6        582        587
          1        588        588
         12        589        600
          4        601        604
          2        605        606
         10        607        616
          2        617        618
          6        619        624
          1        625        625
         18        626        643
          2        644        645
          1        646        646
          1        647        647
          2        648        649
          3        650        652
          1        653        653
         14        654        667
          2        668        669
         15        670        684
          2        685        686
          1        687        687
          1        688        688
          2        689        690
          4        691        694
          1        695        695
          2        696        697
          5        698        702
          1        703        703
          3        704        706
          4        707        710
          8        711        718
         10        719        728
          2        729        730
          6        731        736
          4        737        740
          2        741        742
         13        743        755
         16        756        771
         10        772        781
          1        782        782
         14        783        796
         10        797        806
          2        807        808
         11        809        819
          5        820        824
         15        825        839
          1        840        840
          1        841        841
          3        842        844
         10        845        854
          4        855        858
          1        859        859
          1        860        860
         10        861        870
         14        871        884
          1        885        885
          2        886        887
          1        888        888
          1        889        889
          2        890        891
          4        892        895
          2        896        897
          1        898        898
          2        899        900
          8        901        908
          1        909        909
          1        910        910
          4        911        914
          2        915        916
          1        917        917
          9        918        926
         14        927        940
          5        941        945
          3        946        948
          2        949        950
          1        951        951
          3        952        954
          1        955        955
          1        956        956
          1        957        957
          4        958        961
          1        962        962
          3        963        965
          2        966        967
          1        968        968
         11        969        979
          2        980        981
          5        982        986
          1        987        987
          1        988        988
          5        989        993
          1        994        994
          4        995        998
          1        999        999
          1       1000       1000
          2       1001       1002
          2       1003       1004
          5       1005       1009
          4       1010       1013
          1       1014       1014
          9       1015       1023
          1       1024       1024
          8       1025       1032
          1       1033       1033
          1       1034       1034
         10       1035       1044
          1       1045       1045
          4       1046       1049
          1       1050       1050
          3       1051       1053
          1       1054       1054
          1       1055       1055
          2       1056       1057
          1       1058       1058
          1       1059       1059
          1       1060       1060
         12       1061       1072
          3       1073       1075
          1       1076       1076
          1       1077       1077
          7       1078       1084
          2       1085       1086
          1       1087       1087
          1       1088       1088
          5       1089       1093
          1       1094       1094
          1       1095       1095
          3       1096       1098
          1       1099       1099
          2       1100       1101
          1       1102       1102
          2       1103       1104
          1       1105       1105
          1       1106       1106
          1       1107       1107
          1       1108       1108
          4       1109       1112
          1       1113       1113
          1       1114       1114
         12       1115       1126
          1       1127       1127
          1       1128       1128
          6       1129       1134
          1       1135       1135
          1       1136       1136
          2       1137       1138
          2       1139       1140
          1       1141       1141
          3       1142       1144
          6       1145       1150
          2       1151       1152
          1       1153       1153
          2       1154       1155
          1       1156       1156
          1       1157       1157
          2       1158       1159
