   -0.12559705
    0.07725868
   -0.26903918
    0.38649175
   -0.44937326
   -0.26591252
    0.08112486
   -0.13377773
   -0.15135016
    0.04392536
   -0.14589367
    0.37223118
   -0.45579338
   -0.25433245
    0.08147109
   -0.12847644
   -0.25655919
    0.07281188
   -0.13066506
    0.05273704
    0.07197144
    0.08250246
    0.08893266
    0.06296958
    0.06584782
    0.07159740
    0.08897697
    0.07275866
    0.07166467
    0.08986503
    0.08857880
    0.07612862
    0.06429551
    0.06257168
    0.07472633
    0.08829013
    0.09649013
    0.06527260
    0.07284511
    0.08711197
    0.05532065
