   -0.12727582
    0.07487583
   -0.25555127
    0.37201594
   -0.49375224
   -0.25731364
    0.07981680
   -0.13115892
   -0.09965940
    0.03105323
   -0.13582682
    0.36852729
   -0.44516494
   -0.26261127
    0.08308538
   -0.12898185
   -0.27413851
    0.07667797
   -0.12169921
    0.07326272
    0.04984387
    0.08485055
    0.06309875
    0.09400694
    0.05425136
    0.08979328
    0.07541521
    0.05691484
    0.08490899
    0.12241590
    0.08408797
    0.05401630
    0.09212714
    0.06464947
    0.08792935
    0.06976952
    0.05913661
    0.09122082
    0.07994109
    0.06717712
    0.04826368
