           1           2   1.02259582902634     
           2           3  0.880776723976262     
           3           4   1.27475003810911     
           4           5   1.52929785031038     
           4           6   1.33369020855300     
           6           7  0.865318571246392     
           7           8   1.01954393064301     
           4           9   1.01920320107694     
           5           9  0.130669174770767     
           9          10  0.982534812081093     
          10          11  0.986415909102467     
          11          12  0.966139306928417     
          11          13  0.136446419741261     
          12          13   1.53720399822444     
          12          14   1.36221771391967     
          14          15  0.864168862039585     
          15          16   1.02398734748683     
          12          17   1.30569675073288     
          17          18  0.891881901084153     
          18          19   1.02065715690772     
           1          20  0.981252447706005     
           1          21  0.981452731501600     
           1          22  0.976225189965746     
           2          23  0.967415559913801     
           2          24  0.964944653436417     
           7          25  0.969968101006073     
           7          26  0.967596248306150     
           8          27  0.983352230588239     
           8          28  0.982086716187084     
           8          29  0.973353434443639     
          10          30  0.954338959612077     
          10          31  0.939969431162905     
          15          32  0.968004953509308     
          15          33  0.964560932943682     
          16          34  0.981110057031580     
          16          35  0.970268608805494     
          16          36  0.973930739147855     
          18          37  0.964182528651845     
          18          38  0.968321398507497     
          19          39  0.976603382712292     
          19          40  0.976565913640746     
          19          41  0.981367666541331     
