           1           2   1.01909246673808     
           2           3  0.902091438813053     
           3           4   1.22580352589726     
           3           5  0.160566271250998     
           4           5   1.60628916490380     
           4           6  0.985224220275802     
           6           7   1.01041431525357     
           7           8  0.925610700630059     
           7           9  0.953752077553779     
           9          10   1.68933468284650     
           9          11   1.19951396477840     
          10          11  0.177154106615739     
          11          12  0.903933812024786     
          12          13   1.01225257287329     
           7          14  0.942287147209898     
           5          15  0.191945599843185     
          14          15  0.969999580517199     
          14          16  0.128124554270110     
          15          16   1.47194763786652     
          15          17   1.28206832636440     
          17          18  0.911357651476626     
          15          19   1.25106460203422     
          19          20  0.922818813592249     
           1          21  0.978124653602995     
           1          22  0.983076908707559     
           1          23  0.982021856604288     
           2          24  0.965959514084856     
           2          25  0.968978449780649     
           6          26  0.936232680185419     
           6          27  0.931409633410749     
          12          28  0.967491824832182     
          12          29  0.970221568795046     
          13          30  0.983109948063903     
          13          31  0.978182514550406     
          13          32  0.985091529858466     
          18          33  0.973008418481626     
          18          34  0.977552700953498     
          18          35  0.971443016937215     
          20          36  0.972747286021502     
          20          37  0.975774515673238     
          20          38  0.975533103306125     
