           1           2   1.02217978719403     
           2           3  0.887603255897668     
           3           4   1.32447542409510     
           4           5   1.50615253757959     
           4           6   1.31538753541179     
           6           7  0.873779857672478     
           7           8   1.02330162848585     
           4           9   1.00554541580337     
           5           9  0.140314539163716     
           9          10  0.976895051508631     
          10          11  0.993568490199891     
          11          12  0.965359322975351     
          11          13  0.132765691313970     
          12          13   1.52981765718543     
          12          14   1.35216882037491     
          14          15  0.859273066692801     
          15          16   1.02444890664535     
          12          17   1.32136410921216     
          17          18  0.889501508980153     
          18          19   1.02180847923881     
           1          20  0.981667278191751     
           1          21  0.976499171090801     
           1          22  0.976010979006547     
           2          23  0.967013063418089     
           2          24  0.964763880545425     
           7          25  0.966253910111373     
           7          26  0.970406350592376     
           8          27  0.982548635627457     
           8          28  0.976106229388368     
           8          29  0.975130657482738     
          10          30  0.956416443697910     
          10          31  0.946793281877533     
          15          32  0.965775180394340     
          15          33  0.964614212984625     
          16          34  0.974913340594658     
          16          35  0.973666937835159     
          16          36  0.981760044129328     
          18          37  0.964320282607944     
          18          38  0.968722820828702     
          19          39  0.980765179622859     
          19          40  0.976199387925329     
          19          41  0.976789769400758     
