   -0.13013927
    0.07536575
   -0.26325178
    0.36320415
   -0.47875566
   -0.26301154
    0.09785227
   -0.12222532
   -0.11112222
    0.03698951
   -0.12044130
    0.37202818
   -0.47029064
   -0.25690727
    0.07872609
   -0.12574388
   -0.26143695
    0.06720603
   -0.12669841
    0.08651855
    0.07378052
    0.05501715
    0.06310612
    0.09256441
    0.05422953
    0.05020702
    0.07518814
    0.08203947
    0.06235295
    0.12141053
    0.07136919
    0.07762102
    0.06952151
    0.06242484
    0.06884752
    0.08850176
    0.07847580
    0.10049637
    0.08690330
    0.06388789
    0.05418864
