           1           2   1.02214481966670     
           2           3  0.884397223696531     
           3           4   1.32434059765135     
           4           5   1.51203272946621     
           4           6   1.31083604518067     
           6           7  0.878364991858454     
           7           8   1.01854021668886     
           4           9   1.02271356821107     
           5           9  0.133054900810407     
           9          10  0.970930633997688     
          10          11  0.998390184990109     
          11          12  0.965818896192053     
          11          13  0.135260168615154     
          12          13   1.52393736156220     
          12          14   1.35220935028456     
          14          15  0.863828293238142     
          15          16   1.02077434830306     
          12          17   1.32999467750526     
          17          18  0.881007644308054     
          18          19   1.02370841149682     
           1          20  0.975687165793852     
           1          21  0.981931527092868     
           1          22  0.977659127176302     
           2          23  0.967659289570136     
           2          24  0.964134657417014     
           7          25  0.971514731250980     
           7          26  0.969677305298438     
           8          27  0.982362788636147     
           8          28  0.975303155607984     
           8          29  0.982105354192133     
          10          30  0.959944912870291     
          10          31  0.947139808932982     
          15          32  0.970225328777859     
          15          33  0.963986761005135     
          16          34  0.982517944537259     
          16          35  0.982704257283627     
          16          36  0.973654815873167     
          18          37  0.966544088436628     
          18          38  0.961882344737963     
          19          39  0.975420368864731     
          19          40  0.982604298985648     
          19          41  0.976558942382075     
