           1           2   1.01369442816503     
           2           3  0.907096452770467     
           3           4   1.19936591070603     
           3           5  0.175737022377371     
           4           5   1.68196521473366     
           4           6  0.969340569714564     
           6           7   1.00183713650230     
           7           8  0.953221552946338     
           7           9  0.956189572789832     
           9          10   1.66320955334973     
           9          11   1.20477973428382     
          10          11  0.170663559882246     
          11          12  0.902070661881562     
          12          13   1.01253229151685     
           7          14  0.931125363729353     
          14          15   1.01829574823075     
          14          16  0.135398871847455     
          15          16   1.50923413013270     
          15          17   1.29674140357089     
          17          18  0.909376472653350     
          15          19   1.28642055138341     
          19          20  0.899635122777332     
           1          21  0.983338090279246     
           1          22  0.978664966034132     
           1          23  0.985708759855114     
           2          24  0.966763022986917     
           2          25  0.970443237275599     
           6          26  0.935133087700619     
           6          27  0.947783239728444     
          12          28  0.967246874354578     
          12          29  0.970546772473132     
          13          30  0.983288963979085     
          13          31  0.977954383464503     
          13          32  0.984202127632876     
          18          33  0.977849295801953     
          18          34  0.973669939828244     
          18          35  0.972164845488717     
          20          36  0.979925410357588     
          20          37  0.976529552727437     
          20          38  0.972226781336925     
