   -0.12690900
    0.07822513
   -0.26393453
    0.37763386
   -0.46767809
   -0.25717364
    0.07402507
   -0.12785180
   -0.14496221
    0.03990734
   -0.15360368
    0.37397418
   -0.44843398
   -0.26230204
    0.08459213
   -0.13205271
   -0.25412636
    0.07298773
   -0.13065149
    0.07141028
    0.08633006
    0.05387491
    0.08745670
    0.06734557
    0.09370117
    0.06655926
    0.05365753
    0.06634271
    0.08608337
    0.09967590
    0.09687860
    0.06190523
    0.07986430
    0.06630381
    0.08668598
    0.06995061
    0.09460968
    0.06539399
    0.05532884
    0.07247565
    0.08649998
