           1           2   1.02179388358143     
           2           3  0.885399040077809     
           3           4   1.27227967636247     
           4           5   1.55216115539562     
           4           6   1.33552683226532     
           6           7  0.865080288254464     
           7           8   1.02191184606013     
           4           9   1.01800555152280     
           5           9  0.124931137175223     
           9          10  0.984489278653344     
          10          11  0.983051141219566     
          11          12  0.961971228644592     
          11          13  0.136410008748403     
          12          13   1.53274857224941     
          12          14   1.34311167617112     
          14          15  0.861282987502244     
          15          16   1.02213304799761     
          12          17   1.32310632769998     
          17          18  0.884906884983691     
          18          19   1.02099628241767     
           1          20  0.976675825494034     
           1          21  0.974884078279833     
           1          22  0.981646322282411     
           2          23  0.963909411725241     
           2          24  0.966721850342714     
           7          25  0.966633204031851     
           7          26  0.966296772169641     
           8          27  0.975101632502450     
           8          28  0.973270408476898     
           8          29  0.982590962603998     
          10          30  0.945811598663897     
          10          31  0.965179620329172     
          15          32  0.966697841222596     
          15          33  0.967842129857848     
          16          34  0.982709938812378     
          16          35  0.973853686518719     
          16          36  0.981264951979295     
          18          37  0.964066606052420     
          18          38  0.967802969015710     
          19          39  0.976176579210683     
          19          40  0.976285410072538     
          19          41  0.980718216356455     
