           1           2   1.43092316134031     
           2           3   1.45694497366101     
           1           4  0.100442977197441     
           3           4   1.35553197958420     
           2           5  0.106131683855893     
           4           5   1.35553084191658     
           1           6   1.43092348612877     
           3           6  0.106131316093212     
           5           6   1.45694495441647     
           4           7   1.10307318952065     
           7           8   2.78121774472225     
           1           9  0.968923205185871     
           2          10  0.967656907444432     
           3          11  0.969679871536827     
           5          12  0.969679981341624     
           6          13  0.967656839171040     
