   -0.12741274
    0.06769041
   -0.25117200
    0.37136316
   -0.45131242
   -0.25469906
    0.08385242
   -0.13299769
   -0.15613154
    0.04582380
   -0.15862424
    0.38272107
   -0.44260871
   -0.26635887
    0.08344741
   -0.13331161
   -0.27260812
    0.07754694
   -0.12562057
    0.08619308
    0.05469447
    0.06632105
    0.10014357
    0.07570933
    0.07921705
    0.06313954
    0.08760060
    0.06641147
    0.07045113
    0.09151569
    0.09258446
    0.06649341
    0.06393716
    0.07390645
    0.08769549
    0.07254679
    0.06563526
    0.08877024
    0.08427210
    0.07021770
    0.05295632
