           1           2   1.02375572815612     
           2           3  0.882146852655356     
           3           4   1.33438525778750     
           4           5   1.53942670278680     
           4           6   1.35431914482134     
           6           7  0.868577026410748     
           7           8   1.02004364165532     
           4           9  0.941325362346664     
           5           9  0.137925557469186     
           9          10  0.992140853839177     
          10          11  0.983513329413810     
          11          12  0.982990988102340     
          11          13  0.125132122140081     
          12          13   1.55945757285653     
          12          14   1.32567504365946     
          14          15  0.868460891215850     
          15          16   1.01881191050270     
          12          17   1.28323452725468     
          17          18  0.879133052282784     
          18          19   1.02265696615190     
           1          20  0.975539497023074     
           1          21  0.974093660926843     
           1          22  0.981888601923737     
           2          23  0.962386801986980     
           2          24  0.966773024180186     
           7          25  0.967885743357742     
           7          26  0.964816178489559     
           8          27  0.974593285788518     
           8          28  0.980977359685484     
           8          29  0.983038226267571     
          10          30  0.955346097205267     
          10          31  0.952608110035135     
          15          32  0.968049339360789     
          15          33  0.969123229558376     
          16          34  0.982388169807515     
          16          35  0.973719615455812     
          16          36  0.982477514620464     
          18          37  0.965958896256786     
          18          38  0.964190271888317     
          19          39  0.975820979462379     
          19          40  0.982539690343066     
          19          41  0.975177126802908     
