           1           2  0.982039774770848     
           2           3  0.957796178936636     
           2           4  0.968023833694664     
           4           5  0.960366539729533     
           4           6  0.961935266416355     
           6           7  0.962709790101364     
           6           8  0.949856416761297     
           8           9  0.948946684450278     
           1          10  0.964926998478723     
           8          10  0.990862447946635     
           8          11  0.992190631543122     
           6          12  0.997805545477804     
           4          13  0.991493878712982     
           2          14   1.00210805755252     
           1          15  0.967004866825150     
           1          16  0.967251908297112     
          11          17  0.835671736012215     
          12          18  0.842986464441300     
          13          19  0.848982390110786     
          14          20  0.843186479726261     
