           1           2   1.02102520522385     
           2           3  0.876803876733632     
           3           4   1.34242564254588     
           4           5   1.49515683308771     
           4           6   1.31735738562240     
           6           7  0.886519756423505     
           7           8   1.02250146637172     
           4           9  0.963552691072758     
           5           9  0.141491098808607     
           9          10  0.984717957962385     
          10          11  0.983129493491388     
          11          12  0.979178491448957     
          11          13  0.137795028883435     
          12          13   1.50041171629599     
          12          14   1.33930026290730     
          14          15  0.873625749611990     
          15          16   1.02135185108682     
          12          17   1.31592061191907     
          17          18  0.891473173195873     
          18          19   1.02202187082574     
           1          20  0.976348455425698     
           1          21  0.974047416359265     
           1          22  0.981581763611629     
           2          23  0.959669114449566     
           2          24  0.965888441522328     
           7          25  0.966208093158802     
           7          26  0.963173382329706     
           8          27  0.982513677613475     
           8          28  0.972688077310044     
           8          29  0.976509087560721     
          10          30  0.952776825076993     
          10          31  0.951534066916472     
          15          32  0.962151808018817     
          15          33  0.967039972849625     
          16          34  0.979290050185046     
          16          35  0.974384736887442     
          16          36  0.982148363125062     
          18          37  0.964824223995527     
          18          38  0.967653855384039     
          19          39  0.972600419574856     
          19          40  0.981445515724847     
          19          41  0.976496774779789     
