           1           2   1.01819966427821     
           2           3  0.880862762534609     
           3           4   1.32871882431988     
           4           5   1.53303494539382     
           4           6   1.35742176209369     
           6           7  0.857093413774627     
           7           8   1.02198666335460     
           4           9  0.973167228458341     
           5           9  0.138440552339551     
           9          10  0.972817936558186     
          10          11  0.997511139132167     
          11          12  0.952112218287940     
          11          13  0.135435767005227     
          12          13   1.52682421916927     
          12          14   1.33537870811873     
          14          15  0.882508304380993     
          15          16   1.01831982920790     
          12          17   1.35990632454114     
          17          18  0.850040014580868     
          18          19   1.02370626614615     
           1          20  0.974921557570596     
           1          21  0.981315794289417     
           1          22  0.976607917254832     
           2          23  0.967681417402036     
           2          24  0.968293818958542     
           7          25  0.967985955060673     
           7          26  0.966322860367534     
           8          27  0.973373870459680     
           8          28  0.982890467718211     
           8          29  0.980673418461272     
          10          30  0.947333946789883     
          10          31  0.965649392686359     
          15          32  0.970273212675054     
          15          33  0.967158654095708     
          16          34  0.975317847370109     
          16          35  0.983464460764422     
          16          36  0.981268954367015     
          18          37  0.970115926419975     
          18          38  0.963588700495031     
          19          39  0.972223366611977     
          19          40  0.977469952252549     
          19          41  0.975081175464579     
