           1           2   1.02207119397707     
           2           3  0.882653118750976     
           3           4   1.30990634328604     
           4           5   1.51877804151386     
           4           6   1.32190327229996     
           6           7  0.886814953363961     
           7           8   1.02189598754596     
           4           9   1.00733160014171     
           5           9  0.131500315711657     
           9          10  0.968783299725761     
          10          11   1.00127770149838     
          11          12  0.970482571199206     
          11          13  0.146488931953757     
          12          13   1.48977979005240     
          12          14   1.34076300532036     
          14          15  0.880471469776730     
          15          16   1.01802952690772     
          12          17   1.32984238870398     
          17          18  0.884872093890280     
          18          19   1.01898939363396     
           1          20  0.976492442747116     
           1          21  0.981920764457435     
           1          22  0.976229967017599     
           2          23  0.966657949850252     
           2          24  0.967837901719494     
           7          25  0.964139353875490     
           7          26  0.967695065445178     
           8          27  0.982091575562479     
           8          28  0.976124986564052     
           8          29  0.977598738524717     
          10          30  0.943852707562237     
          10          31  0.958829506262427     
          15          32  0.969866280662899     
          15          33  0.967781509999668     
          16          34  0.983290620092535     
          16          35  0.981845878477023     
          16          36  0.974877401308864     
          18          37  0.967794442381232     
          18          38  0.964516799776778     
          19          39  0.981920762143818     
          19          40  0.975912182999503     
          19          41  0.980518861631087     
