           1           2   1.02208752668431     
           2           3  0.875491231559789     
           3           4   1.32096855626298     
           4           5   1.47287264660606     
           4           6   1.32259522499773     
           6           7  0.890235644424816     
           7           8   1.02082734699341     
           4           9   1.00865403830991     
           5           9  0.138331862780109     
           9          10  0.964067791286383     
          10          11  0.992369639026451     
          11          12  0.994340005502171     
          11          13  0.100915466113425     
          12          13   1.55066833098740     
          12          14   1.31160525089465     
          14          15  0.872032244682693     
          15          16   1.01942406062655     
          12          17   1.29641731165190     
          17          18  0.892895967191915     
          18          19   1.02169621725033     
           1          20  0.982134033149863     
           1          21  0.981954156617737     
           1          22  0.975591162044577     
           2          23  0.970055431545298     
           2          24  0.964830133600640     
           7          25  0.965219311782802     
           7          26  0.964518173651754     
           8          27  0.976024424228591     
           8          28  0.973040621686480     
           8          29  0.982190601619153     
          10          30  0.953684079291855     
          10          31  0.953463223144435     
          15          32  0.966168778532137     
          15          33  0.970808554596034     
          16          34  0.982311397181059     
          16          35  0.973948152142330     
          16          36  0.981206884330600     
          18          37  0.963836795193090     
          18          38  0.967212428703762     
          19          39  0.974853149740319     
          19          40  0.981946800785948     
          19          41  0.976723629767017     
