   -0.12358574
    0.06581371
   -0.26700409
    0.37631626
   -0.46492284
   -0.09753092
    0.01345889
    0.09983249
    0.36990962
   -0.45435606
   -0.24258603
    0.07436533
   -0.12742045
   -0.12756303
    0.37703287
   -0.47436213
   -0.26328637
    0.01193327
   -0.24975335
    0.00838452
    0.05899472
    0.05397448
    0.07601949
    0.06723255
    0.08649905
    0.09679831
    0.12077283
    0.06648444
    0.08489186
    0.07245239
    0.05823613
    0.08197481
    0.08836633
    0.07557663
    0.10994108
    0.08948164
    0.09407972
    0.11354759
