   -0.13272578
    0.08243587
   -0.25743149
    0.35191541
   -0.45156671
   -0.25820837
    0.08747120
   -0.13043235
   -0.15178326
    0.03761826
   -0.11555940
    0.36978324
   -0.47630909
   -0.26336686
    0.07547249
   -0.13350904
   -0.25973325
    0.07392649
   -0.13092289
    0.06735181
    0.07775190
    0.08532263
    0.06945765
    0.05594164
    0.07751305
    0.07039458
    0.08975639
    0.06857871
    0.06591146
    0.12224547
    0.07053311
    0.08213986
    0.07428974
    0.07069187
    0.09263967
    0.06919153
    0.09587367
    0.06083193
    0.07655991
    0.08609137
    0.05385756
