   -0.12382980
    0.08761097
   -0.26064320
    0.35680927
   -0.46900694
   -0.25743452
    0.07403833
   -0.12841309
   -0.13196974
    0.03561287
   -0.11588635
    0.38253575
   -0.48783160
   -0.26167398
    0.06924804
   -0.13687612
   -0.25248449
    0.08916235
   -0.13290520
    0.05297462
    0.07396441
    0.08254079
    0.08389907
    0.05377994
    0.09311824
    0.06322745
    0.08556230
    0.05185587
    0.07275298
    0.07534221
    0.12033878
    0.09626900
    0.07852400
    0.07207885
    0.09380682
    0.06998024
    0.04491269
    0.06822110
    0.08320343
    0.07988061
    0.06770408
