           1           2   1.02211053179917     
           2           3  0.885785310775802     
           3           4   1.32437517370081     
           4           5   1.54638382318949     
           4           6   1.34469206253825     
           6           7  0.860066939349624     
           7           8   1.02194362966454     
           4           9  0.953551641067993     
           5           9  0.134305346074641     
           9          10  0.968913702435264     
          10          11   1.00066221153381     
          11          12  0.940741512020437     
          11          13  0.139529466325015     
          12          13   1.52219158645153     
          12          14   1.36130730874479     
          14          15  0.861884481974704     
          15          16   1.02414423550112     
          12          17   1.32562592220158     
          17          18  0.884676363088859     
          18          19   1.02119391751919     
           1          20  0.976168537533901     
           1          21  0.980246025163395     
           1          22  0.974303783695568     
           2          23  0.969558097093640     
           2          24  0.963688713588998     
           7          25  0.967185007623099     
           7          26  0.966801641173934     
           8          27  0.980823585973625     
           8          28  0.973729107871490     
           8          29  0.982792046849553     
          10          30  0.954391225773672     
          10          31  0.963031003722695     
          15          32  0.964712513582931     
          15          33  0.970358811031245     
          16          34  0.969055700991627     
          16          35  0.981774191415693     
          16          36  0.972436978575714     
          18          37  0.962400592209870     
          18          38  0.963265666150332     
          19          39  0.983107882868729     
          19          40  0.978424584468573     
          19          41  0.976476322266925     
