           1           2   1.02391664978219     
           2           3  0.879811645157433     
           3           4   1.33068268305535     
           4           5   1.51408807687110     
           4           6   1.36101282402283     
           6           7  0.863406921467506     
           7           8   1.02074444094508     
           4           9  0.967513285422506     
           5           9  0.139407735658601     
           9          10  0.987833823119612     
          10          11  0.979584078827515     
          11          12  0.996136978610990     
          11          13  0.127376878170482     
          12          13   1.54022490045175     
          12          14   1.27160474966472     
          14          15  0.886631283604209     
          15          16   1.02222130162858     
          12          17   1.33684257501086     
          17          18  0.865680397608975     
          18          19   1.02156773214144     
           1          20  0.982145273045025     
           1          21  0.975131152757779     
           1          22  0.972928522348940     
           2          23  0.963393040806751     
           2          24  0.966761260049925     
           7          25  0.968865909258574     
           7          26  0.966364733998831     
           8          27  0.980215882470223     
           8          28  0.974476472888756     
           8          29  0.982474558293707     
          10          30  0.942161529655442     
          10          31  0.954449071668467     
          15          32  0.964769529688379     
          15          33  0.966506714842775     
          16          34  0.977522818960694     
          16          35  0.983066002484373     
          16          36  0.976833048471785     
          18          37  0.967402294732634     
          18          38  0.966028179877875     
          19          39  0.974101294945872     
          19          40  0.981645195651513     
          19          41  0.976559348349402     
