   -0.12715818
    0.07013215
   -0.26178370
    0.37225139
   -0.47978567
   -0.26588072
    0.08053583
   -0.12882783
   -0.11680243
    0.03226270
   -0.13985657
    0.37853402
   -0.47754943
   -0.27107789
    0.07558264
   -0.12735626
   -0.27091329
    0.08049010
   -0.11809948
    0.05705357
    0.06299794
    0.08830473
    0.09817809
    0.07795956
    0.07123246
    0.08365024
    0.06839532
    0.08779485
    0.06671699
    0.12944347
    0.08273904
    0.06281452
    0.09086008
    0.05123800
    0.08775337
    0.07423345
    0.09199153
    0.06810972
    0.05878240
    0.08275330
    0.05230002
