$coord
          5.325334070856         -0.370623713876          0.379286146007     c 
          2.807247998336          0.550492667618         -0.670111725700     c 
          0.599321181715         -1.052580331022          0.270571069324     c 
         -1.958957081036         -0.017127762066         -0.617683354723     c 
         -1.924749355632          0.213367859571         -2.676154057527     h 
         -4.112001698259         -1.798611956228          0.117464460774     c 
         -2.391734775980          2.459048567015          0.306737452399     o 
          6.867227125746          0.782758208280         -0.336236755147     h 
          5.661823928526         -2.321957684841         -0.172139339472     h 
          5.335287781074         -0.266382668258          2.432093972065     h 
          2.493798733150          2.513920759369         -0.117568943344     h 
          2.853951895250          0.489213858698         -2.732824125322     h 
          0.803390317830         -2.985555146493         -0.416132823054     h 
          0.620840394200         -1.105052436494          2.335529877644     h 
         -5.914921578830         -0.975898689600         -0.424263230245     h 
         -3.892369172477         -3.601943387741         -0.835878517342     h 
         -4.111334616495         -2.119764775229          2.148469627550     h 
         -2.536652836896          2.380255175931          2.128362437192     h 
$end
