$hessian                                                                        
        0.4714940839  -0.0223287929   0.0025637869  -0.1794108518  -0.0601388380
       -0.0000903441  -0.0335907851  -0.0094122562  -0.0002245609  -0.0020602564
        0.0029794484   0.0000174677  -0.0013647271   0.0002354910  -0.0000067045
        0.0027391478   0.0004204331  -0.0001852577  -0.0070738090  -0.0086935056
       -0.0003046004   0.0021783810   0.0012163550   0.0008063728  -0.0486425459
        0.0386122504   0.0014486660  -0.0973681495   0.0231787644   0.0976094299
       -0.1067059903   0.0360116002  -0.1006254211   0.0009398665  -0.0018407358
        0.0000399133  -0.0013118968  -0.0005643861   0.0000497005   0.0000915814
       -0.0000629938   0.0000205414  -0.0000602077   0.0001313806   0.0000131932
        0.0000022090   0.0002515236  -0.0000616044   0.0001439500   0.0000042618
       -0.0010705786
       -0.0223287929   0.5150701305  -0.0012788943  -0.0664469171  -0.1004899584
       -0.0003638939   0.0092167648   0.0049659427  -0.0001903861   0.0021500812
       -0.0008660665  -0.0001521494   0.0001676217  -0.0003292396  -0.0000154909
        0.0004613538  -0.0049787793  -0.0000285001  -0.0239599703  -0.0219005231
        0.0001112996  -0.0032629094   0.0007565512  -0.0006622810   0.0389953133
       -0.2783114799  -0.0107452333   0.0263388861  -0.0527094727  -0.0414868846
        0.0382251290  -0.0623068303   0.0541533471   0.0021590319   0.0015370148
        0.0000982674   0.0007738338   0.0002305920   0.0000144848   0.0000074699
        0.0001739030   0.0000240279  -0.0014524932  -0.0010151506   0.0000323935
       -0.0007001881   0.0000914209   0.0003674937  -0.0003442146   0.0000819454
        0.0001223996
        0.0025637869  -0.0012788943   0.4879071283  -0.0014805903  -0.0007934736
       -0.0587366599   0.0004321608  -0.0001931542   0.0014950473  -0.0001528814
       -0.0002328357   0.0077105472  -0.0000859003   0.0001786113  -0.0001751739
        0.0002193261  -0.0000564661   0.0064574136  -0.0005271658  -0.0000712784
        0.0005261328   0.0001751216   0.0002797277  -0.0026701559   0.0016393724
       -0.0109639119  -0.0448062435   0.1004280010  -0.0389356917  -0.2034473162
       -0.1030242465   0.0530369582  -0.1908380921   0.0000280577   0.0000084523
       -0.0025744095  -0.0000163234  -0.0000002995   0.0002682948  -0.0000118479
       -0.0000010742  -0.0016288970  -0.0000499243   0.0000115487  -0.0004124598
        0.0001374053   0.0000006327   0.0003414435  -0.0002743519  -0.0009888510
        0.0005834004
       -0.1794108518  -0.0664469171  -0.0014805903   0.6523321369  -0.0313032635
       -0.0003488723  -0.2692907376   0.1447561215   0.0010759405  -0.0660944796
       -0.0231875389   0.0000856930  -0.0092353858   0.0281257764   0.0002363851
        0.0185559018  -0.0254678331  -0.0001954753  -0.0808214316  -0.0498464945
        0.0004001462  -0.0095067816   0.0387506167  -0.0021766750   0.0020222748
       -0.0023139095   0.0001421500  -0.0226108076  -0.0068294915   0.0045908407
       -0.0232657850  -0.0072744444  -0.0041327164  -0.0009481269   0.0016120729
       -0.0000079919  -0.0040007416  -0.0025334725   0.0000035875   0.0005720290
        0.0007788610  -0.0000221838  -0.0044759516  -0.0032249417  -0.0000514857
       -0.0047745930   0.0026030088   0.0000319631   0.0009533312   0.0018018493
        0.0018492846
       -0.0601388380  -0.1004899584  -0.0007934736  -0.0313032635   0.6253397473
        0.0023159364   0.0691370232  -0.1560754230  -0.0005397345   0.0325053140
        0.0554784229   0.0002008180   0.0246962536  -0.0470983316  -0.0004156516
       -0.0719563422  -0.0256722154   0.0001519971   0.0190640568  -0.2773377152
       -0.0026161609   0.0175766112  -0.0383597482   0.0036654502  -0.0262530698
       -0.0203012993  -0.0002048353   0.0018513210   0.0036730630   0.0016938508
        0.0038487747   0.0046932070  -0.0013271667   0.0248043731  -0.0219671671
       -0.0003144410  -0.0029856719  -0.0006150460  -0.0000189972   0.0009839568
       -0.0001318040   0.0000383306  -0.0019693922  -0.0000478689   0.0000536169
        0.0031317506  -0.0000950025  -0.0011998844  -0.0029928573  -0.0009928608
       -0.0006896548
       -0.0000903441  -0.0003638939  -0.0587366599  -0.0003488723   0.0023159364
        0.1386311448  -0.0001378780  -0.0005491503  -0.0434267234   0.0006076213
        0.0005710835   0.0000147144   0.0002683597  -0.0004745730  -0.0040623053
       -0.0005689943   0.0001308346  -0.0008007809   0.0004850505  -0.0016198517
       -0.0532052568  -0.0003399495   0.0008312972   0.0028986081  -0.0011892428
       -0.0007441135   0.0003324774   0.0220857095   0.0116669915   0.0007518545
       -0.0209910459  -0.0108603781   0.0005784757   0.0000720586  -0.0000770460
        0.0006807420   0.0000207263   0.0000031929   0.0069786599   0.0000097753
        0.0000028186   0.0001042109   0.0000335555  -0.0000315971   0.0071799720
        0.0003900617  -0.0005978954   0.0021682987  -0.0003065917  -0.0002036557
       -0.0000874323
       -0.0335907851   0.0092167648   0.0004321608  -0.2692907376   0.0691370232
       -0.0001378780   0.6648598920   0.0046909255  -0.0014824648  -0.2784987034
       -0.0589359536   0.0008727767   0.0208787068  -0.0855667657  -0.0006893809
       -0.0590611254   0.0054992837   0.0006239072   0.0249527232   0.0780773301
       -0.0000780023   0.0035629537  -0.0058209092   0.0024526157   0.0008294918
        0.0022336978   0.0000588034  -0.0017703106  -0.0007879622  -0.0006472059
       -0.0022259039  -0.0007510903   0.0003608926  -0.0443430396  -0.0059773544
       -0.0000743082  -0.0262709524  -0.0105109854   0.0000572857   0.0014864038
        0.0001722945   0.0000130496  -0.0005889231  -0.0000337338   0.0001102691
        0.0001159591  -0.0000841432  -0.0013646921  -0.0010456492  -0.0005584218
       -0.0005078287
       -0.0094122562   0.0049659427  -0.0001931542   0.1447561215  -0.1560754230
       -0.0005491503   0.0046909255   0.6588134950   0.0014802079  -0.1371673230
       -0.1438796275   0.0002160331  -0.0261204774  -0.0341830129   0.0000044043
       -0.0013661593   0.0022416841   0.0000854344   0.0264695528  -0.0344930281
        0.0002104928  -0.0031484450  -0.0044227833  -0.0014810368  -0.0025869865
        0.0011901968   0.0000231402  -0.0025450286  -0.0005193093   0.0004325109
       -0.0025956751  -0.0006503520  -0.0003273315  -0.0060612479  -0.2932277434
       -0.0007582089   0.0145422764   0.0062905366  -0.0000620060  -0.0006924720
       -0.0060293959  -0.0000238852   0.0000959525   0.0010802287   0.0000226964
        0.0012889437  -0.0011721969   0.0005984530  -0.0001477014   0.0000707885
        0.0003214000
       -0.0002245609  -0.0001903861   0.0014950473   0.0010759405  -0.0005397345
       -0.0434267234  -0.0014824648   0.0014802079   0.1138735471   0.0004275757
       -0.0001728193  -0.0453026925  -0.0000896382   0.0002566669   0.0011338862
        0.0000932742   0.0000186940  -0.0040240101   0.0001663450  -0.0002661730
       -0.0024965364   0.0007365706  -0.0005285986   0.0050854515   0.0000159147
        0.0000339120  -0.0000945776   0.0010017424   0.0003603427  -0.0003946595
       -0.0011170625  -0.0004083107  -0.0003618755   0.0000145693  -0.0007845530
       -0.0338866315   0.0001395727   0.0000607843  -0.0003645335  -0.0000032301
       -0.0000367697   0.0076594330   0.0000090753   0.0000023853  -0.0001233239
       -0.0003474965   0.0004850388   0.0012068985  -0.0004161273   0.0002293131
        0.0000213003
       -0.0020602564   0.0021500812  -0.0001528814  -0.0660944796   0.0325053140
        0.0006076213  -0.2784987034  -0.1371673230   0.0004275757   0.6630677262
       -0.0113034404  -0.0020156704  -0.0920842957   0.0318920321   0.0005168923
        0.0266209344   0.0228644905  -0.0001995966  -0.0118748384  -0.0315574010
        0.0002788626  -0.0026769465   0.0029979604  -0.0016300829   0.0002603818
        0.0003399203   0.0000095200  -0.0011418109  -0.0002105337  -0.0000835315
       -0.0011166402  -0.0003646576   0.0002103116  -0.0019964971  -0.0019987127
        0.0000577724  -0.2257188556   0.1139608829   0.0008765421  -0.0034835634
       -0.0277368239  -0.0000533124  -0.0038961647   0.0036597575   0.0000774888
        0.0001102204  -0.0001913851   0.0006884930   0.0005837890   0.0001598384
        0.0003839954
        0.0029794484  -0.0008660665  -0.0002328357  -0.0231875389   0.0554784229
        0.0005710835  -0.0589359536  -0.1438796275  -0.0001728193  -0.0113034404
        0.6605555291   0.0009946649  -0.0465628955  -0.3353808437   0.0002509656
        0.0799076483  -0.0414086438  -0.0012624982  -0.0311463320  -0.0456096328
       -0.0002637799   0.0020493688   0.0014233650   0.0005567682   0.0000405697
       -0.0001213418   0.0000029906  -0.0004832197   0.0000242304   0.0003172518
       -0.0003490561  -0.0001130670  -0.0001526320  -0.0270305451  -0.0183291119
        0.0000864841   0.1139517594  -0.1156439165  -0.0005151512  -0.0027726211
       -0.0164588395   0.0000557846   0.0028643354  -0.0003709711  -0.0001495334
       -0.0000594425   0.0006872820   0.0003769870   0.0000379147   0.0000132326
       -0.0004637308
        0.0000174677  -0.0001521494   0.0077105472   0.0000856930   0.0002008180
        0.0000147144   0.0008727767   0.0002160331  -0.0453026925  -0.0020156704
        0.0009946649   0.1083240590   0.0000269577  -0.0003801269  -0.0455096389
        0.0001711180  -0.0002866938   0.0017459693  -0.0000415152  -0.0000703755
       -0.0050578320  -0.0000406911  -0.0000162720  -0.0001121134   0.0000041074
        0.0000413990  -0.0000142280  -0.0016255445  -0.0004797521   0.0001657332
        0.0015693339   0.0004671516   0.0001453662  -0.0000734599  -0.0000501257
        0.0005954135   0.0009106955  -0.0005581252  -0.0308416912   0.0000128043
        0.0000930050   0.0004598439   0.0000657130  -0.0000498686   0.0076963653
        0.0000529933   0.0000362406   0.0000285832   0.0000072206  -0.0000058230
       -0.0000483993
       -0.0013647271   0.0001676217  -0.0000859003  -0.0092353858   0.0246962536
        0.0002683597   0.0208787068  -0.0261204774  -0.0000896382  -0.0920842957
       -0.0465628955   0.0000269577   0.6687232920   0.0039759434  -0.0028280137
       -0.2761406497   0.1498326362   0.0012399004  -0.0651209180  -0.0213700378
       -0.0001867460   0.0001978470  -0.0033987006   0.0023375408   0.0001215735
        0.0002427327  -0.0000066825  -0.0002128322  -0.0002159344   0.0000612199
       -0.0001617008  -0.0003652822  -0.0000028258  -0.0042860961  -0.0035361435
        0.0000564102  -0.0015206705   0.0267890536   0.0000243518  -0.2382488847
       -0.1056779439   0.0005476224  -0.0002002895   0.0009551865  -0.0000497771
        0.0000307356   0.0002488928  -0.0001272376  -0.0013757048   0.0003390948
       -0.0011855416
        0.0002354910  -0.0003292396   0.0001786113   0.0281257764  -0.0470983316
       -0.0004745730  -0.0855667657  -0.0341830129   0.0002566669   0.0318920321
       -0.3353808437  -0.0003801269   0.0039759434   0.6627959532   0.0012331518
        0.0750319009  -0.1610429740  -0.0001364034   0.0321717679   0.0581071663
        0.0001788890  -0.0056296079  -0.0027014700  -0.0008238482   0.0000235955
        0.0002990749   0.0000182221   0.0006721207   0.0002597269  -0.0003259628
        0.0005734974   0.0004642344   0.0001997510  -0.0027476593  -0.0001858312
       -0.0000728696   0.0015413673  -0.0184221194  -0.0000286513  -0.1054587590
       -0.1020470314   0.0001108604   0.0261024466  -0.0201682528  -0.0003472013
       -0.0002963533  -0.0009849734  -0.0001060745  -0.0006467938   0.0006179241
        0.0005195585
       -0.0000067045  -0.0000154909  -0.0001751739   0.0002363851  -0.0004156516
       -0.0040623053  -0.0006893809   0.0000044043   0.0011338862   0.0005168923
        0.0002509656  -0.0455096389  -0.0028280137   0.0012331518   0.1134649025
        0.0016589491  -0.0012353072  -0.0420025551   0.0000280912   0.0003865571
       -0.0024542970   0.0011880851  -0.0009683471   0.0049813117  -0.0000021446
       -0.0000082107   0.0000499737   0.0000091719   0.0000315259   0.0000063958
        0.0000029475  -0.0000354243   0.0000029441   0.0000245975  -0.0000046133
        0.0074767703   0.0000117203  -0.0001358448  -0.0005129753   0.0005711628
        0.0002045310  -0.0336124263   0.0000696512  -0.0000093193  -0.0004235619
       -0.0000378371   0.0005359202   0.0002366405  -0.0007535729   0.0001811532
        0.0014001088
        0.0027391478   0.0004613538   0.0002193261   0.0185559018  -0.0719563422
       -0.0005689943  -0.0590611254  -0.0013661593   0.0000932742   0.0266209344
        0.0799076483   0.0001711180  -0.2761406497   0.0750319009   0.0016589491
        0.6676095230  -0.0235324656  -0.0025421573  -0.2507366287  -0.0567134192
        0.0019903214  -0.0563235783  -0.0063822466  -0.0031211070   0.0000416433
        0.0000789824   0.0000418414   0.0003884357   0.0005291581  -0.0004359632
        0.0003587237   0.0008970113   0.0003351002  -0.0006219060   0.0002886125
       -0.0000607623   0.0010588123  -0.0004560674   0.0000784974  -0.0270854420
        0.0123677913   0.0002024374  -0.0449182511  -0.0092848191   0.0007208927
        0.0007600954  -0.0037070432   0.0007475951  -0.0032456362   0.0038361039
        0.0004696311
        0.0004204331  -0.0049787793  -0.0000564661  -0.0254678331  -0.0256722154
        0.0001308346   0.0054992837   0.0022416841   0.0000186940   0.0228644905
       -0.0414086438  -0.0002866938   0.1498326362  -0.1610429740  -0.0012353072
       -0.0235324656   0.6573140545   0.0018335745  -0.1296375572  -0.1434884091
        0.0008824940   0.0167696080   0.0091253365  -0.0022091076  -0.0012519013
       -0.0007514310   0.0000172916   0.0003470774   0.0000630904  -0.0002332178
        0.0004025376   0.0001284175   0.0002200970   0.0001243211   0.0011257004
       -0.0000248666   0.0001036570  -0.0057907141  -0.0000667242  -0.0124555630
        0.0063844475   0.0001129946  -0.0098631009  -0.2937017946  -0.0004450121
        0.0021284548   0.0017355504   0.0003132960   0.0037159215  -0.0012833199
        0.0010281190
       -0.0001852577  -0.0000285001   0.0064574136  -0.0001954753   0.0001519971
       -0.0008007809   0.0006239072   0.0000854344  -0.0040240101  -0.0001995966
       -0.0012624982   0.0017459693   0.0012399004  -0.0001364034  -0.0420025551
       -0.0025421573   0.0018335745   0.1062611434   0.0011234032   0.0000508740
       -0.0489785439  -0.0008766790   0.0001110460   0.0045349834   0.0000613001
        0.0000379217   0.0001818240  -0.0009651392  -0.0008561591   0.0000392715
        0.0008323244   0.0006173167   0.0000134034  -0.0000017930  -0.0000101801
       -0.0001087157   0.0000193905  -0.0000019604   0.0071595744  -0.0000037293
       -0.0000091756   0.0002935723   0.0003661650  -0.0008865693  -0.0311854037
       -0.0002711488   0.0002659770  -0.0008280656   0.0009745854   0.0000373046
        0.0012409194
       -0.0070738090  -0.0239599703  -0.0005271658  -0.0808214316   0.0190640568
        0.0004850505   0.0249527232   0.0264695528   0.0001663450  -0.0118748384
       -0.0311463320  -0.0000415152  -0.0651209180   0.0321717679   0.0000280912
       -0.2507366287  -0.1296375572   0.0011234032   0.6710407919  -0.0029171076
       -0.0025196419  -0.2372159751   0.0988515482   0.0183734586  -0.0052088113
       -0.0025402332   0.0000340466  -0.0014246910  -0.0015901415   0.0015549171
       -0.0013282795  -0.0023962875  -0.0014692326  -0.0037135496   0.0026561941
        0.0000847216   0.0013501255  -0.0012640399   0.0000192057  -0.0022933161
        0.0029834270   0.0000361180  -0.0016704429  -0.0016743326  -0.0000693799
        0.0029629893   0.0064346263  -0.0070413700  -0.0318239386   0.0084948287
       -0.0102370520
       -0.0086935056  -0.0219005231  -0.0000712784  -0.0498464945  -0.2773377152
       -0.0016198517   0.0780773301  -0.0344930281  -0.0002661730  -0.0315574010
       -0.0456096328  -0.0000703755  -0.0213700378   0.0581071663   0.0003865571
       -0.0567134192  -0.1434884091   0.0000508740  -0.0029171076   0.6489637841
        0.0003159626   0.0963259048  -0.1473008203  -0.0089831996  -0.0022634784
       -0.0020692671  -0.0001293990   0.0014481699  -0.0000866432  -0.0011095195
        0.0014585366   0.0002764224   0.0010593218   0.0020157640   0.0000844163
        0.0001122578  -0.0013625202   0.0001305245   0.0000413921   0.0031262125
       -0.0010512019  -0.0001660744  -0.0261818980  -0.0206111091   0.0000010824
        0.0260569781  -0.0246305115   0.0078898942  -0.0076030336   0.0110165477
        0.0025585291
       -0.0003046004   0.0001112996   0.0005261328   0.0004001462  -0.0026161609
       -0.0532052568  -0.0000780023   0.0002104928  -0.0024965364   0.0002788626
       -0.0002637799  -0.0050578320  -0.0001867460   0.0001788890  -0.0024542970
        0.0019903214   0.0008824940  -0.0489785439  -0.0025196419   0.0003159626
        0.1317029039  -0.0153680849   0.0123781279  -0.0328791087  -0.0000874086
       -0.0000309064   0.0009848030   0.0001355681   0.0001393148   0.0005339626
       -0.0003596629  -0.0003731661   0.0003980530   0.0000248832  -0.0000599221
        0.0083138406   0.0000525947  -0.0000281381   0.0003846039   0.0001589449
       -0.0000020744   0.0081757071  -0.0001628315   0.0000949191   0.0010250044
        0.0067086874  -0.0051046148  -0.0032967045   0.0093169701  -0.0058327372
       -0.0036767320
        0.0021783810  -0.0032629094   0.0001751216  -0.0095067816   0.0175766112
       -0.0003399495   0.0035629537  -0.0031484450   0.0007365706  -0.0026769465
        0.0020493688  -0.0000406911   0.0001978470  -0.0056296079   0.0011880851
       -0.0563235783   0.0167696080  -0.0008766790  -0.2372159751   0.0963259048
       -0.0153680849   0.6316966988   0.0499639115  -0.1189382615  -0.0000656282
       -0.0009049623  -0.0001343434   0.0012303719   0.0000470686  -0.0011921927
        0.0010947234   0.0012677263   0.0010811620  -0.0002549758   0.0005408972
       -0.0000158581  -0.0006614834   0.0004307462  -0.0002153967  -0.0024647799
        0.0003896162   0.0000063329   0.0014947545   0.0011152302  -0.0004050463
       -0.0518665345  -0.0407293902  -0.0000991721  -0.2804190471  -0.1328013741
        0.1344384031
        0.0012163550   0.0007565512   0.0002797277   0.0387506167  -0.0383597482
        0.0008312972  -0.0058209092  -0.0044227833  -0.0005285986   0.0029979604
        0.0014233650  -0.0000162720  -0.0033987006  -0.0027014700  -0.0009683471
       -0.0063822466   0.0091253365   0.0001110460   0.0988515482  -0.1473008203
        0.0123781279   0.0499639115   0.6768139779   0.0418349785   0.0006185282
        0.0002529467  -0.0000891575  -0.0004284528  -0.0003455220   0.0003081246
       -0.0003505651  -0.0002901071  -0.0004743804   0.0015823661  -0.0017586317
        0.0000015581   0.0004197492  -0.0001612688   0.0001601282  -0.0002873771
        0.0004127771   0.0000454334  -0.0017093420   0.0019085291   0.0004276853
       -0.0420417426  -0.3725411007  -0.1162219526  -0.1339816993  -0.1228120312
        0.0619206015
        0.0008063728  -0.0006622810  -0.0026701559  -0.0021766750   0.0036654502
        0.0028986081   0.0024526157  -0.0014810368   0.0050854515  -0.0016300829
        0.0005567682  -0.0001121134   0.0023375408  -0.0008238482   0.0049813117
       -0.0031211070  -0.0022091076   0.0045349834   0.0183734586  -0.0089831996
       -0.0328791087  -0.1189382615   0.0418349785   0.1054317809   0.0001922961
       -0.0000585183   0.0003964722  -0.0000699386   0.0007509535   0.0000292959
        0.0006553929   0.0002066486   0.0006039414   0.0000053336   0.0002841571
       -0.0000970961  -0.0003278826   0.0002039155  -0.0011065872  -0.0002327500
       -0.0001326597  -0.0000048109  -0.0002878750   0.0000483897  -0.0016720040
       -0.0032989674  -0.0861372252  -0.0335269126   0.1052605294   0.0529366150
       -0.0518930562
       -0.0486425459   0.0389953133   0.0016393724   0.0020222748  -0.0262530698
       -0.0011892428   0.0008294918  -0.0025869865   0.0000159147   0.0002603818
        0.0000405697   0.0000041074   0.0001215735   0.0000235955  -0.0000021446
        0.0000416433  -0.0012519013   0.0000613001  -0.0052088113  -0.0022634784
       -0.0000874086  -0.0000656282   0.0006185282   0.0001922961   0.0585998319
       -0.0431771389  -0.0021795845  -0.0032861363   0.0172000424   0.0025099132
       -0.0035526270   0.0182227411  -0.0007010767  -0.0012095412   0.0005886679
       -0.0000283487   0.0001071917   0.0000373633  -0.0000045807   0.0000403502
        0.0000622800  -0.0000038872  -0.0003252649  -0.0002340773   0.0000026377
        0.0001038380   0.0001086925  -0.0000206733   0.0001639777  -0.0001311417
       -0.0002085945
        0.0386122504  -0.2783114799  -0.0109639119  -0.0023139095  -0.0203012993
       -0.0007441135   0.0022336978   0.0011901968   0.0000339120   0.0003399203
       -0.0001213418   0.0000413990   0.0002427327   0.0002990749  -0.0000082107
        0.0000789824  -0.0007514310   0.0000379217  -0.0025402332  -0.0020692671
       -0.0000309064  -0.0009049623   0.0002529467  -0.0000585183  -0.0431771389
        0.3233127810   0.0127880859   0.0039642419  -0.0109983004  -0.0029995907
        0.0045370406  -0.0134657170   0.0018060674  -0.0005430557   0.0007341499
       -0.0000257775   0.0000123098   0.0001092594   0.0000010287  -0.0000834236
       -0.0000117024  -0.0000125177  -0.0002478474  -0.0002692688   0.0000101982
       -0.0000495508   0.0001368253  -0.0000016461  -0.0001610546   0.0002645736
        0.0001265800
        0.0014486660  -0.0107452333  -0.0448062435   0.0001421500  -0.0002048353
        0.0003324774   0.0000588034   0.0000231402  -0.0000945776   0.0000095200
        0.0000029906  -0.0000142280  -0.0000066825   0.0000182221   0.0000499737
        0.0000418414   0.0000172916   0.0001818240   0.0000340466  -0.0001293990
        0.0009848030  -0.0001343434  -0.0000891575   0.0003964722  -0.0021795845
        0.0127880859   0.0473356949   0.0069039644  -0.0285191696  -0.0035822220
       -0.0062811457   0.0265105891  -0.0003597292  -0.0000666081   0.0000311661
        0.0000805885   0.0000018081   0.0000044900  -0.0000250232  -0.0000037403
        0.0000015720  -0.0000166613  -0.0000020976   0.0000019969  -0.0001254290
        0.0000027236   0.0000211981  -0.0000330106   0.0000306786   0.0002670522
       -0.0003047092
       -0.0973681495   0.0263388861   0.1004280010  -0.0226108076   0.0018513210
        0.0220857095  -0.0017703106  -0.0025450286   0.0010017424  -0.0011418109
       -0.0004832197  -0.0016255445  -0.0002128322   0.0006721207   0.0000091719
        0.0003884357   0.0003470774  -0.0009651392  -0.0014246910   0.0014481699
        0.0001355681   0.0012303719  -0.0004284528  -0.0000699386  -0.0032861363
        0.0039642419   0.0069039644   0.1177366694  -0.0278704472  -0.1156172369
        0.0080818901  -0.0029038704  -0.0133985320   0.0000771527  -0.0001230615
        0.0004766219  -0.0002883201  -0.0000314210  -0.0001007097  -0.0000557254
       -0.0000267314   0.0002835760   0.0000562251  -0.0000348306   0.0000641617
        0.0000178449   0.0001917035   0.0001433468   0.0005701939  -0.0003664572
        0.0002452372
        0.0231787644  -0.0527094727  -0.0389356917  -0.0068294915   0.0036730630
        0.0116669915  -0.0007879622  -0.0005193093   0.0003603427  -0.0002105337
        0.0000242304  -0.0004797521  -0.0002159344   0.0002597269   0.0000315259
        0.0005291581   0.0000630904  -0.0008561591  -0.0015901415  -0.0000866432
        0.0001393148   0.0000470686  -0.0003455220   0.0007509535   0.0172000424
       -0.0109983004  -0.0285191696  -0.0278704472   0.0594809988   0.0474815789
       -0.0036898039   0.0026056707   0.0082958298  -0.0000860197  -0.0000448038
        0.0000490931  -0.0000894307  -0.0000450114  -0.0000368075   0.0000307653
       -0.0000109072   0.0001341328   0.0000159315  -0.0000053120   0.0000583161
       -0.0000485045  -0.0000308979  -0.0000883240   0.0004165388  -0.0013106003
       -0.0000521753
        0.0976094299  -0.0414868846  -0.2034473162   0.0045908407   0.0016938508
        0.0007518545  -0.0006472059   0.0004325109  -0.0003946595  -0.0000835315
        0.0003172518   0.0001657332   0.0000612199  -0.0003259628   0.0000063958
       -0.0004359632  -0.0002332178   0.0000392715   0.0015549171  -0.0011095195
        0.0005339626  -0.0011921927   0.0003081246   0.0000292959   0.0025099132
       -0.0029995907  -0.0035822220  -0.1156172369   0.0474815789   0.2351740841
        0.0119359405  -0.0056501106  -0.0292010326  -0.0000462457   0.0000652276
       -0.0000866177   0.0000564965  -0.0000286585   0.0000376048   0.0000532089
        0.0000478270  -0.0000241280  -0.0000350984   0.0000718760  -0.0000210860
       -0.0002564614  -0.0002928070  -0.0001123084  -0.0000580309   0.0017085038
        0.0001311680
       -0.1067059903   0.0382251290  -0.1030242465  -0.0232657850   0.0038487747
       -0.0209910459  -0.0022259039  -0.0025956751  -0.0011170625  -0.0011166402
       -0.0003490561   0.0015693339  -0.0001617008   0.0005734974   0.0000029475
        0.0003587237   0.0004025376   0.0008323244  -0.0013282795   0.0014585366
       -0.0003596629   0.0010947234  -0.0003505651   0.0006553929  -0.0035526270
        0.0045370406  -0.0062811457   0.0080818901  -0.0036898039   0.0119359405
        0.1283701334  -0.0420091279   0.1179701554   0.0000873881  -0.0001764243
       -0.0004605122  -0.0002990201  -0.0000529350   0.0001073227  -0.0000425618
       -0.0000296751  -0.0002643394   0.0000652519  -0.0000089734  -0.0000783247
        0.0000545455   0.0002491924  -0.0000318429   0.0005858525  -0.0000324725
       -0.0004652344
        0.0360116002  -0.0623068303   0.0530369582  -0.0072744444   0.0046932070
       -0.0108603781  -0.0007510903  -0.0006503520  -0.0004083107  -0.0003646576
       -0.0001130670   0.0004671516  -0.0003652822   0.0004642344  -0.0000354243
        0.0008970113   0.0001284175   0.0006173167  -0.0023962875   0.0002764224
       -0.0003731661   0.0012677263  -0.0002901071   0.0002066486   0.0182227411
       -0.0134657170   0.0265105891  -0.0029038704   0.0026056707  -0.0056501106
       -0.0420091279   0.0699499308  -0.0623157162  -0.0001205567  -0.0000130405
       -0.0000263102  -0.0001151184  -0.0000431941   0.0000603330   0.0000215823
       -0.0000050554  -0.0001044510   0.0000059013   0.0000053400  -0.0000511776
        0.0000394817   0.0001374703   0.0001654031  -0.0001656086  -0.0013733299
       -0.0012393555
       -0.1006254211   0.0541533471  -0.1908380921  -0.0041327164  -0.0013271667
        0.0005784757   0.0003608926  -0.0003273315  -0.0003618755   0.0002103116
       -0.0001526320   0.0001453662  -0.0000028258   0.0001997510   0.0000029441
        0.0003351002   0.0002200970   0.0000134034  -0.0014692326   0.0010593218
        0.0003980530   0.0010811620  -0.0004743804   0.0006039414  -0.0007010767
        0.0018060674  -0.0003597292  -0.0133985320   0.0082958298  -0.0292010326
        0.1179701554  -0.0623157162   0.2202626711   0.0000514891  -0.0000883580
       -0.0000688499  -0.0000358992   0.0000168240   0.0000289623  -0.0000328162
       -0.0000442529  -0.0000182006   0.0000421125  -0.0000502777  -0.0000290395
        0.0002475684   0.0003032569  -0.0000658439   0.0000997279  -0.0012743794
       -0.0010911537
        0.0009398665   0.0021590319   0.0000280577  -0.0009481269   0.0248043731
        0.0000720586  -0.0443430396  -0.0060612479   0.0000145693  -0.0019964971
       -0.0270305451  -0.0000734599  -0.0042860961  -0.0027476593   0.0000245975
       -0.0006219060   0.0001243211  -0.0000017930  -0.0037135496   0.0020157640
        0.0000248832  -0.0002549758   0.0015823661   0.0000053336  -0.0012095412
       -0.0005430557  -0.0000666081   0.0000771527  -0.0000860197  -0.0000462457
        0.0000873881  -0.0001205567   0.0000514891   0.0560729472   0.0077748068
       -0.0000379305   0.0007123108  -0.0007918015  -0.0000080178  -0.0003407609
       -0.0014815427   0.0000010602  -0.0000455764  -0.0000075808  -0.0000001521
       -0.0002836309   0.0002897232   0.0000036780   0.0001540351   0.0001196232
        0.0000084800
       -0.0018407358   0.0015370148   0.0000084523   0.0016120729  -0.0219671671
       -0.0000770460  -0.0059773544  -0.2932277434  -0.0007845530  -0.0019987127
       -0.0183291119  -0.0000501257  -0.0035361435  -0.0001858312  -0.0000046133
        0.0002886125   0.0011257004  -0.0000101801   0.0026561941   0.0000844163
       -0.0000599221   0.0005408972  -0.0017586317   0.0002841571   0.0005886679
        0.0007341499   0.0000311661  -0.0001230615  -0.0000448038   0.0000652276
       -0.0001764243  -0.0000130405  -0.0000883580   0.0077748068   0.3326381561
        0.0008934288   0.0004273137   0.0009890663   0.0000055956  -0.0003423558
       -0.0012475903   0.0000028550   0.0000264497  -0.0001582093  -0.0000086206
        0.0002541416  -0.0001266017  -0.0000448556  -0.0001743685  -0.0000497727
       -0.0001626082
        0.0000399133   0.0000982674  -0.0025744095  -0.0000079919  -0.0003144410
        0.0006807420  -0.0000743082  -0.0007582089  -0.0338866315   0.0000577724
        0.0000864841   0.0005954135   0.0000564102  -0.0000728696   0.0074767703
       -0.0000607623  -0.0000248666  -0.0001087157   0.0000847216   0.0001122578
        0.0083138406  -0.0000158581   0.0000015581  -0.0000970961  -0.0000283487
       -0.0000257775   0.0000805885   0.0004766219   0.0000490931  -0.0000866177
       -0.0004605122  -0.0000263102  -0.0000688499  -0.0000379305   0.0008934288
        0.0239664416  -0.0000051515   0.0000086514  -0.0025733547  -0.0000039575
       -0.0000050330   0.0000545071  -0.0000089648   0.0000010148  -0.0015761375
       -0.0000312224  -0.0000203059  -0.0002671814   0.0000195687  -0.0000029429
        0.0000706905
       -0.0013118968   0.0007738338  -0.0000163234  -0.0040007416  -0.0029856719
        0.0000207263  -0.0262709524   0.0145422764   0.0001395727  -0.2257188556
        0.1139517594   0.0009106955  -0.0015206705   0.0015413673   0.0000117203
        0.0010588123   0.0001036570   0.0000193905   0.0013501255  -0.0013625202
        0.0000525947  -0.0006614834   0.0004197492  -0.0003278826   0.0001071917
        0.0000123098   0.0000018081  -0.0002883201  -0.0000894307   0.0000564965
       -0.0002990201  -0.0001151184  -0.0000358992   0.0007123108   0.0004273137
       -0.0000051515   0.2559084190  -0.1269198693  -0.0010468169   0.0010309796
       -0.0005452519  -0.0000148255  -0.0002437399   0.0002443329   0.0000188084
        0.0000352569  -0.0000307967   0.0001281983   0.0001125846   0.0000320596
        0.0000868877
       -0.0005643861   0.0002305920  -0.0000002995  -0.0025334725  -0.0006150460
        0.0000031929  -0.0105109854   0.0062905366   0.0000607843   0.1139608829
       -0.1156439165  -0.0005581252   0.0267890536  -0.0184221194  -0.0001358448
       -0.0004560674  -0.0057907141  -0.0000019604  -0.0012640399   0.0001305245
       -0.0000281381   0.0004307462  -0.0001612688   0.0002039155   0.0000373633
        0.0001092594   0.0000044900  -0.0000314210  -0.0000450114  -0.0000286585
       -0.0000529350  -0.0000431941   0.0000168240  -0.0007918015   0.0009890663
        0.0000086514  -0.1269198693   0.1335680870   0.0006412906   0.0005369397
        0.0006571621  -0.0000014730   0.0014414501  -0.0013298215  -0.0000486288
       -0.0000677198   0.0000684655  -0.0000250372  -0.0000037379   0.0000073982
       -0.0001109831
        0.0000497005   0.0000144848   0.0002682948   0.0000035875  -0.0000189972
        0.0069786599   0.0000572857  -0.0000620060  -0.0003645335   0.0008765421
       -0.0005151512  -0.0308416912   0.0000243518  -0.0000286513  -0.0005129753
        0.0000784974  -0.0000667242   0.0071595744   0.0000192057   0.0000413921
        0.0003846039  -0.0002153967   0.0001601282  -0.0011065872  -0.0000045807
        0.0000010287  -0.0000250232  -0.0001007097  -0.0000368075   0.0000376048
        0.0001073227   0.0000603330   0.0000289623  -0.0000080178   0.0000055956
       -0.0025733547  -0.0010468169   0.0006412906   0.0230307188   0.0000018199
        0.0000096959  -0.0025399630   0.0000156924  -0.0000288109   0.0004168069
        0.0000061764  -0.0001529574  -0.0001763407   0.0001353397  -0.0000238432
       -0.0001647570
        0.0000915814   0.0000074699  -0.0000118479   0.0005720290   0.0009839568
        0.0000097753   0.0014864038  -0.0006924720  -0.0000032301  -0.0034835634
       -0.0027726211   0.0000128043  -0.2382488847  -0.1054587590   0.0005711628
       -0.0270854420  -0.0124555630  -0.0000037293  -0.0022933161   0.0031262125
        0.0001589449  -0.0024647799  -0.0002873771  -0.0002327500   0.0000403502
       -0.0000834236  -0.0000037403  -0.0000557254   0.0000307653   0.0000532089
       -0.0000425618   0.0000215823  -0.0000328162  -0.0003407609  -0.0003423558
       -0.0000039575   0.0010309796   0.0005369397   0.0000018199   0.2702808607
        0.1177315093  -0.0006770924   0.0007765109  -0.0004132377  -0.0000221807
        0.0000304887  -0.0002192788   0.0001796469  -0.0002941700   0.0002866525
        0.0000039813
       -0.0000629938   0.0001739030  -0.0000010742   0.0007788610  -0.0001318040
        0.0000028186   0.0001722945  -0.0060293959  -0.0000367697  -0.0277368239
       -0.0164588395   0.0000930050  -0.1056779439  -0.1020470314   0.0002045310
        0.0123677913   0.0063844475  -0.0000091756   0.0029834270  -0.0010512019
       -0.0000020744   0.0003896162   0.0004127771  -0.0001326597   0.0000622800
       -0.0000117024   0.0000015720  -0.0000267314  -0.0000109072   0.0000478270
       -0.0000296751  -0.0000050554  -0.0000442529  -0.0014815427  -0.0012475903
       -0.0000050330  -0.0005452519   0.0006571621   0.0000096959   0.1177315093
        0.1183061645  -0.0002094919   0.0008306091   0.0010020898   0.0000075267
       -0.0000004661   0.0000930039   0.0000571075   0.0002450404  -0.0000360198
        0.0000164477
        0.0000205414   0.0000240279  -0.0016288970  -0.0000221838   0.0000383306
        0.0001042109   0.0000130496  -0.0000238852   0.0076594330  -0.0000533124
        0.0000557846   0.0004598439   0.0005476224   0.0001108604  -0.0336124263
        0.0002024374   0.0001129946   0.0002935723   0.0000361180  -0.0001660744
        0.0081757071   0.0000063329   0.0000454334  -0.0000048109  -0.0000038872
       -0.0000125177  -0.0000166613   0.0002835760   0.0001341328  -0.0000241280
       -0.0002643394  -0.0001044510  -0.0000182006   0.0000010602   0.0000028550
        0.0000545071  -0.0000148255  -0.0000014730  -0.0025399630  -0.0006770924
       -0.0002094919   0.0240054625  -0.0000109790   0.0000243693  -0.0028205960
       -0.0000136048  -0.0000180522   0.0000411071  -0.0000505134  -0.0000128434
       -0.0001281609
       -0.0000602077  -0.0014524932  -0.0000499243  -0.0044759516  -0.0019693922
        0.0000335555  -0.0005889231   0.0000959525   0.0000090753  -0.0038961647
        0.0028643354   0.0000657130  -0.0002002895   0.0261024466   0.0000696512
       -0.0449182511  -0.0098631009   0.0003661650  -0.0016704429  -0.0261818980
       -0.0001628315   0.0014947545  -0.0017093420  -0.0002878750  -0.0003252649
       -0.0002478474  -0.0000020976   0.0000562251   0.0000159315  -0.0000350984
        0.0000652519   0.0000059013   0.0000421125  -0.0000455764   0.0000264497
       -0.0000089648  -0.0002437399   0.0014414501   0.0000156924   0.0007765109
        0.0008306091  -0.0000109790   0.0545785643   0.0091448645  -0.0005032267
       -0.0008894032   0.0006553463   0.0005154099   0.0003429083   0.0002407867
       -0.0000563774
        0.0001313806  -0.0010151506   0.0000115487  -0.0032249417  -0.0000478689
       -0.0000315971  -0.0000337338   0.0010802287   0.0000023853   0.0036597575
       -0.0003709711  -0.0000498686   0.0009551865  -0.0201682528  -0.0000093193
       -0.0092848191  -0.2937017946  -0.0008865693  -0.0016743326  -0.0206111091
        0.0000949191   0.0011152302   0.0019085291   0.0000483897  -0.0002340773
       -0.0002692688   0.0000019969  -0.0000348306  -0.0000053120   0.0000718760
       -0.0000089734   0.0000053400  -0.0000502777  -0.0000075808  -0.0001582093
        0.0000010148   0.0002443329  -0.0013298215  -0.0000288109  -0.0004132377
        0.0010020898   0.0000243693   0.0091448645   0.3330737167   0.0007918944
       -0.0008975791   0.0003724784   0.0002898924   0.0005633539   0.0002353761
       -0.0002818436
        0.0000131932   0.0000323935  -0.0004124598  -0.0000514857   0.0000536169
        0.0071799720   0.0001102691   0.0000226964  -0.0001233239   0.0000774888
       -0.0001495334   0.0076963653  -0.0000497771  -0.0003472013  -0.0004235619
        0.0007208927  -0.0004450121  -0.0311854037  -0.0000693799   0.0000010824
        0.0010250044  -0.0004050463   0.0004276853  -0.0016720040   0.0000026377
        0.0000101982  -0.0001254290   0.0000641617   0.0000583161  -0.0000210860
       -0.0000783247  -0.0000511776  -0.0000290395  -0.0000001521  -0.0000086206
       -0.0015761375   0.0000188084  -0.0000486288   0.0004168069  -0.0000221807
        0.0000075267  -0.0028205960  -0.0005032267   0.0007918944   0.0225517129
       -0.0000369763  -0.0003486512  -0.0004858792   0.0002090980  -0.0000065847
        0.0000050590
        0.0000022090  -0.0007001881   0.0001374053  -0.0047745930   0.0031317506
        0.0003900617   0.0001159591   0.0012889437  -0.0003474965   0.0001102204
       -0.0000594425   0.0000529933   0.0000307356  -0.0002963533  -0.0000378371
        0.0007600954   0.0021284548  -0.0002711488   0.0029629893   0.0260569781
        0.0067086874  -0.0518665345  -0.0420417426  -0.0032989674   0.0001038380
       -0.0000495508   0.0000027236   0.0000178449  -0.0000485045  -0.0002564614
        0.0000545455   0.0000394817   0.0002475684  -0.0002836309   0.0002541416
       -0.0000312224   0.0000352569  -0.0000677198   0.0000061764   0.0000304887
       -0.0000004661  -0.0000136048  -0.0008894032  -0.0008975791  -0.0000369763
        0.0564322886   0.0360542403   0.0043707950  -0.0028423099  -0.0247924441
       -0.0076226966
        0.0002515236   0.0000914209   0.0000006327   0.0026030088  -0.0000950025
       -0.0005978954  -0.0000841432  -0.0011721969   0.0004850388  -0.0001913851
        0.0006872820   0.0000362406   0.0002488928  -0.0009849734   0.0005359202
       -0.0037070432   0.0017355504   0.0002659770   0.0064346263  -0.0246305115
       -0.0051046148  -0.0407293902  -0.3725411007  -0.0861372252   0.0001086925
        0.0001368253   0.0000211981   0.0001917035  -0.0000308979  -0.0002928070
        0.0002491924   0.0001374703   0.0003032569   0.0002897232  -0.0001266017
       -0.0000203059  -0.0000307967   0.0000684655  -0.0001529574  -0.0002192788
        0.0000930039  -0.0000180522   0.0006553463   0.0003724784  -0.0003486512
        0.0360542403   0.4105509506   0.0960871060  -0.0021249124  -0.0142921629
       -0.0050628611
       -0.0000616044   0.0003674937   0.0003414435   0.0000319631  -0.0011998844
        0.0021682987  -0.0013646921   0.0005984530   0.0012068985   0.0006884930
        0.0003769870   0.0000285832  -0.0001272376  -0.0001060745   0.0002366405
        0.0007475951   0.0003132960  -0.0008280656  -0.0070413700   0.0078898942
       -0.0032967045  -0.0000991721  -0.1162219526  -0.0335269126  -0.0000206733
       -0.0000016461  -0.0000330106   0.0001433468  -0.0000883240  -0.0001123084
       -0.0000318429   0.0001654031  -0.0000658439   0.0000036780  -0.0000448556
       -0.0002671814   0.0001281983  -0.0000250372  -0.0001763407   0.0001796469
        0.0000571075   0.0000411071   0.0005154099   0.0002898924  -0.0004858792
        0.0043707950   0.0960871060   0.0350316972   0.0019374664   0.0115421416
       -0.0002624219
        0.0001439500  -0.0003442146  -0.0002743519   0.0009533312  -0.0029928573
       -0.0003065917  -0.0010456492  -0.0001477014  -0.0004161273   0.0005837890
        0.0000379147   0.0000072206  -0.0013757048  -0.0006467938  -0.0007535729
       -0.0032456362   0.0037159215   0.0009745854  -0.0318239386  -0.0076030336
        0.0093169701  -0.2804190471  -0.1339816993   0.1052605294   0.0001639777
       -0.0001610546   0.0000306786   0.0005701939   0.0004165388  -0.0000580309
        0.0005858525  -0.0001656086   0.0000997279   0.0001540351  -0.0001743685
        0.0000195687   0.0001125846  -0.0000037379   0.0001353397  -0.0002941700
        0.0002450404  -0.0000505134   0.0003429083   0.0005633539   0.0002090980
       -0.0028423099  -0.0021249124   0.0019374664   0.3174358335   0.1433672125
       -0.1161319967
        0.0000042618   0.0000819454  -0.0009888510   0.0018018493  -0.0009928608
       -0.0002036557  -0.0005584218   0.0000707885   0.0002293131   0.0001598384
        0.0000132326  -0.0000058230   0.0003390948   0.0006179241   0.0001811532
        0.0038361039  -0.0012833199   0.0000373046   0.0084948287   0.0110165477
       -0.0058327372  -0.1328013741  -0.1228120312   0.0529366150  -0.0001311417
        0.0002645736   0.0002670522  -0.0003664572  -0.0013106003   0.0017085038
       -0.0000324725  -0.0013733299  -0.0012743794   0.0001196232  -0.0000497727
       -0.0000029429   0.0000320596   0.0000073982  -0.0000238432   0.0002866525
       -0.0000360198  -0.0000128434   0.0002407867   0.0002353761  -0.0000065847
       -0.0247924441  -0.0142921629   0.0115421416   0.1433672125   0.1298423112
       -0.0585504230
       -0.0010705786   0.0001223996   0.0005834004   0.0018492846  -0.0006896548
       -0.0000874323  -0.0005078287   0.0003214000   0.0000213003   0.0003839954
       -0.0004637308  -0.0000483993  -0.0011855416   0.0005195585   0.0014001088
        0.0004696311   0.0010281190   0.0012409194  -0.0102370520   0.0025585291
       -0.0036767320   0.1344384031   0.0619206015  -0.0518930562  -0.0002085945
        0.0001265800  -0.0003047092   0.0002452372  -0.0000521753   0.0001311680
       -0.0004652344  -0.0012393555  -0.0010911537   0.0000084800  -0.0001626082
        0.0000706905   0.0000868877  -0.0001109831  -0.0001647570   0.0000039813
        0.0000164477  -0.0001281609  -0.0000563774  -0.0002818436   0.0000050590
       -0.0076226966  -0.0050628611  -0.0002624219  -0.1161319967  -0.0585504230
        0.0542041764
