           1           2   1.01931702902893     
           2           3  0.995581737526969     
           3           4   1.01070173899268     
           3           5  0.995621973866635     
           5           6   1.01928792436447     
           1           7  0.986941234470117     
           1           8  0.985349100380484     
           1           9  0.987537709968356     
           2          10  0.976975587833875     
           2          11  0.977764328030808     
           3          12  0.968011296281771     
           4          13  0.983417140914270     
           4          14  0.986703139459210     
           4          15  0.983393959102882     
           5          16  0.977773054686666     
           5          17  0.976989485522795     
           6          18  0.986936048617246     
           6          19  0.985341701868968     
           6          20  0.987560813368342     
