   -0.13049579
    0.08090785
   -0.26622856
    0.36942675
   -0.46251373
   -0.25962842
    0.08603164
   -0.12056371
   -0.13092434
    0.03725876
   -0.11615485
    0.36437989
   -0.47981600
   -0.25165867
    0.06956367
   -0.13405667
   -0.24782898
    0.08174620
   -0.13388300
    0.05998490
    0.08286587
    0.07423583
    0.05190481
    0.08834760
    0.08157676
    0.05137173
    0.07457825
    0.07799570
    0.04905038
    0.11524703
    0.08047212
    0.07418907
    0.09801235
    0.07273490
    0.06806465
    0.08957144
    0.05385593
    0.06899598
    0.07902701
    0.06912655
    0.08322910
