   -0.12480061
    0.07024192
   -0.26557927
    0.36807263
   -0.48440351
   -0.26238009
    0.09045571
   -0.12424781
   -0.10679856
    0.03059983
   -0.12810244
    0.36081336
   -0.47047251
   -0.26611699
    0.07608369
   -0.12945431
   -0.25729425
    0.07566210
   -0.12726544
    0.05508857
    0.06545427
    0.08730365
    0.09605593
    0.07375752
    0.04730964
    0.08095073
    0.07993546
    0.07321987
    0.05476554
    0.07968560
    0.12866362
    0.06010113
    0.09191185
    0.08598222
    0.07585536
    0.05084125
    0.07419565
    0.09019570
    0.06770128
    0.09006330
    0.06594841
