           1           2   1.02316313096631     
           2           3  0.880952976016875     
           3           4   1.32318418881994     
           4           5   1.48847668457228     
           4           6   1.31725644157667     
           6           7  0.885655466995712     
           7           8   1.02201353179331     
           4           9   1.01567813949740     
           5           9  0.136388801309813     
           9          10  0.983113728826557     
          10          11  0.986714707663275     
          11          12  0.963783283829118     
          11          13  0.138252399062376     
          12          13   1.52376410482228     
          12          14   1.30662326473897     
          14          15  0.889704854544604     
          15          16   1.02145658877519     
          12          17   1.36190035555089     
          17          18  0.861009528064410     
          18          19   1.02371485715232     
           1          20  0.972366329330112     
           1          21  0.981877954031591     
           1          22  0.975442574481522     
           2          23  0.963645335826557     
           2          24  0.968447438011983     
           7          25  0.965978370478338     
           7          26  0.966196862488778     
           8          27  0.976857287879749     
           8          28  0.982322893499895     
           8          29  0.976116048681644     
          10          30  0.941676571706353     
          10          31  0.954872087992827     
          15          32  0.969608424591303     
          15          33  0.964054989858959     
          16          34  0.976165859328847     
          16          35  0.980938868808020     
          16          36  0.976293729229766     
          18          37  0.969977066974012     
          18          38  0.965090900443321     
          19          39  0.970324687182743     
          19          40  0.973093876343970     
          19          41  0.982212373329723     
