$hessian                                                                        
        0.6908444842  -0.0215146391  -0.0000038679  -0.0977559756  -0.0729846191
        0.0000007988   0.0051116970  -0.0318808439   0.0000001550  -0.0052671663
        0.0137758408  -0.0000001020   0.0033110349  -0.0004744359  -0.0000000368
       -0.0008362324   0.0058891496  -0.0000000366  -0.0058538101  -0.0049472259
        0.0000000975   0.0050743721  -0.0054776554   0.0000000346  -0.0636132409
        0.0054126809   0.0000004565  -0.2605663008   0.1756290926   0.0000004491
       -0.0003616127  -0.0004166646   0.0000000018  -0.2704006813  -0.0810876836
        0.0000020434   0.0021074150   0.0231685016  -0.0000001406  -0.0048743164
       -0.0027015975   0.0000001266   0.0002329587   0.0001430934  -0.0000000059
       -0.0003258026  -0.0001750825   0.0000000034   0.0001482231  -0.0003742822
        0.0000000009   0.0029900612  -0.0019901577   0.0000000172   0.0000348930
        0.0000065283   0.0000000053
       -0.0215146391   0.6310778638  -0.0000028378   0.0056966139  -0.2852721763
        0.0000012088  -0.0862249488  -0.0200312253   0.0000008155   0.0319102926
       -0.0335724187  -0.0000001362  -0.0176566377   0.0012303203   0.0000001588
        0.0056596724  -0.0170653750   0.0000000777   0.0117328218   0.0141520351
       -0.0000002227  -0.0243735133   0.0066205947   0.0000002036   0.0530971781
        0.0272057485  -0.0000005725   0.1028403606  -0.2089389051   0.0000003455
        0.0002496615   0.0008364505   0.0000000124  -0.0808688205  -0.0726610353
        0.0000007727  -0.0010244376  -0.0212705436   0.0000001604  -0.0018519936
        0.0005984848   0.0000000734   0.0000584856   0.0003815197   0.0000000023
       -0.0001310960   0.0001171768  -0.0000000083  -0.0003166259  -0.0000316146
        0.0000000005   0.0227618225  -0.0234705772  -0.0000000416  -0.0000441964
        0.0000936770  -0.0000000125
       -0.0000038679  -0.0000028378   0.1129523124   0.0000003176   0.0000018432
       -0.0490090826   0.0000005026   0.0000003577   0.0011684238  -0.0000002000
        0.0000000801  -0.0057275830   0.0000000644  -0.0000000196  -0.0001308496
       -0.0000000432   0.0000000609   0.0003637694  -0.0000000267  -0.0000000398
        0.0002551829   0.0000001529   0.0000000427   0.0059661776   0.0000001720
       -0.0000001834   0.0012351431   0.0000008923  -0.0000002425  -0.0434110466
        0.0000000127  -0.0000000002   0.0000439512   0.0000020555   0.0000007686
       -0.0337271848  -0.0000000025  -0.0000000579   0.0011771933   0.0000001243
        0.0000000691   0.0092997837   0.0000000012  -0.0000000024  -0.0002121034
       -0.0000000017  -0.0000000067  -0.0008515129  -0.0000000004  -0.0000000010
       -0.0001443127  -0.0000001590   0.0000001669   0.0007628768   0.0000000058
        0.0000000023  -0.0000111385
       -0.0977559756   0.0056966139   0.0000003176   0.6981467433  -0.0005167762
       -0.0000046496  -0.3438030924  -0.1289191781   0.0000032044  -0.0716110825
        0.0295847890   0.0000004594   0.0147019230   0.0023155678  -0.0000001090
       -0.0071827970   0.0122967659  -0.0000000079  -0.0059951606  -0.0086340754
        0.0000001300   0.0091361559  -0.0028385091  -0.0000000536  -0.0229435837
       -0.0161770610   0.0000002112   0.0396455373   0.0104956592  -0.0000003671
        0.0008427811   0.0001242634  -0.0000000223  -0.0075004993  -0.0280864907
        0.0000002280  -0.1968957607   0.1251559037   0.0000005350  -0.0065858145
       -0.0041222533   0.0000000574   0.0003570124   0.0001913754  -0.0000000114
        0.0001119429  -0.0000822240   0.0000000027   0.0001902147  -0.0001494163
        0.0000000027  -0.0028655843   0.0039103907   0.0000000675   0.0000070400
       -0.0002453448   0.0000000050
       -0.0729846191  -0.2852721763   0.0000018432  -0.0005167762   0.6247631601
       -0.0000028822  -0.0565086425  -0.1276240657   0.0000009781  -0.0174900448
        0.0365736428  -0.0000000352   0.0209086639  -0.0034478504  -0.0000001409
       -0.0046192760   0.0152186052  -0.0000000660  -0.0089806897  -0.0110045397
        0.0000001755   0.0151648349  -0.0046620798  -0.0000000970  -0.0358199547
       -0.0155493217   0.0000003186   0.0656498699  -0.0547255095  -0.0000001837
       -0.0001665472  -0.0008074191  -0.0000000074  -0.0038406394  -0.0116918319
        0.0000000996   0.1248874502  -0.1459285099  -0.0000003665  -0.0288972100
       -0.0141606471   0.0000003155   0.0001445285  -0.0003075979  -0.0000000084
       -0.0001043759  -0.0000073382   0.0000000000   0.0000235572   0.0003135465
       -0.0000000022   0.0030558294  -0.0015212222   0.0000000561   0.0000940415
       -0.0001588452   0.0000000029
        0.0000007988   0.0000012088  -0.0490090826  -0.0000046496  -0.0000028822
        0.1143650499   0.0000027139   0.0000015639  -0.0430505110   0.0000007381
       -0.0000004866   0.0006219936  -0.0000001840   0.0000000404   0.0054433078
        0.0000000894  -0.0000001911   0.0008519648   0.0000001040   0.0000001413
        0.0001936645  -0.0000001642   0.0000000510  -0.0001772538   0.0000003499
        0.0000001976  -0.0057004001  -0.0000007161   0.0000002736   0.0010806054
       -0.0000000029   0.0000000014  -0.0008669500   0.0000000834   0.0000002735
        0.0009117571   0.0000005576  -0.0000003524  -0.0343132733   0.0000002291
        0.0000001220   0.0005211027  -0.0000000006   0.0000000005  -0.0001002649
       -0.0000000035   0.0000000006   0.0000425879  -0.0000000037  -0.0000000012
       -0.0001587562   0.0000000697   0.0000000403   0.0092908303  -0.0000000092
       -0.0000000015   0.0000536279
        0.0051116970  -0.0862249488   0.0000005026  -0.3438030924  -0.0565086425
        0.0000027139   0.6758238627   0.0459702574  -0.0000050584  -0.1785449568
        0.0848240815   0.0000006457  -0.0691236632   0.0182915735   0.0000005592
        0.0075740527  -0.0247983928   0.0000001682   0.0086479160   0.0140388739
       -0.0000002034  -0.0126263420   0.0021461834   0.0000001602   0.0383584346
        0.0352963661  -0.0000004998  -0.0525386675   0.0132785429   0.0000003039
       -0.0035312544   0.0010828454   0.0000000412   0.0009750938  -0.0009550671
        0.0000000418  -0.0263460304  -0.0062501853   0.0000002794  -0.0510279953
       -0.0422690903   0.0000004369   0.0010628647   0.0017337492  -0.0000000391
        0.0000955235   0.0000802212  -0.0000000227   0.0001270809  -0.0004826277
       -0.0000000003  -0.0003927795   0.0002404010  -0.0000000183   0.0001582554
        0.0005058590  -0.0000000110
       -0.0318808439  -0.0200312253   0.0000003577  -0.1289191781  -0.1276240657
        0.0000015639   0.0459702574   0.6440489443  -0.0000033326   0.1191867468
       -0.1747064996  -0.0000003383   0.0078646921   0.0068276035  -0.0000001219
       -0.0030610831   0.0067817894   0.0000000093  -0.0028518355  -0.0043763138
        0.0000000701   0.0022839662  -0.0065604478   0.0000000569   0.0133678197
       -0.0364672932   0.0000001352   0.0060495961   0.0016677708  -0.0000000874
       -0.0029613749  -0.0005047855   0.0000000505  -0.0015372141  -0.0058059320
        0.0000000728   0.0183272441   0.0054282941  -0.0000001726  -0.0410026846
       -0.2898275943   0.0000017625  -0.0021397579   0.0011165353   0.0000000026
       -0.0002047329   0.0001267431  -0.0000000163   0.0010469734  -0.0009644894
       -0.0000000030   0.0002721121   0.0008854382  -0.0000000033   0.0001892971
       -0.0000144721  -0.0000000059
        0.0000001550   0.0000008155   0.0011684238   0.0000032044   0.0000009781
       -0.0430505110  -0.0000050584  -0.0000033326   0.1129867733   0.0000004611
       -0.0000000785  -0.0514248770   0.0000006418  -0.0000002210   0.0008319772
       -0.0000000060   0.0000002339   0.0057645469  -0.0000000614  -0.0000000935
        0.0000279320   0.0000001548   0.0000000557   0.0059500681  -0.0000003897
       -0.0000000202   0.0011689221   0.0000003485  -0.0000001387  -0.0034711310
        0.0000000840   0.0000000043   0.0002089941   0.0000000404   0.0000000669
        0.0060494623   0.0000001081   0.0000000188   0.0005733932   0.0000003890
        0.0000017796  -0.0330066873  -0.0000000153  -0.0000000379  -0.0019704473
       -0.0000000225  -0.0000000152  -0.0013253520  -0.0000000085   0.0000000087
       -0.0002527542   0.0000000024  -0.0000000075  -0.0001154221  -0.0000000277
       -0.0000000163  -0.0001133111
       -0.0052671663   0.0319102926  -0.0000002000  -0.0716110825  -0.0174900448
        0.0000007381  -0.1785449568   0.1191867468   0.0000004611   0.6604932429
       -0.0040759875  -0.0000052505  -0.2472090846  -0.0965982242   0.0000028724
       -0.0640855886   0.0507535845   0.0000002470  -0.0214084557  -0.0316730211
        0.0000004142   0.0371219957   0.0133350162  -0.0000004289  -0.1094306243
       -0.0266223647   0.0000006141   0.0142705300  -0.0324342606   0.0000001217
        0.0004916779   0.0022344168   0.0000000427   0.0006975540   0.0005983122
       -0.0000000114  -0.0047953468  -0.0020362447   0.0000001309   0.0032166974
       -0.0014380580  -0.0000000174  -0.0054019719  -0.0051994183   0.0000000413
        0.0001883900  -0.0007923875   0.0000000329  -0.0033051721   0.0038130027
        0.0000000469  -0.0051552243  -0.0024731075   0.0000001084  -0.0002654139
       -0.0009982528   0.0000000365
        0.0137758408  -0.0335724187   0.0000000801   0.0295847890   0.0365736428
       -0.0000004866   0.0848240815  -0.1747064996  -0.0000000785  -0.0040759875
        0.6203253452  -0.0000033373  -0.0637424629  -0.1106526393   0.0000011633
        0.0012916319   0.0269266647  -0.0000002430  -0.0159092510  -0.0142666708
        0.0000002305   0.0350686510  -0.0377968398  -0.0000000607  -0.0255532041
       -0.2579410947   0.0000016072  -0.0551535678  -0.0132076243   0.0000005679
        0.0079497928  -0.0017606992  -0.0000000262   0.0004879024  -0.0003537820
        0.0000000041  -0.0030057940   0.0003002269   0.0000000929   0.0209872014
       -0.0237633639  -0.0000000117  -0.0272114469  -0.0142142549   0.0000003866
       -0.0004765932   0.0000653318   0.0000000264   0.0026456525  -0.0017144635
        0.0000000439  -0.0014043437   0.0003726648   0.0000000310  -0.0000828922
       -0.0006135255   0.0000000101
       -0.0000001020  -0.0000001362  -0.0057275830   0.0000004594  -0.0000000352
        0.0006219936   0.0000006457  -0.0000003383  -0.0514248770  -0.0000052505
       -0.0000033373   0.1345262534   0.0000025109   0.0000015346  -0.0467377923
        0.0000007694  -0.0000007988  -0.0032676283   0.0000002852   0.0000004088
       -0.0035567133  -0.0000006694   0.0000002414   0.0016116183   0.0000007778
        0.0000015636  -0.0573895260   0.0000002181   0.0000003646   0.0005227870
       -0.0000000316   0.0000000460   0.0083170558  -0.0000000116  -0.0000000016
       -0.0001411272   0.0000001348   0.0000000690   0.0095878640  -0.0000001369
        0.0000001637   0.0012380601   0.0000002653   0.0000001641   0.0002442294
       -0.0000000002   0.0000000079  -0.0002213138   0.0000000551   0.0000000227
        0.0054303615   0.0000000912   0.0000000589   0.0061105851  -0.0000000106
        0.0000000023   0.0002557526
        0.0033110349  -0.0176566377   0.0000000644   0.0147019230   0.0209086639
       -0.0000001840  -0.0691236632   0.0078646921   0.0000006418  -0.2472090846
       -0.0637424629   0.0000025109   0.6549277676  -0.0369644459  -0.0000056953
       -0.2322192905   0.0963202782   0.0000014219   0.0343489596   0.0564199309
       -0.0000007567  -0.0495289384   0.0071445570   0.0000004022   0.0125735618
       -0.0527382460   0.0000003850  -0.0124885115   0.0012678812   0.0000001404
       -0.0600647335   0.0195830247   0.0000006724   0.0000116137  -0.0000975185
       -0.0000000298  -0.0011771289  -0.0001775851   0.0000000066   0.0011497278
       -0.0014232938  -0.0000000118  -0.0506734218  -0.0379974415   0.0000006202
        0.0003671195  -0.0015484840   0.0000000574  -0.0004444475   0.0002184083
       -0.0000000287  -0.0002026836   0.0001017435  -0.0000000210   0.0017401955
        0.0025169355  -0.0000001959
       -0.0004744359   0.0012303203  -0.0000000196   0.0023155678  -0.0034478504
        0.0000000404   0.0182915735   0.0068276035  -0.0000002210  -0.0965982242
       -0.1106526393   0.0000015346  -0.0369644459   0.6674478155  -0.0000038663
        0.1714030378  -0.2091304862  -0.0000006356   0.0106879168  -0.0489253937
        0.0000003003   0.0110940966   0.0012965480  -0.0000001654  -0.0315557049
       -0.0141840025   0.0000004168   0.0007604963  -0.0059902917   0.0000000662
       -0.0104387679   0.0072834675   0.0000001420   0.0003078493   0.0001209167
       -0.0000000216   0.0014850532   0.0000340712  -0.0000000107   0.0020481382
        0.0009295629  -0.0000000350  -0.0385811958  -0.2894658456   0.0000024368
       -0.0009183249  -0.0057364982   0.0000001047   0.0000898673   0.0009323331
       -0.0000000012  -0.0012644966  -0.0005356842   0.0000000044  -0.0016880008
        0.0019660528  -0.0000000697
       -0.0000000368   0.0000001588  -0.0001308496  -0.0000001090  -0.0000001409
        0.0054433078   0.0000005592  -0.0000001219   0.0008319772   0.0000028724
        0.0000011633  -0.0467377923  -0.0000056953  -0.0000038663   0.1035491262
        0.0000007861   0.0000001298  -0.0449262925  -0.0000004260  -0.0000001790
        0.0004356037   0.0000003756  -0.0000000848  -0.0020760765   0.0000001227
        0.0000006293   0.0014333036   0.0000001579   0.0000000640   0.0056435326
        0.0000008646  -0.0000002235   0.0056273164  -0.0000000118  -0.0000000075
       -0.0013283248   0.0000000019   0.0000000035   0.0002141926  -0.0000000525
        0.0000000033  -0.0017840578   0.0000005343   0.0000024091  -0.0301600459
        0.0000000490   0.0000001155   0.0053237276   0.0000000036  -0.0000000098
       -0.0000273252   0.0000000098   0.0000000016  -0.0001659340  -0.0000000058
       -0.0000000445  -0.0011653890
       -0.0008362324   0.0056596724  -0.0000000432  -0.0071827970  -0.0046192760
        0.0000000894   0.0075740527  -0.0030610831  -0.0000000060  -0.0640855886
        0.0012916319   0.0000007694  -0.2322192905   0.1714030378   0.0000007861
        0.6473384148  -0.0434632119  -0.0000057211  -0.0874600598  -0.0576958503
        0.0000008279   0.0049880126  -0.0316316929   0.0000001310  -0.0038657838
        0.0139179338  -0.0000001315   0.0022360540  -0.0022050898   0.0000000052
       -0.2611656574  -0.0560082405   0.0000032818   0.0008606453   0.0001654902
       -0.0000000005   0.0005298866  -0.0005597010  -0.0000000206   0.0000977154
       -0.0008954604  -0.0000000313   0.0025393713  -0.0029907637   0.0000000118
        0.0016283825   0.0255524753  -0.0000002663  -0.0041216784  -0.0016988146
        0.0000001830   0.0005630522   0.0009893793   0.0000000056  -0.0074184994
       -0.0141504367   0.0000001294
        0.0058891496  -0.0170653750   0.0000000609   0.0122967659   0.0152186052
       -0.0000001911  -0.0247983928   0.0067817894   0.0000002339   0.0507535845
        0.0269266647  -0.0000007988   0.0963202782  -0.2091304862   0.0000001298
       -0.0434632119   0.6388897834  -0.0000041637   0.0180999587  -0.2671449034
        0.0000017825  -0.0846623148  -0.0165615655   0.0000010136   0.0324652488
       -0.0324153074  -0.0000000551  -0.0187163140   0.0005351714   0.0000001577
       -0.0274717219  -0.0878266343   0.0000010438   0.0002337653  -0.0000189482
       -0.0000000030  -0.0000018040   0.0000143368  -0.0000000019  -0.0002902558
       -0.0001047977   0.0000000089   0.0217793794  -0.0247820386   0.0000000000
       -0.0001170867  -0.0215056437   0.0000001687  -0.0010833887   0.0010672810
        0.0000000752   0.0000355472   0.0004297629  -0.0000000040  -0.0372691869
       -0.0133076949   0.0000005424
       -0.0000000366   0.0000000777   0.0003637694  -0.0000000079  -0.0000000660
        0.0008519648   0.0000001682   0.0000000093   0.0057645469   0.0000002470
       -0.0000002430  -0.0032676283   0.0000014219  -0.0000006356  -0.0449262925
       -0.0000057211  -0.0000041637   0.1268358346   0.0000002489   0.0000026308
       -0.0532850039   0.0000006184   0.0000004294  -0.0017409826  -0.0000002895
        0.0000000604  -0.0057681780   0.0000001190   0.0000000229   0.0004550419
        0.0000026935   0.0000012787  -0.0361700219  -0.0000000128  -0.0000000031
       -0.0001133137  -0.0000000128   0.0000000024  -0.0008506417   0.0000000014
        0.0000000129  -0.0001785613  -0.0000001983   0.0000002374   0.0007785204
        0.0000000065  -0.0000000535   0.0022710231   0.0000001415   0.0000000979
        0.0100639194  -0.0000000071  -0.0000000145  -0.0001638304   0.0000006200
        0.0000003195  -0.0009201660
       -0.0058538101   0.0117328218  -0.0000000267  -0.0059951606  -0.0089806897
        0.0000001040   0.0086479160  -0.0028518355  -0.0000000614  -0.0214084557
       -0.0159092510   0.0000002852   0.0343489596   0.0106879168  -0.0000004260
       -0.0874600598   0.0180999587   0.0000002489   0.7284952984   0.0103460583
       -0.0000062619  -0.3562174231  -0.1320877958   0.0000041865  -0.0712568495
        0.0279492102   0.0000004354   0.0141917553   0.0028534567  -0.0000000821
       -0.0190423944  -0.0452636176   0.0000006570  -0.0003010429   0.0002396752
       -0.0000000078   0.0000012830  -0.0000256697   0.0000000030   0.0002435872
       -0.0001256443   0.0000000013  -0.0031649296   0.0037054298   0.0000000841
       -0.2041793581   0.1262687981   0.0000006299  -0.0069145701  -0.0044146966
        0.0000001343   0.0002481517   0.0001102169  -0.0000000003  -0.0043828972
       -0.0023343422   0.0000000967
       -0.0049472259   0.0141520351  -0.0000000398  -0.0086340754  -0.0110045397
        0.0000001413   0.0140388739  -0.0043763138  -0.0000000935  -0.0316730211
       -0.0142666708   0.0000004088   0.0564199309  -0.0489253937  -0.0000001790
       -0.0576958503  -0.2671449034   0.0000026308   0.0103460583   0.6099345248
       -0.0000046072  -0.0629967041  -0.1283402216   0.0000013265  -0.0177378076
        0.0340612947  -0.0000001149   0.0211812763  -0.0029702025  -0.0000001043
       -0.0181421839  -0.0214448372   0.0000003921   0.0001006582  -0.0000543344
       -0.0000000048  -0.0002333278   0.0000799568  -0.0000000007   0.0000610754
        0.0003668839  -0.0000000063   0.0028236670  -0.0017156921   0.0000000278
        0.1269389635  -0.1434316771  -0.0000002191  -0.0288041782  -0.0139299645
        0.0000004034   0.0001092300  -0.0003244440   0.0000000011  -0.0011553594
       -0.0006655008   0.0000000380
        0.0000000975  -0.0000002227   0.0002551829   0.0000001300   0.0000001755
        0.0001936645  -0.0000002034   0.0000000701   0.0000279320   0.0000004142
        0.0000002305  -0.0035567133  -0.0000007567   0.0000003003   0.0004356037
        0.0000008279   0.0000017825  -0.0532850039  -0.0000062619  -0.0000046072
        0.1085684822   0.0000036734   0.0000020453  -0.0395361758   0.0000008409
       -0.0000005392   0.0014494869  -0.0000002764   0.0000000351   0.0051963246
        0.0000004257   0.0000007562   0.0037111184  -0.0000000021  -0.0000000052
       -0.0007247378   0.0000000037  -0.0000000008  -0.0000080658  -0.0000000025
       -0.0000000048  -0.0001407959   0.0000000956   0.0000000314   0.0081156461
        0.0000005875  -0.0000002669  -0.0330561982   0.0000003141   0.0000001615
        0.0004341864  -0.0000000025   0.0000000037  -0.0001095351   0.0000000953
        0.0000000546   0.0020295980
        0.0050743721  -0.0243735133   0.0000001529   0.0091361559   0.0151648349
       -0.0000001642  -0.0126263420   0.0022839662   0.0000001548   0.0371219957
        0.0350686510  -0.0000006694  -0.0495289384   0.0110940966   0.0000003756
        0.0049880126  -0.0846623148   0.0000006184  -0.3562174231  -0.0629967041
        0.0000036734   0.6823555627   0.0492534193  -0.0000058072  -0.1769777760
        0.0853594301   0.0000004536  -0.0688357664   0.0174872189   0.0000004539
        0.0021631493   0.0022106747   0.0000000444  -0.0010880853   0.0007774994
        0.0000000104   0.0002735810  -0.0000115669  -0.0000000133   0.0000633180
       -0.0006121558  -0.0000000043  -0.0003165781   0.0003764701   0.0000000304
       -0.0253073425  -0.0064119801   0.0000002808  -0.0506096767  -0.0420689596
        0.0000004649   0.0010989190   0.0017732184  -0.0000000415  -0.0007671376
        0.0002877149  -0.0000000137
       -0.0054776554   0.0066205947   0.0000000427  -0.0028385091  -0.0046620798
        0.0000000510   0.0021461834  -0.0065604478   0.0000000557   0.0133350162
       -0.0377968398   0.0000002414   0.0071445570   0.0012965480  -0.0000000848
       -0.0316316929  -0.0165615655   0.0000004294  -0.1320877958  -0.1283402216
        0.0000020453   0.0492534193   0.6456232917  -0.0000051091   0.1184971305
       -0.1730607308  -0.0000000643   0.0088818588   0.0063255870  -0.0000001311
       -0.0003327742  -0.0065054632   0.0000001077  -0.0009558053   0.0002867187
        0.0000000063  -0.0002699418   0.0001669790  -0.0000000137   0.0010787521
       -0.0009725653  -0.0000000121   0.0001389573   0.0007650413  -0.0000000091
        0.0174391533   0.0058436409  -0.0000002455  -0.0405195064  -0.2925593662
        0.0000026580  -0.0021734933   0.0011074116  -0.0000000013  -0.0016278536
       -0.0010165328   0.0000000335
        0.0000000346   0.0000002036   0.0059661776  -0.0000000536  -0.0000000970
       -0.0001772538   0.0000001602   0.0000000569   0.0059500681  -0.0000004289
       -0.0000000607   0.0016116183   0.0000004022  -0.0000001654  -0.0020760765
        0.0000001310   0.0000010136  -0.0017409826   0.0000041865   0.0000013265
       -0.0395361758  -0.0000058072  -0.0000051091   0.1134131025   0.0000001298
        0.0000003087  -0.0513125176   0.0000005118  -0.0000001946  -0.0002799377
        0.0000000936   0.0000000827   0.0040533771   0.0000000188  -0.0000000056
        0.0003843243  -0.0000000123  -0.0000000084  -0.0014078687  -0.0000000126
        0.0000000154  -0.0002780728   0.0000000043  -0.0000000116  -0.0001200997
        0.0000001138   0.0000000157  -0.0000112836   0.0000005058   0.0000026466
       -0.0334384622  -0.0000000059  -0.0000000345  -0.0019955990   0.0000000280
        0.0000000172   0.0009956621
       -0.0636132409   0.0530971781   0.0000001720  -0.0229435837  -0.0358199547
        0.0000003499   0.0383584346   0.0133678197  -0.0000003897  -0.1094306243
       -0.0255532041   0.0000007778   0.0125735618  -0.0315557049   0.0000001227
       -0.0038657838   0.0324652488  -0.0000002895  -0.0712568495  -0.0177378076
        0.0000008409  -0.1769777760   0.1184971305   0.0000001298   0.6620991315
       -0.0042739497  -0.0000043425  -0.2445975478  -0.0959923654   0.0000020540
       -0.0025937184  -0.0016878932  -0.0000000001  -0.0027362028   0.0030083122
        0.0000000869   0.0000849600  -0.0007093003  -0.0000000070  -0.0032614098
        0.0039267179   0.0000000403  -0.0052837412  -0.0025264168   0.0000001186
       -0.0043646286  -0.0020842012   0.0000001634   0.0033110333  -0.0013192964
        0.0000000455  -0.0060091874  -0.0051418863   0.0000001141   0.0005071730
        0.0000395734   0.0000000129
        0.0054126809   0.0272057485  -0.0000001834  -0.0161770610  -0.0155493217
        0.0000001976   0.0352963661  -0.0364672932  -0.0000000202  -0.0266223647
       -0.2579410947   0.0000015636  -0.0527382460  -0.0141840025   0.0000006293
        0.0139179338  -0.0324153074   0.0000000604   0.0279492102   0.0340612947
       -0.0000005392   0.0853594301  -0.1730607308   0.0000003087  -0.0042739497
        0.6182998305  -0.0000033950  -0.0623378472  -0.1109707996   0.0000008467
       -0.0009538301   0.0006777159   0.0000000123   0.0041017703  -0.0018284802
        0.0000000472  -0.0006035949   0.0000810323  -0.0000000032   0.0026432010
       -0.0014807721   0.0000000161  -0.0012966281   0.0004904284   0.0000000684
       -0.0031025203   0.0002226570   0.0000001084   0.0207009776  -0.0231288378
       -0.0000000214  -0.0272213534  -0.0145180168   0.0000003078  -0.0000541744
        0.0005059493  -0.0000000040
        0.0000004565  -0.0000005725   0.0012351431   0.0000002112   0.0000003186
       -0.0057004001  -0.0000004998   0.0000001352   0.0011689221   0.0000006141
        0.0000016072  -0.0573895260   0.0000003850   0.0000004168   0.0014333036
       -0.0000001315  -0.0000000551  -0.0057681780   0.0000004354  -0.0000001149
        0.0014494869   0.0000004536  -0.0000000643  -0.0513125176  -0.0000043425
       -0.0000033950   0.1323801454   0.0000019756   0.0000011538  -0.0504690091
        0.0000000049   0.0000000020  -0.0002975795   0.0000000525   0.0000000491
        0.0094147632   0.0000000050   0.0000000036  -0.0002405454   0.0000000681
       -0.0000000036   0.0060196183   0.0000001218   0.0000000642   0.0058817790
        0.0000001675   0.0000001034   0.0096290240  -0.0000001975   0.0000002189
        0.0013228708   0.0000002223   0.0000001348   0.0011788799  -0.0000000023
       -0.0000000022   0.0000638195
       -0.2605663008   0.1028403606   0.0000008923   0.0396455373   0.0656498699
       -0.0000007161  -0.0525386675   0.0060495961   0.0000003485   0.0142705300
       -0.0551535678   0.0000002181  -0.0124885115   0.0007604963   0.0000001579
        0.0022360540  -0.0187163140   0.0000001190   0.0141917553   0.0211812763
       -0.0000002764  -0.0688357664   0.0088818588   0.0000005118  -0.2445975478
       -0.0623378472   0.0000019756   0.6435628841  -0.0439682454  -0.0000036806
        0.0021474589   0.0013881833  -0.0000000361  -0.0265888355   0.0176828212
        0.0000000763   0.0010828966  -0.0014913321   0.0000000550  -0.0004435904
        0.0002335802   0.0000000273  -0.0000557193   0.0003808841  -0.0000000018
       -0.0009382177  -0.0003122943   0.0000000011   0.0011566229  -0.0016455449
       -0.0000000165  -0.0510910924  -0.0414127175   0.0000003508  -0.0001494896
       -0.0000110636  -0.0000000063
        0.1756290926  -0.2089389051  -0.0000002425   0.0104956592  -0.0547255095
        0.0000002736   0.0132785429   0.0016677708  -0.0000001387  -0.0324342606
       -0.0132076243   0.0000003646   0.0012678812  -0.0059902917   0.0000000640
       -0.0022050898   0.0005351714   0.0000000229   0.0028534567  -0.0029702025
        0.0000000351   0.0174872189   0.0063255870  -0.0000001946  -0.0959923654
       -0.1109707996   0.0000011538  -0.0439682454   0.6765921780  -0.0000032701
        0.0019179163   0.0006183357  -0.0000000235  -0.0069244001   0.0057092400
        0.0000000118  -0.0008680423  -0.0059036635   0.0000000631   0.0001971163
        0.0008974094  -0.0000000065  -0.0013040727  -0.0006525359   0.0000000208
        0.0012950262   0.0001214484  -0.0000000233   0.0020863989   0.0009011340
       -0.0000000366  -0.0426901172  -0.2899128997   0.0000019307  -0.0001217160
       -0.0000958429  -0.0000000046
        0.0000004491   0.0000003455  -0.0434110466  -0.0000003671  -0.0000001837
        0.0010806054   0.0000003039  -0.0000000874  -0.0034711310   0.0000001217
        0.0000005679   0.0005227870   0.0000001404   0.0000000662   0.0056435326
        0.0000000052   0.0000001577   0.0004550419  -0.0000000821  -0.0000001043
        0.0051963246   0.0000004539  -0.0000001311  -0.0002799377   0.0000020540
        0.0000008467  -0.0504690091  -0.0000036806  -0.0000032701   0.1143709242
       -0.0000000601  -0.0000000335  -0.0010378843   0.0000002337  -0.0000001548
        0.0003195365   0.0000000450   0.0000000776   0.0061351635   0.0000000028
       -0.0000000084  -0.0001259009   0.0000000106   0.0000000017   0.0000357869
        0.0000000083   0.0000000054   0.0004027804  -0.0000000390  -0.0000000098
       -0.0017763303   0.0000003880   0.0000019099  -0.0334106327   0.0000000123
        0.0000000046  -0.0001806105
       -0.0003616127   0.0002496615   0.0000000127   0.0008427811  -0.0001665472
       -0.0000000029  -0.0035312544  -0.0029613749   0.0000000840   0.0004916779
        0.0079497928  -0.0000000316  -0.0600647335  -0.0104387679   0.0000008646
       -0.2611656574  -0.0274717219   0.0000026935  -0.0190423944  -0.0181421839
        0.0000004257   0.0021631493  -0.0003327742   0.0000000936  -0.0025937184
       -0.0009538301   0.0000000049   0.0021474589   0.0019179163  -0.0000000601
        0.3748604739   0.0679994750  -0.0000046285  -0.0006709969  -0.0001311105
       -0.0000000078  -0.0009246311   0.0003580673   0.0000000262   0.0000608584
        0.0004471115   0.0000000477   0.0028722533  -0.0012489713  -0.0000000565
        0.0011214915   0.0000748659   0.0000000919  -0.0007049690  -0.0007939159
       -0.0000000296  -0.0003005892  -0.0007630804  -0.0000000315  -0.0351995874
       -0.0155926123   0.0000005037
       -0.0004166646   0.0008364505  -0.0000000002   0.0001242634  -0.0008074191
        0.0000000014   0.0010828454  -0.0005047855   0.0000000043   0.0022344168
       -0.0017606992   0.0000000460   0.0195830247   0.0072834675  -0.0000002235
       -0.0560082405  -0.0878266343   0.0000012787  -0.0452636176  -0.0214448372
        0.0000007562   0.0022106747  -0.0065054632   0.0000000827  -0.0016878932
        0.0006777159   0.0000000020   0.0013881833   0.0006183357  -0.0000000335
        0.0679994750   0.5222760003  -0.0000080877  -0.0001925746  -0.0000820360
       -0.0000000017  -0.0001323527   0.0001011071   0.0000000083  -0.0000472590
        0.0001983566   0.0000000171   0.0013501940   0.0016708786  -0.0000000546
        0.0004063786   0.0019208747  -0.0000000196  -0.0016593330  -0.0011850817
        0.0000000049   0.0000191495  -0.0002858555  -0.0000000128   0.0090093299
       -0.4151803753   0.0000062320
        0.0000000018   0.0000000124   0.0000439512  -0.0000000223  -0.0000000074
       -0.0008669500   0.0000000412   0.0000000505   0.0002089941   0.0000000427
       -0.0000000262   0.0083170558   0.0000006724   0.0000001420   0.0056273164
        0.0000032818   0.0000010438  -0.0361700219   0.0000006570   0.0000003921
        0.0037111184   0.0000000444   0.0000001077   0.0040533771  -0.0000000001
        0.0000000123  -0.0002975795  -0.0000000361  -0.0000000235  -0.0010378843
       -0.0000046285  -0.0000080877   0.0267538249   0.0000000076   0.0000000151
        0.0002445094   0.0000000173   0.0000000074  -0.0000119580   0.0000000097
       -0.0000000066   0.0001073801  -0.0000000783  -0.0000000198  -0.0020003256
        0.0000000581  -0.0000000257  -0.0024100837   0.0000000174   0.0000000211
        0.0000384600  -0.0000000040   0.0000000157  -0.0000129843  -0.0000000821
        0.0000063769  -0.0062982001
       -0.2704006813  -0.0808688205   0.0000020555  -0.0075004993  -0.0038406394
        0.0000000834   0.0009750938  -0.0015372141   0.0000000404   0.0006975540
        0.0004879024  -0.0000000116   0.0000116137   0.0003078493  -0.0000000118
        0.0008606453   0.0002337653  -0.0000000128  -0.0003010429   0.0001006582
       -0.0000000021  -0.0010880853  -0.0009558053   0.0000000188  -0.0027362028
        0.0041017703   0.0000000525  -0.0265888355  -0.0069244001   0.0000002337
       -0.0006709969  -0.0001925746   0.0000000076   0.3055863650   0.0892095243
       -0.0000024198   0.0009534804   0.0006328179  -0.0000000206  -0.0005096094
       -0.0002624858   0.0000000073  -0.0000225450  -0.0000781138   0.0000000009
       -0.0001831229   0.0000034182   0.0000000031   0.0000142253   0.0000245549
        0.0000000003   0.0008355410  -0.0004641008  -0.0000000239   0.0000671028
        0.0000218937  -0.0000000008
       -0.0810876836  -0.0726610353   0.0000007686  -0.0280864907  -0.0116918319
        0.0000002735  -0.0009550671  -0.0058059320   0.0000000669   0.0005983122
       -0.0003537820  -0.0000000016  -0.0000975185   0.0001209167  -0.0000000075
        0.0001654902  -0.0000189482  -0.0000000031   0.0002396752  -0.0000543344
       -0.0000000052   0.0007774994   0.0002867187  -0.0000000056   0.0030083122
       -0.0018284802   0.0000000491   0.0176828212   0.0057092400  -0.0000001548
       -0.0001311105  -0.0000820360   0.0000000151   0.0892095243   0.0856738884
       -0.0000009609  -0.0007702545   0.0005815457  -0.0000000108  -0.0015038359
       -0.0008742093   0.0000000194   0.0000652749  -0.0000140165  -0.0000000010
        0.0000633198   0.0000133543  -0.0000000085  -0.0000318496   0.0000773322
        0.0000000020   0.0008467283   0.0008730075  -0.0000000264   0.0000068528
        0.0000486024  -0.0000000090
        0.0000020434   0.0000007727  -0.0337271848   0.0000002280   0.0000000996
        0.0009117571   0.0000000418   0.0000000728   0.0060494623  -0.0000000114
        0.0000000041  -0.0001411272  -0.0000000298  -0.0000000216  -0.0013283248
       -0.0000000005  -0.0000000030  -0.0001133137  -0.0000000078  -0.0000000048
       -0.0007247378   0.0000000104   0.0000000063   0.0003843243   0.0000000869
        0.0000000472   0.0094147632   0.0000000763   0.0000000118   0.0003195365
       -0.0000000078  -0.0000000017   0.0002445094  -0.0000024198  -0.0000009609
        0.0237158563  -0.0000000171  -0.0000000174  -0.0019425068   0.0000000122
        0.0000000067   0.0000252814   0.0000000057   0.0000000018   0.0000018713
        0.0000000065   0.0000000006  -0.0000592826   0.0000000004   0.0000000009
        0.0001712227  -0.0000000323  -0.0000000213  -0.0032183629   0.0000000148
        0.0000000062   0.0000162561
        0.0021074150  -0.0010244376  -0.0000000025  -0.1968957607   0.1248874502
        0.0000005576  -0.0263460304   0.0183272441   0.0000001081  -0.0047953468
       -0.0030057940   0.0000001348  -0.0011771289   0.0014850532   0.0000000019
        0.0005298866  -0.0000018040  -0.0000000128   0.0000012830  -0.0002333278
        0.0000000037   0.0002735810  -0.0002699418  -0.0000000123   0.0000849600
       -0.0006035949   0.0000000050   0.0010828966  -0.0008680423   0.0000000450
       -0.0009246311  -0.0001323527   0.0000000173   0.0009534804  -0.0007702545
       -0.0000000171   0.2243507194  -0.1384032226  -0.0000007876   0.0007046327
        0.0005248015  -0.0000000359   0.0000149926  -0.0000013603   0.0000000026
       -0.0000448983   0.0000197594  -0.0000000016   0.0000000078   0.0000744080
       -0.0000000008   0.0000084863  -0.0000519664   0.0000000000   0.0000714548
        0.0000473825  -0.0000000052
        0.0231685016  -0.0212705436  -0.0000000579   0.1251559037  -0.1459285099
       -0.0000003524  -0.0062501853   0.0054282941   0.0000000188  -0.0020362447
        0.0003002269   0.0000000690  -0.0001775851   0.0000340712   0.0000000035
       -0.0005597010   0.0000143368   0.0000000024  -0.0000256697   0.0000799568
       -0.0000000008  -0.0000115669   0.0001669790  -0.0000000084  -0.0007093003
        0.0000810323   0.0000000036  -0.0014913321  -0.0059036635   0.0000000776
        0.0003580673   0.0001011071   0.0000000074   0.0006328179   0.0005815457
       -0.0000000174  -0.1384032226   0.1666700875   0.0000002809  -0.0008104184
        0.0010014871  -0.0000000229   0.0000606445   0.0000733202   0.0000000010
        0.0000194496  -0.0000264864  -0.0000000045  -0.0000762401  -0.0000190941
        0.0000000015   0.0011957057  -0.0013894832   0.0000000042  -0.0000396240
        0.0000053361  -0.0000000056
       -0.0000001406   0.0000001604   0.0011771933   0.0000005350  -0.0000003665
       -0.0343132733   0.0000002794  -0.0000001726   0.0005733932   0.0000001309
        0.0000000929   0.0095878640   0.0000000066  -0.0000000107   0.0002141926
       -0.0000000206  -0.0000000019  -0.0008506417   0.0000000030  -0.0000000007
       -0.0000080658  -0.0000000133  -0.0000000137  -0.0014078687  -0.0000000070
       -0.0000000032  -0.0002405454   0.0000000550   0.0000000631   0.0061351635
        0.0000000262   0.0000000083  -0.0000119580  -0.0000000206  -0.0000000108
       -0.0019425068  -0.0000007876   0.0000002809   0.0238616750  -0.0000000312
       -0.0000000310  -0.0032639939   0.0000000082   0.0000000038   0.0002171993
       -0.0000000050   0.0000000021   0.0002774411   0.0000000007   0.0000000013
        0.0000416492  -0.0000000048   0.0000000060  -0.0000641489  -0.0000000142
       -0.0000000078   0.0000172314
       -0.0048743164  -0.0018519936   0.0000001243  -0.0065858145  -0.0288972100
        0.0000002291  -0.0510279953  -0.0410026846   0.0000003890   0.0032166974
        0.0209872014  -0.0000001369   0.0011497278   0.0020481382  -0.0000000525
        0.0000977154  -0.0002902558   0.0000000014   0.0002435872   0.0000610754
       -0.0000000025   0.0000633180   0.0010787521  -0.0000000126  -0.0032614098
        0.0026432010   0.0000000681  -0.0004435904   0.0001971163   0.0000000028
        0.0000608584  -0.0000472590   0.0000000097  -0.0005096094  -0.0015038359
        0.0000000122   0.0007046327  -0.0008104184  -0.0000000312   0.0622954405
        0.0476183651  -0.0000005983  -0.0007554493  -0.0003858594   0.0000000156
       -0.0000033353  -0.0000772884  -0.0000000020  -0.0002586703   0.0002367178
        0.0000000033  -0.0000207562  -0.0000359834  -0.0000000168  -0.0000910307
        0.0000322212  -0.0000000028
       -0.0027015975   0.0005984848   0.0000000691  -0.0041222533  -0.0141606471
        0.0000001220  -0.0422690903  -0.2898275943   0.0000017796  -0.0014380580
       -0.0237633639   0.0000001637  -0.0014232938   0.0009295629   0.0000000033
       -0.0008954604  -0.0001047977   0.0000000129  -0.0001256443   0.0003668839
       -0.0000000048  -0.0006121558  -0.0009725653   0.0000000154   0.0039267179
       -0.0014807721  -0.0000000036   0.0002335802   0.0008974094  -0.0000000084
        0.0004471115   0.0001983566  -0.0000000066  -0.0002624858  -0.0008742093
        0.0000000067   0.0005248015   0.0010014871  -0.0000000310   0.0476183651
        0.3272230672  -0.0000020954   0.0008324519   0.0004436392  -0.0000000139
        0.0000499405  -0.0000073997  -0.0000000024   0.0002294184  -0.0004081894
        0.0000000046   0.0000080522  -0.0000940061  -0.0000000102  -0.0000204000
        0.0000346539  -0.0000000011
        0.0000001266   0.0000000734   0.0092997837   0.0000000574   0.0000003155
        0.0005211027   0.0000004369   0.0000017625  -0.0330066873  -0.0000000174
       -0.0000000117   0.0012380601  -0.0000000118  -0.0000000350  -0.0017840578
       -0.0000000313   0.0000000089  -0.0001785613   0.0000000013  -0.0000000063
       -0.0001407959  -0.0000000043  -0.0000000121  -0.0002780728   0.0000000403
        0.0000000161   0.0060196183   0.0000000273  -0.0000000065  -0.0001259009
        0.0000000477   0.0000000171   0.0001073801   0.0000000073   0.0000000194
        0.0000252814  -0.0000000359  -0.0000000229  -0.0032639939  -0.0000005983
       -0.0000020954   0.0230591950   0.0000000099   0.0000000050   0.0000674998
       -0.0000000145  -0.0000000006   0.0000412897   0.0000000057   0.0000000039
        0.0003354926  -0.0000000139  -0.0000000129  -0.0019951191  -0.0000000328
       -0.0000000182   0.0000584857
        0.0002329587   0.0000584856   0.0000000012   0.0003570124   0.0001445285
       -0.0000000006   0.0010628647  -0.0021397579  -0.0000000153  -0.0054019719
       -0.0272114469   0.0000002653  -0.0506734218  -0.0385811958   0.0000005343
        0.0025393713   0.0217793794  -0.0000001983  -0.0031649296   0.0028236670
        0.0000000956  -0.0003165781   0.0001389573   0.0000000043  -0.0052837412
       -0.0012966281   0.0000001218  -0.0000557193  -0.0013040727   0.0000000106
        0.0028722533   0.0013501940  -0.0000000783  -0.0000225450   0.0000652749
        0.0000000057   0.0000149926   0.0000606445   0.0000000082  -0.0007554493
        0.0008324519   0.0000000099   0.0596357018   0.0431604038  -0.0000008153
        0.0001119628   0.0011830725  -0.0000000258  -0.0000848313  -0.0000570111
       -0.0000000199  -0.0004356612  -0.0002567170   0.0000000102  -0.0006322688
       -0.0007502299   0.0000000866
        0.0001430934   0.0003815197  -0.0000000024   0.0001913754  -0.0003075979
        0.0000000005   0.0017337492   0.0011165353  -0.0000000379  -0.0051994183
       -0.0142142549   0.0000001641  -0.0379974415  -0.2894658456   0.0000024091
       -0.0029907637  -0.0247820386   0.0000002374   0.0037054298  -0.0017156921
        0.0000000314   0.0003764701   0.0007650413  -0.0000000116  -0.0025264168
        0.0004904284   0.0000000642   0.0003808841  -0.0006525359   0.0000000017
       -0.0012489713   0.0016708786  -0.0000000198  -0.0000781138  -0.0000140165
        0.0000000018  -0.0000013603   0.0000733202   0.0000000038  -0.0003858594
        0.0004436392   0.0000000050   0.0431604038   0.3276044957  -0.0000028511
       -0.0001553929  -0.0014019753   0.0000000164  -0.0000613125  -0.0000866187
       -0.0000000139  -0.0002188806  -0.0002452105   0.0000000053   0.0011725252
        0.0003399275  -0.0000000039
       -0.0000000059   0.0000000023  -0.0002121034  -0.0000000114  -0.0000000084
       -0.0001002649  -0.0000000391   0.0000000026  -0.0019704473   0.0000000413
        0.0000003866   0.0002442294   0.0000006202   0.0000024368  -0.0301600459
        0.0000000118   0.0000000000   0.0007785204   0.0000000841   0.0000000278
        0.0081156461   0.0000000304  -0.0000000091  -0.0001200997   0.0000001186
        0.0000000684   0.0058817790  -0.0000000018   0.0000000208   0.0000357869
       -0.0000000565  -0.0000000546  -0.0020003256   0.0000000009  -0.0000000010
        0.0000018713   0.0000000026   0.0000000010   0.0002171993   0.0000000156
       -0.0000000139   0.0000674998  -0.0000008153  -0.0000028511   0.0215522697
       -0.0000000196  -0.0000000111  -0.0002810321  -0.0000000151  -0.0000000118
       -0.0017799592   0.0000000102   0.0000000085   0.0003103330   0.0000000290
        0.0000000064  -0.0005808568
       -0.0003258026  -0.0001310960  -0.0000000017   0.0001119429  -0.0001043759
       -0.0000000035   0.0000955235  -0.0002047329  -0.0000000225   0.0001883900
       -0.0004765932  -0.0000000002   0.0003671195  -0.0009183249   0.0000000490
        0.0016283825  -0.0001170867   0.0000000065  -0.2041793581   0.1269389635
        0.0000005875  -0.0253073425   0.0174391533   0.0000001138  -0.0043646286
       -0.0031025203   0.0000001675  -0.0009382177   0.0012950262   0.0000000083
        0.0011214915   0.0004063786   0.0000000581  -0.0001831229   0.0000633198
        0.0000000065  -0.0000448983   0.0000194496  -0.0000000050  -0.0000033353
        0.0000499405  -0.0000000145   0.0001119628  -0.0001553929  -0.0000000196
        0.2309874080  -0.1411443386  -0.0000009183   0.0008057156   0.0005961526
       -0.0000000298   0.0000347842   0.0000109569   0.0000000178  -0.0001060145
       -0.0004648795   0.0000000001
       -0.0001750825   0.0001171768  -0.0000000067  -0.0000822240  -0.0000073382
        0.0000000006   0.0000802212   0.0001267431  -0.0000000152  -0.0007923875
        0.0000653318   0.0000000079  -0.0015484840  -0.0057364982   0.0000001155
        0.0255524753  -0.0215056437  -0.0000000535   0.1262687981  -0.1434316771
       -0.0000002669  -0.0064119801   0.0058436409   0.0000000157  -0.0020842012
        0.0002226570   0.0000001034  -0.0003122943   0.0001214484   0.0000000054
        0.0000748659   0.0019208747  -0.0000000257   0.0000034182   0.0000133543
        0.0000000006   0.0000197594  -0.0000264864   0.0000000021  -0.0000772884
       -0.0000073997  -0.0000000006   0.0011830725  -0.0014019753  -0.0000000111
       -0.1411443386   0.1616239447   0.0000001703  -0.0007902264   0.0010023776
       -0.0000000324   0.0000512797   0.0000642715   0.0000000036   0.0001846166
        0.0009951977  -0.0000000129
        0.0000000034  -0.0000000083  -0.0008515129   0.0000000027   0.0000000000
        0.0000425879  -0.0000000227  -0.0000000163  -0.0013253520   0.0000000329
        0.0000000264  -0.0002213138   0.0000000574   0.0000001047   0.0053237276
       -0.0000002663   0.0000001687   0.0022710231   0.0000006299  -0.0000002191
       -0.0330561982   0.0000002808  -0.0000002455  -0.0000112836   0.0000001634
        0.0000001084   0.0096290240   0.0000000011  -0.0000000233   0.0004027804
        0.0000000919  -0.0000000196  -0.0024100837   0.0000000031  -0.0000000085
       -0.0000592826  -0.0000000016  -0.0000000045   0.0002774411  -0.0000000020
       -0.0000000024   0.0000412897  -0.0000000258   0.0000000164  -0.0002810321
       -0.0000009183   0.0000001703   0.0234597202  -0.0000000301  -0.0000000477
       -0.0034881256   0.0000000055  -0.0000000020   0.0002093949  -0.0000000051
        0.0000000022   0.0000471957
        0.0001482231  -0.0003166259  -0.0000000004   0.0001902147   0.0000235572
       -0.0000000037   0.0001270809   0.0010469734  -0.0000000085  -0.0033051721
        0.0026456525   0.0000000551  -0.0004444475   0.0000898673   0.0000000036
       -0.0041216784  -0.0010833887   0.0000001415  -0.0069145701  -0.0288041782
        0.0000003141  -0.0506096767  -0.0405195064   0.0000005058   0.0033110333
        0.0207009776  -0.0000001975   0.0011566229   0.0020863989  -0.0000000390
       -0.0007049690  -0.0016593330   0.0000000174   0.0000142253  -0.0000318496
        0.0000000004   0.0000000078  -0.0000762401   0.0000000007  -0.0002586703
        0.0002294184   0.0000000057  -0.0000848313  -0.0000613125  -0.0000000151
        0.0008057156  -0.0007902264  -0.0000000301   0.0617266926   0.0472781210
       -0.0000007706  -0.0007406750  -0.0004180478   0.0000000094  -0.0002951259
       -0.0003402578   0.0000000110
       -0.0003742822  -0.0000316146  -0.0000000010  -0.0001494163   0.0003135465
       -0.0000000012  -0.0004826277  -0.0009644894   0.0000000087   0.0038130027
       -0.0017144635   0.0000000227   0.0002184083   0.0009323331  -0.0000000098
       -0.0016988146   0.0010672810   0.0000000979  -0.0044146966  -0.0139299645
        0.0000001615  -0.0420689596  -0.2925593662   0.0000026466  -0.0013192964
       -0.0231288378   0.0000002189  -0.0016455449   0.0009011340  -0.0000000098
       -0.0007939159  -0.0011850817   0.0000000211   0.0000245549   0.0000773322
        0.0000000009   0.0000744080  -0.0000190941   0.0000000013   0.0002367178
       -0.0004081894   0.0000000039  -0.0000570111  -0.0000866187  -0.0000000118
        0.0005961526   0.0010023776  -0.0000000477   0.0472781210   0.3292854898
       -0.0000030929   0.0007988522   0.0004250652  -0.0000000076  -0.0000356521
        0.0000231606  -0.0000000016
        0.0000000009   0.0000000005  -0.0001443127   0.0000000027  -0.0000000022
       -0.0001587562  -0.0000000003  -0.0000000030  -0.0002527542   0.0000000469
        0.0000000439   0.0054303615  -0.0000000287  -0.0000000012  -0.0000273252
        0.0000001830   0.0000000752   0.0100639194   0.0000001343   0.0000004034
        0.0004341864   0.0000004649   0.0000026580  -0.0334384622   0.0000000455
       -0.0000000214   0.0013228708  -0.0000000165  -0.0000000366  -0.0017763303
       -0.0000000296   0.0000000049   0.0000384600   0.0000000003   0.0000000020
        0.0001712227  -0.0000000008   0.0000000015   0.0000416492   0.0000000033
        0.0000000046   0.0003354926  -0.0000000199  -0.0000000139  -0.0017799592
       -0.0000000298  -0.0000000324  -0.0034881256  -0.0000007706  -0.0000030929
        0.0233805222  -0.0000000006   0.0000000008   0.0001501488   0.0000000150
        0.0000000088  -0.0003028081
        0.0029900612   0.0227618225  -0.0000001590  -0.0028655843   0.0030558294
        0.0000000697  -0.0003927795   0.0002721121   0.0000000024  -0.0051552243
       -0.0014043437   0.0000000912  -0.0002026836  -0.0012644966   0.0000000098
        0.0005630522   0.0000355472  -0.0000000071   0.0002481517   0.0001092300
       -0.0000000025   0.0010989190  -0.0021734933  -0.0000000059  -0.0060091874
       -0.0272213534   0.0000002223  -0.0510910924  -0.0426901172   0.0000003880
       -0.0003005892   0.0000191495  -0.0000000040   0.0008355410   0.0008467283
       -0.0000000323   0.0000084863   0.0011957057  -0.0000000048  -0.0000207562
        0.0000080522  -0.0000000139  -0.0004356612  -0.0002188806   0.0000000102
        0.0000347842   0.0000512797   0.0000000055  -0.0007406750   0.0007988522
       -0.0000000006   0.0613804113   0.0457956743  -0.0000005715   0.0000548262
        0.0000227018   0.0000000026
       -0.0019901577  -0.0234705772   0.0000001669   0.0039103907  -0.0015212222
        0.0000000403   0.0002404010   0.0008854382  -0.0000000075  -0.0024731075
        0.0003726648   0.0000000589   0.0001017435  -0.0005356842   0.0000000016
        0.0009893793   0.0004297629  -0.0000000145   0.0001102169  -0.0003244440
        0.0000000037   0.0017732184   0.0011074116  -0.0000000345  -0.0051418863
       -0.0145180168   0.0000001348  -0.0414127175  -0.2899128997   0.0000019099
       -0.0007630804  -0.0002858555   0.0000000157  -0.0004641008   0.0008730075
       -0.0000000213  -0.0000519664  -0.0013894832   0.0000000060  -0.0000359834
       -0.0000940061  -0.0000000129  -0.0002567170  -0.0002452105   0.0000000085
        0.0000109569   0.0000642715  -0.0000000020  -0.0004180478   0.0004250652
        0.0000000008   0.0457956743   0.3280544360  -0.0000022483   0.0000757836
        0.0000853416  -0.0000000062
        0.0000000172  -0.0000000416   0.0007628768   0.0000000675   0.0000000561
        0.0092908303  -0.0000000183  -0.0000000033  -0.0001154221   0.0000001084
        0.0000000310   0.0061105851  -0.0000000210   0.0000000044  -0.0001659340
        0.0000000056  -0.0000000040  -0.0001638304  -0.0000000003   0.0000000011
       -0.0001095351  -0.0000000415  -0.0000000013  -0.0019955990   0.0000001141
        0.0000003078   0.0011788799   0.0000003508   0.0000019307  -0.0334106327
       -0.0000000315  -0.0000000128  -0.0000129843  -0.0000000239  -0.0000000264
       -0.0032183629   0.0000000000   0.0000000042  -0.0000641489  -0.0000000168
       -0.0000000102  -0.0019951191   0.0000000102   0.0000000053   0.0003103330
        0.0000000178   0.0000000036   0.0002093949   0.0000000094  -0.0000000076
        0.0001501488  -0.0000005715  -0.0000022483   0.0232280968   0.0000000239
        0.0000000112   0.0000104229
        0.0000348930  -0.0000441964   0.0000000058   0.0000070400   0.0000940415
       -0.0000000092   0.0001582554   0.0001892971  -0.0000000277  -0.0002654139
       -0.0000828922  -0.0000000106   0.0017401955  -0.0016880008  -0.0000000058
       -0.0074184994  -0.0372691869   0.0000006200  -0.0043828972  -0.0011553594
        0.0000000953  -0.0007671376  -0.0016278536   0.0000000280   0.0005071730
       -0.0000541744  -0.0000000023  -0.0001494896  -0.0001217160   0.0000000123
       -0.0351995874   0.0090093299  -0.0000000821   0.0000671028   0.0000068528
        0.0000000148   0.0000714548  -0.0000396240  -0.0000000142  -0.0000910307
       -0.0000204000  -0.0000000328  -0.0006322688   0.0011725252   0.0000000290
       -0.0001060145   0.0001846166  -0.0000000051  -0.0002951259  -0.0000356521
        0.0000000150   0.0000548262   0.0000757836   0.0000000239   0.0466665243
        0.0314066092  -0.0000006541
        0.0000065283   0.0000936770   0.0000000023  -0.0002453448  -0.0001588452
       -0.0000000015   0.0005058590  -0.0000144721  -0.0000000163  -0.0009982528
       -0.0006135255   0.0000000023   0.0025169355   0.0019660528  -0.0000000445
       -0.0141504367  -0.0133076949   0.0000003195  -0.0023343422  -0.0006655008
        0.0000000546   0.0002877149  -0.0010165328   0.0000000172   0.0000395734
        0.0005059493  -0.0000000022  -0.0000110636  -0.0000958429   0.0000000046
       -0.0155926123  -0.4151803753   0.0000063769   0.0000218937   0.0000486024
        0.0000000062   0.0000473825   0.0000053361  -0.0000000078   0.0000322212
        0.0000346539  -0.0000000182  -0.0007502299   0.0003399275   0.0000000064
       -0.0004648795   0.0009951977   0.0000000022  -0.0003402578   0.0000231606
        0.0000000088   0.0000227018   0.0000853416   0.0000000112   0.0314066092
        0.4269548907  -0.0000067218
        0.0000000053  -0.0000000125  -0.0000111385   0.0000000050   0.0000000029
        0.0000536279  -0.0000000110  -0.0000000059  -0.0001133111   0.0000000365
        0.0000000101   0.0002557526  -0.0000001959  -0.0000000697  -0.0011653890
        0.0000001294   0.0000005424  -0.0009201660   0.0000000967   0.0000000380
        0.0020295980  -0.0000000137   0.0000000335   0.0009956621   0.0000000129
       -0.0000000040   0.0000638195  -0.0000000063  -0.0000000046  -0.0001806105
        0.0000005037   0.0000062320  -0.0062982001  -0.0000000008  -0.0000000090
        0.0000162561  -0.0000000052  -0.0000000056   0.0000172314  -0.0000000028
       -0.0000000011   0.0000584857   0.0000000866  -0.0000000039  -0.0005808568
        0.0000000001  -0.0000000129   0.0000471957   0.0000000110  -0.0000000016
       -0.0003028081   0.0000000026  -0.0000000062   0.0000104229  -0.0000006541
       -0.0000067218   0.0060244280
