           1           2   1.01864802537943     
           2           3  0.880079526585362     
           3           4   1.33505680383328     
           4           5   1.52586740580273     
           4           6   1.36559030640667     
           6           7  0.853102864763337     
           7           8   1.02296739808204     
           4           9  0.966380804867939     
           5           9  0.134216070071656     
           9          10  0.990863082441274     
          10          11  0.974588750904735     
          11          12  0.975111109247623     
          11          13  0.138855939294014     
          12          13   1.49635507725275     
          12          14   1.30827791638651     
          14          15  0.893154600617818     
          15          16   1.02213051145114     
          12          17   1.31629538290425     
          17          18  0.869057544810063     
          18          19   1.02359106485481     
           1          20  0.983432442830500     
           1          21  0.981659344440390     
           1          22  0.974928993261176     
           2          23  0.970338347196886     
           2          24  0.968335758851938     
           7          25  0.970723925135699     
           7          26  0.965661325354123     
           8          27  0.976143529604940     
           8          28  0.973325431983835     
           8          29  0.981212577050660     
          10          30  0.954504425738834     
          10          31  0.952997864735630     
          15          32  0.964947148952133     
          15          33  0.963897584753927     
          16          34  0.970567369090942     
          16          35  0.975777774719008     
          16          36  0.981806287503048     
          18          37  0.964572613852792     
          18          38  0.970150335546471     
          19          39  0.982177274575558     
          19          40  0.975269839408470     
          19          41  0.978210972712400     
