           1           2   1.02225539384311     
           2           3  0.887046407906881     
           3           4   1.32566414537730     
           4           5   1.50455834619160     
           4           6   1.31707293539678     
           6           7  0.872238037936587     
           7           8   1.02334134642050     
           4           9   1.00386350816730     
           5           9  0.141238683476388     
           9          10  0.981253140589001     
          10          11  0.990418548396503     
          11          12  0.967591920936108     
          11          13  0.133651865948294     
          12          13   1.53844729946326     
          12          14   1.36098934595045     
          14          15  0.858199263592912     
          15          16   1.02137290624959     
          12          17   1.32533031969084     
          17          18  0.884008669160304     
          18          19   1.01815710602204     
           1          20  0.981642892180701     
           1          21  0.976437407177570     
           1          22  0.975929618829364     
           2          23  0.966967895872823     
           2          24  0.964642641103707     
           7          25  0.965980197486100     
           7          26  0.970221582128603     
           8          27  0.982580663004074     
           8          28  0.975948115959709     
           8          29  0.975271360175054     
          10          30  0.956455427504205     
          10          31  0.946212017848933     
          15          32  0.962959938774706     
          15          33  0.967494403028966     
          16          34  0.980201944101366     
          16          35  0.973763756108663     
          16          36  0.983350817134549     
          18          37  0.968080976648898     
          18          38  0.970252699189087     
          19          39  0.981931230702362     
          19          40  0.983285430007035     
          19          41  0.975514969586111     
