   -0.13355071
    0.08436157
   -0.26459071
    0.36897884
   -0.48321551
   -0.25584822
    0.07664717
   -0.12221370
   -0.12298394
    0.04519866
   -0.12456239
    0.37575884
   -0.46785307
   -0.24610356
    0.07188138
   -0.12870262
   -0.25954843
    0.06704958
   -0.13565406
    0.07791044
    0.06853281
    0.08464525
    0.05574928
    0.06613255
    0.09404282
    0.06140508
    0.08304932
    0.04894902
    0.07171312
    0.10026641
    0.07408048
    0.09623153
    0.06011333
    0.08044284
    0.05526849
    0.07037226
    0.09688827
    0.07668443
    0.06843752
    0.07375603
    0.09027958
