   -0.12376500
    0.07750537
   -0.25636178
    0.36476213
   -0.46572874
   -0.26493110
    0.07242553
   -0.13338146
   -0.13819561
    0.04707499
   -0.11672630
    0.37538999
   -0.46495133
   -0.26320195
    0.07177126
   -0.13531733
   -0.25715981
    0.07571939
   -0.13575796
    0.07388861
    0.04871316
    0.08186570
    0.05764515
    0.09454836
    0.07287158
    0.08841125
    0.08883162
    0.06943261
    0.06659886
    0.06650939
    0.09654673
    0.09014272
    0.07409683
    0.06626028
    0.07049076
    0.08943579
    0.08968383
    0.05633251
    0.07854155
    0.08535996
    0.06462248
