   -0.12577695
    0.09099017
   -0.26768268
    0.38322559
   -0.46472124
   -0.25914282
    0.08629525
   -0.12909388
   -0.14686560
    0.02712838
   -0.11976004
    0.39326286
   -0.47312649
   -0.27195360
    0.07592784
   -0.13015799
   -0.26510741
    0.08918957
   -0.12566253
    0.08519840
    0.06388141
    0.06385657
    0.07887688
    0.05551405
    0.05633205
    0.08352168
    0.06173900
    0.08421515
    0.07011172
    0.09030417
    0.13395313
    0.06183482
    0.08987705
    0.08512227
    0.07086189
    0.05407003
    0.05516865
    0.07986850
    0.08339719
    0.07125113
    0.05407584
