   -0.13367734
    0.08351803
   -0.25418502
    0.37893831
   -0.47095144
   -0.25263930
    0.07810770
   -0.12727755
   -0.15135620
    0.04175889
   -0.14862472
    0.37149857
   -0.44982543
   -0.25937416
    0.07304283
   -0.13067624
   -0.25938773
    0.08393816
   -0.12627001
    0.07219633
    0.07666969
    0.08365829
    0.06011639
    0.05958975
    0.06630130
    0.08982904
    0.08600117
    0.07451669
    0.05443650
    0.09415024
    0.09834198
    0.06561753
    0.09571094
    0.07271091
    0.05577003
    0.08722486
    0.06184183
    0.07580612
    0.07246733
    0.06334522
    0.08714052
