$coord
         -8.281866724016          0.972285183607          0.320988799292     c 
         -6.729469748568          2.833925935517          1.299180709693     c 
         -4.126675731682          2.560665521417          1.202968790269     c 
         -3.021731299829          0.419479701754          0.132782259956     c 
         -4.600574367462         -1.458814278792         -0.818302503399     c 
         -7.197128476760         -1.169032574264         -0.727034312283     c 
         -9.118687959872         -3.531623247378         -1.944303953273     cl
         -0.258999324725          0.078979648710         -0.000862231495     c 
          0.829558757684         -2.124532193806          0.933748157659     c 
          3.421530269838         -2.453514971713          0.825162026615     c 
          4.968970091043         -0.603239873157         -0.227009729594     c 
          3.859671703202          1.582967919105         -1.183749511459     c 
          1.270076437336          1.927846610227         -1.076057580025     c 
          5.745029541708          3.888230881274         -2.518590899957     cl
          8.204430347971         -1.013584976800         -0.348467041649     cl
          4.761993167847         -5.181691129547          2.010442501441     cl
         -2.251095031181          4.894772799761          2.547472174447     cl
        -10.305834250323          1.179179489686          0.382487910006     h 
         -7.536901696040          4.501478124740          2.143182800221     h 
         -3.780102471523         -3.123318520150         -1.656719323880     h 
         -0.330251901981         -3.570030741495          1.777101315729     h 
          0.456875541477          3.623562322387         -1.856107476538     h 
$end
