   -0.11867935
    0.08569330
   -0.25281103
    0.37102030
   -0.45589045
   -0.26443663
    0.07599419
   -0.12540454
   -0.15011452
    0.03989960
   -0.12804140
    0.36082959
   -0.46274818
   -0.24844541
    0.08099817
   -0.13371839
   -0.25189773
    0.07295848
   -0.13309307
    0.07616539
    0.05219984
    0.06821029
    0.08946274
    0.04627903
    0.06422960
    0.09284575
    0.05220236
    0.08449521
    0.07094512
    0.08082446
    0.11309144
    0.06964503
    0.05675497
    0.08434750
    0.07066268
    0.07790855
    0.08790840
    0.07319257
    0.07058393
    0.08755074
    0.06838146
