           1           2   1.01917126253366     
           2           3  0.907813271949583     
           3           4   1.21175450499671     
           3           5  0.177262018951001     
           4           5   1.66920266322920     
           4           6  0.968750141921183     
           6           7  0.976621413155646     
           7           8  0.930286794467791     
           7           9  0.953360218947141     
           9          10   1.61057432971107     
           9          11   1.24730393439393     
          10          11  0.159027723718597     
          11          12  0.891959161709168     
          12          13   1.01968511207233     
           7          14  0.971395489937320     
          10          15  0.201093571617264     
          14          15  0.997757082131773     
          14          16  0.133713789604503     
          15          16   1.47479864532094     
          15          17   1.30061093392143     
          17          18  0.911402528418274     
          15          19   1.26025971024980     
          19          20  0.919697599783187     
           1          21  0.979045633049801     
           1          22  0.982939602225769     
           1          23  0.982740127436973     
           2          24  0.968545603652273     
           2          25  0.963342454158218     
           6          26  0.959449350364203     
           6          27  0.933018992632366     
          12          28  0.967308853535545     
          12          29  0.965396481078555     
          13          30  0.982353426860631     
          13          31  0.981801759217391     
          13          32  0.976969383502128     
          18          33  0.973007729555858     
          18          34  0.973576191867578     
          18          35  0.978954270364559     
          20          36  0.974325825115606     
          20          37  0.977231397586621     
          20          38  0.973577249887027     
