   -0.13251338
    0.06853242
   -0.25863323
    0.37682625
   -0.46087387
   -0.25046862
    0.08048337
   -0.12641956
   -0.14911137
    0.04040278
   -0.14245904
    0.37870816
   -0.47734322
   -0.25228468
    0.08305737
   -0.13372619
   -0.25253908
    0.07658838
   -0.12717136
    0.09009479
    0.07350187
    0.06458847
    0.07452605
    0.09822561
    0.08193719
    0.05107558
    0.05695848
    0.07557646
    0.07880809
    0.09414420
    0.09515493
    0.06208402
    0.05845380
    0.08320723
    0.07104057
    0.07750928
    0.06542933
    0.09352407
    0.07456401
    0.05348837
    0.08505248
