   -0.12870656
    0.07506825
   -0.26128243
    0.36327396
   -0.47762381
   -0.25448615
    0.08289534
   -0.13119383
   -0.09718178
    0.03948408
   -0.13230717
    0.37272997
   -0.47324158
   -0.24948575
    0.07595860
   -0.12076480
   -0.26370106
    0.07443121
   -0.12688737
    0.05291301
    0.08578955
    0.07218645
    0.06425433
    0.09252091
    0.07215585
    0.05955384
    0.06273095
    0.07713094
    0.08666309
    0.10542362
    0.08102287
    0.06236585
    0.09537862
    0.06829709
    0.04605272
    0.08288159
    0.06419798
    0.09267773
    0.07201823
    0.05253119
    0.08427444
