   -0.13507843
    0.06895756
   -0.26303033
    0.37936616
   -0.48108838
   -0.25045142
    0.07621249
   -0.12594601
   -0.12735973
    0.04031710
   -0.14926523
    0.35676894
   -0.46484237
   -0.25669413
    0.07462089
   -0.12754655
   -0.26098725
    0.07318463
   -0.12901836
    0.07352908
    0.06895278
    0.09102649
    0.07580156
    0.09565177
    0.05578903
    0.09481056
    0.05090402
    0.08324054
    0.07048122
    0.11488821
    0.07160272
    0.08994028
    0.07533134
    0.09263651
    0.06774505
    0.06512737
    0.06644434
    0.09468091
    0.05589971
    0.08325896
    0.06413797
