           1           2   1.02307331288956     
           2           3  0.881162487006175     
           3           4   1.31936338423710     
           4           5   1.49325334304818     
           4           6   1.30196751415166     
           6           7  0.885756618439278     
           7           8   1.02173325455824     
           4           9   1.00409446480454     
           5           9  0.135030348773336     
           9          10  0.994552719242878     
          10          11  0.968250564926325     
          11          12   1.01740828391863     
          11          13  0.103551332843646     
          12          13   1.53201883725461     
          12          14   1.30290645193180     
          14          15  0.888970684916997     
          15          16   1.02204062033097     
          12          17   1.29904517132116     
          17          18  0.870049065962895     
          18          19   1.02330416200708     
           1          20  0.982069877174665     
           1          21  0.975476746343935     
           1          22  0.973751261713667     
           2          23  0.963283926776793     
           2          24  0.967816736553326     
           7          25  0.964171994778177     
           7          26  0.967396183986509     
           8          27  0.976330478518885     
           8          28  0.982639740723088     
           8          29  0.976258188290872     
          10          30  0.958570422994062     
          10          31  0.953858652014979     
          15          32  0.966081112198736     
          15          33  0.963910794094206     
          16          34  0.976285972021110     
          16          35  0.982404976645542     
          16          36  0.975705490943235     
          18          37  0.961684002288750     
          18          38  0.969896192838575     
          19          39  0.976334800920757     
          19          40  0.983290920851569     
          19          41  0.975003334426784     
