           1           2   1.01436199630149     
           2           3  0.906977844387898     
           3           4   1.17053027993737     
           3           5  0.173902399360856     
           4           5   1.70784503722294     
           4           6  0.976752403547541     
           6           7  0.997134742868383     
           7           8  0.929748523125326     
           7           9  0.954514972106979     
           9          10   1.67787232658926     
           9          11   1.20917758649457     
          10          11  0.172500143434150     
          11          12  0.898844456549768     
          12          13   1.01956450012344     
           7          14  0.955980816269245     
          14          15  0.990138369973758     
          14          16  0.133215964671147     
          15          16   1.54163707416076     
          15          17   1.28359622732095     
          17          18  0.913381553051110     
          15          19   1.32333998866320     
          19          20  0.891325001258201     
           1          21  0.984726385107663     
           1          22  0.984623587825704     
           1          23  0.978333606079389     
           2          24  0.968969838004357     
           2          25  0.970192610850121     
           6          26  0.947443563476085     
           6          27  0.928162053518677     
          12          28  0.968645761423097     
          12          29  0.967559018989791     
          13          30  0.982932350586372     
          13          31  0.977568859004597     
          13          32  0.982717166354870     
          18          33  0.972046303809879     
          18          34  0.976813972757424     
          18          35  0.977116814404578     
          20          36  0.976203361259110     
          20          37  0.977298553169256     
          20          38  0.971504135478799     
