   -0.12829586
    0.08169841
   -0.24398029
    0.36506203
   -0.47806691
   -0.26804267
    0.07136066
   -0.13271900
   -0.13220114
    0.04313413
   -0.12975307
    0.36958777
   -0.46235235
   -0.26553063
    0.07503829
   -0.13175621
   -0.25485285
    0.06694591
   -0.12581883
    0.07814633
    0.06224667
    0.08125777
    0.05260004
    0.08392424
    0.07280466
    0.09342594
    0.06608684
    0.08942089
    0.07164924
    0.06370300
    0.10323784
    0.07001502
    0.08422178
    0.06703158
    0.08586984
    0.06675419
    0.08005855
    0.09754359
    0.06656184
    0.05476161
    0.08922116
