   -0.12780188
    0.07783856
   -0.26840930
    0.37588808
   -0.46914369
   -0.25100524
    0.08440600
   -0.13682416
   -0.16242972
    0.03976596
   -0.11881030
    0.37541606
   -0.47587426
   -0.26363422
    0.07179842
   -0.12520417
   -0.25527292
    0.06637975
   -0.12849541
    0.05765772
    0.07395724
    0.08410463
    0.09002512
    0.06176213
    0.06657969
    0.05453258
    0.08808885
    0.07597314
    0.07715755
    0.10704797
    0.08859359
    0.08870575
    0.07695342
    0.08694201
    0.06875229
    0.05372580
    0.08194709
    0.10027459
    0.06364182
    0.05735892
    0.08763052
