           1           2   1.02225798311876     
           2           3  0.889358841392040     
           3           4   1.31460636464850     
           4           5   1.50250870365389     
           4           6   1.33256369086217     
           6           7  0.873117780313605     
           7           8   1.02156217890342     
           4           9  0.978790602013859     
           5           9  0.133165325035009     
           9          10  0.975945815805018     
          10          11  0.996950378657839     
          11          12  0.942529538146251     
          11          13  0.137783202002532     
          12          13   1.53765495791620     
          12          14   1.31231273698474     
          14          15  0.890080064907330     
          15          16   1.02232946518539     
          12          17   1.34109687609603     
          17          18  0.866059642461833     
          18          19   1.02410996607706     
           1          20  0.975721564242128     
           1          21  0.981716087486232     
           1          22  0.971721669908128     
           2          23  0.966621922065509     
           2          24  0.964720627722202     
           7          25  0.968104395938202     
           7          26  0.961781980012985     
           8          27  0.974326310662478     
           8          28  0.979366424542693     
           8          29  0.982831161362475     
          10          30  0.960847163859771     
          10          31  0.942007426770117     
          15          32  0.969017275696683     
          15          33  0.963485800562902     
          16          34  0.979612611026978     
          16          35  0.973063552350454     
          16          36  0.976871175541722     
          18          37  0.970507278688006     
          18          38  0.964033951073864     
          19          39  0.970839651714401     
          19          40  0.973308329176642     
          19          41  0.981786195574270     
