           1           2   1.02315911041309     
           2           3  0.876645672924969     
           3           4   1.32175180496007     
           4           5   1.51013027848106     
           4           6   1.30629941539101     
           6           7  0.890089720760233     
           7           8   1.02034769750589     
           4           9  0.966744321571663     
           5           9  0.136810830106090     
           9          10  0.987153383808789     
          10          11  0.986341394286022     
          11          12  0.984805420885250     
          11          13  0.132490293434615     
          12          13   1.51480678094698     
          12          14   1.32990266168659     
          14          15  0.885914845542366     
          15          16   1.02231525075749     
          12          17   1.31284930915780     
          17          18  0.878856086016294     
          18          19   1.02271482602271     
           1          20  0.982271648831463     
           1          21  0.975529203655299     
           1          22  0.976792372517549     
           2          23  0.965221476943319     
           2          24  0.967582769229737     
           7          25  0.963707311182515     
           7          26  0.964103485476598     
           8          27  0.983076274350755     
           8          28  0.979072578466276     
           8          29  0.977026695720138     
          10          30  0.953537789323244     
          10          31  0.949417925716606     
          15          32  0.967585390758672     
          15          33  0.963868154579085     
          16          34  0.982047720758598     
          16          35  0.977605983499742     
          16          36  0.975898912420002     
          18          37  0.966962469761288     
          18          38  0.965871554261593     
          19          39  0.977378090494953     
          19          40  0.975632344569595     
          19          41  0.982043266313229     
