           1           2  0.936094538198551     
           2           3   1.17105983151187     
           2           4  0.177922280259054     
           3           4   1.68144054062481     
           3           5  0.992613404082758     
           5           6   1.38399677034539     
           6           7   1.46162530471043     
           7           8   1.36740646940301     
           6           9  0.102778059577214     
           8           9   1.36536132894738     
           5          10   1.38234535078978     
           7          10  0.103313302895636     
           9          10   1.46382167735015     
           8          11  0.980544610633225     
          11          12   1.43940541383632     
          11          13   1.43923137618074     
          12          13  0.338029915663457     
           1          14  0.975040216920718     
           1          15  0.974997426926622     
           1          16  0.971953206337425     
           6          17  0.960107035744197     
           7          18  0.956382520166310     
           9          19  0.955854430596356     
          10          20  0.958525196758164     
