           1           2   1.03512745210248     
           2           3   1.41627693972097     
           3           4   1.43186216684211     
           4           5   1.43032416552045     
           3           6  0.105099445490905     
           5           6   1.42840931519881     
           2           7   1.36661813155289     
           4           7  0.106655089125507     
           6           7   1.41160488179919     
           7           8   1.03191149652017     
           1           9  0.963801378704470     
           1          10  0.984374867778817     
           1          11  0.964504222304869     
           3          12  0.967361708051946     
           4          13  0.964604612769620     
           6          14  0.961857478974584     
           8          15  0.966861190876881     
           8          16  0.966323263160335     
           8          17  0.984561493278777     
