   -0.13331118
    0.08265684
   -0.25315992
    0.36590995
   -0.47939531
   -0.25696190
    0.08042042
   -0.13086593
   -0.12025727
    0.03462364
   -0.15699033
    0.36750199
   -0.46867757
   -0.26544442
    0.08107488
   -0.12803810
   -0.25499388
    0.08644143
   -0.12475053
    0.07823578
    0.08566702
    0.06750595
    0.07021979
    0.05589917
    0.08887676
    0.07043803
    0.08970732
    0.06864420
    0.07041481
    0.13243771
    0.08614429
    0.08504393
    0.05136318
    0.07277107
    0.08230246
    0.05796904
    0.05665973
    0.08781929
    0.08444167
    0.07460368
    0.05705229
