           1           2   1.02111706206589     
           2           3  0.889796827806918     
           3           4   1.31355381800824     
           4           5   1.54614551236239     
           4           6   1.35496194116602     
           6           7  0.863233330749233     
           7           8   1.02347045263849     
           4           9  0.961415995218548     
           5           9  0.136980016707351     
           9          10  0.980022929167738     
          10          11  0.989425466561585     
          11          12  0.966549065752493     
          11          13  0.133090557437807     
          12          13   1.52958811634990     
          12          14   1.36015058444532     
          14          15  0.855698772535054     
          15          16   1.02204784441233     
          12          17   1.32981583038197     
          17          18  0.883730972071686     
          18          19   1.01813534700812     
           1          20  0.981032197784272     
           1          21  0.976129180124243     
           1          22  0.976437883724314     
           2          23  0.968992624940238     
           2          24  0.964229731562257     
           7          25  0.964886567324229     
           7          26  0.965348906920346     
           8          27  0.973685918220774     
           8          28  0.970510258171903     
           8          29  0.981249836215056     
          10          30  0.959712575852906     
          10          31  0.947168429122397     
          15          32  0.962906651079241     
          15          33  0.966398624398991     
          16          34  0.982944020898964     
          16          35  0.980529914501975     
          16          36  0.973426663781448     
          18          37  0.968769270675716     
          18          38  0.969665257773781     
          19          39  0.975508931787893     
          19          40  0.981677734983907     
          19          41  0.983182229200056     
