           1           2   1.01981187788887     
           2           3  0.881954643620014     
           3           4   1.34487152978436     
           4           5   1.53142674417395     
           4           6   1.34870372404998     
           6           7  0.861919163970690     
           7           8   1.02143843699399     
           4           9  0.968632611564363     
           5           9  0.140425182319924     
           9          10  0.978949607862481     
          10          11  0.991798620709027     
          11          12  0.959250668553824     
          11          13  0.137926336594814     
          12          13   1.52906596403088     
          12          14   1.35805060724604     
          14          15  0.866959214233585     
          15          16   1.02070752117257     
          12          17   1.33185438157453     
          17          18  0.880136313855289     
          18          19   1.02392868703991     
           1          20  0.975787522893032     
           1          21  0.982029176670032     
           1          22  0.978964786204208     
           2          23  0.967717052455789     
           2          24  0.966217889664971     
           7          25  0.967913394848831     
           7          26  0.967019958361231     
           8          27  0.982373541332055     
           8          28  0.981320642522135     
           8          29  0.974003267514326     
          10          30  0.945383406302767     
          10          31  0.959689622906645     
          15          32  0.964278016258364     
          15          33  0.968757915880345     
          16          34  0.974765978748991     
          16          35  0.983981718536325     
          16          36  0.980875692144232     
          18          37  0.966914297971721     
          18          38  0.963454283641046     
          19          39  0.972518635832565     
          19          40  0.975152506780491     
          19          41  0.981795395668050     
