   -0.13320875
    0.07729660
   -0.26915757
    0.36998815
   -0.46225201
   -0.27194178
    0.08097355
   -0.12407281
   -0.10965363
    0.02376175
   -0.11209868
    0.35609913
   -0.46772211
   -0.28192796
    0.07728399
   -0.13567564
   -0.27183508
    0.09639258
   -0.12926661
    0.07547872
    0.06065430
    0.08783635
    0.06095736
    0.09085362
    0.07296568
    0.08131764
    0.05648626
    0.06912700
    0.08775949
    0.14417128
    0.09311872
    0.08168252
    0.06576681
    0.07008150
    0.08872526
    0.06801790
    0.05540800
    0.04712539
    0.06696119
    0.08088745
    0.08163443
