   -0.12874333
    0.07128527
   -0.27074229
    0.37137509
   -0.46525869
   -0.09945665
    0.01063382
    0.09783734
    0.37236865
   -0.46374554
   -0.24709427
    0.07099470
   -0.12045039
   -0.12673173
    0.38164699
   -0.47352864
   -0.26305136
    0.01145049
   -0.24996389
    0.00924043
    0.07889144
    0.06810930
    0.05887185
    0.06481960
    0.08147780
    0.11986416
    0.11792802
    0.09187625
    0.07067372
    0.08030803
    0.05059564
    0.05976247
    0.07653989
    0.11074384
    0.08751827
    0.09262406
    0.11360193
    0.08772775
