           1           2   1.02219002589342     
           2           3  0.887195479296413     
           3           4   1.31448247676135     
           4           5   1.52083072421302     
           4           6   1.36411299450871     
           6           7  0.862115705640042     
           7           8   1.02315730785714     
           4           9  0.958688328558491     
           5           9  0.142847885763178     
           9          10  0.979239814208246     
          10          11  0.992810110262195     
          11          12  0.968169040819625     
          11          13  0.145786062399312     
          12          13   1.48888756022556     
          12          14   1.32506380340484     
          14          15  0.884237345059763     
          15          16   1.01987118578389     
          12          17   1.32806832347168     
          17          18  0.890645012397083     
          18          19   1.02130863941926     
           1          20  0.977375735812017     
           1          21  0.983474977360303     
           1          22  0.976404446752330     
           2          23  0.963341757319373     
           2          24  0.965562079668005     
           7          25  0.970248667979140     
           7          26  0.965438998971617     
           8          27  0.970315817356034     
           8          28  0.973057818673940     
           8          29  0.979980081889299     
          10          30  0.956808704036443     
          10          31  0.939929043095956     
          15          32  0.965897286677256     
          15          33  0.963465975559886     
          16          34  0.983054718305890     
          16          35  0.976213213889650     
          16          36  0.979174892732323     
          18          37  0.964397984825121     
          18          38  0.968717971864120     
          19          39  0.976627749017334     
          19          40  0.974672299077336     
          19          41  0.980856382830757     
