           1           2   1.02119518957310     
           2           3  0.884095754929230     
           3           4   1.32465138794424     
           4           5   1.55009847248510     
           4           6   1.35237088365686     
           6           7  0.862958774515632     
           7           8   1.02033887220719     
           4           9  0.966361521920665     
           5           9  0.139383366408725     
           9          10  0.979806256461770     
          10          11  0.992314391023206     
          11          12  0.962122107525581     
          11          13  0.133588731218167     
          12          13   1.54187791117014     
          12          14   1.34336630180357     
          14          15  0.859095842691465     
          15          16   1.02160375695390     
          12          17   1.32674573349652     
          17          18  0.886658758323133     
          18          19   1.02249825141356     
           1          20  0.979958435994413     
           1          21  0.983609023545489     
           1          22  0.976154674217105     
           2          23  0.964927168239011     
           2          24  0.967320951467529     
           7          25  0.967835557893441     
           7          26  0.965117583441322     
           8          27  0.983546816521158     
           8          28  0.973965369669718     
           8          29  0.980498041213774     
          10          30  0.958128366344899     
          10          31  0.946152096936958     
          15          32  0.962741002897185     
          15          33  0.967271778286128     
          16          34  0.980878245114167     
          16          35  0.973577172936254     
          16          36  0.983281822418479     
          18          37  0.964070064683907     
          18          38  0.969474175134635     
          19          39  0.980084417451221     
          19          40  0.975644140084357     
          19          41  0.975844760845410     
