           1           2   1.01770203785637     
           2           3   1.00488317064524     
           3           4  0.923041374083636     
           4           5   1.16253230044199     
           4           6  0.168118500250167     
           5           6   1.68801396923454     
           5           7   1.00039582966308     
           1           8  0.985017145270151     
           1           9  0.986878491807708     
           1          10  0.986889156594564     
           2          11  0.975359605700878     
           2          12  0.975244980734133     
           3          13  0.968467589371304     
           3          14  0.968166489555124     
           7          15  0.943066712892500     
           7          16  0.971718824047158     
           7          17  0.971993503815590     
