   -0.12910885
    0.07309366
   -0.25324035
    0.36992833
   -0.47487701
   -0.25613163
    0.07924065
   -0.12649465
   -0.12468135
    0.03730036
   -0.14178616
    0.38337814
   -0.46326768
   -0.26681487
    0.07518188
   -0.12730448
   -0.25522124
    0.07517284
   -0.11912884
    0.06916792
    0.05392389
    0.08570372
    0.06609787
    0.09426894
    0.06283504
    0.08624221
    0.07294368
    0.05360641
    0.08402900
    0.09825850
    0.10026608
    0.09137605
    0.06482824
    0.07084381
    0.08445385
    0.05432473
    0.09359519
    0.06478018
    0.06279304
    0.08353623
    0.04688669
