           1           2   1.01861496208810     
           2           3  0.885383814804222     
           3           4   1.31520450985353     
           4           5   1.51951819853353     
           4           6   1.31819519087714     
           6           7  0.872791779611847     
           7           8   1.02170162510051     
           4           9  0.972670641151182     
           5           9  0.135581174595599     
           9          10  0.987106992125576     
          10          11  0.987301789326223     
          11          12  0.972593367980498     
          11          13  0.135549497926378     
          12          13   1.51966645100052     
          12          14   1.31471257053586     
          14          15  0.885305523445122     
          15          16   1.01873065308737     
          12          17   1.31797126430603     
          17          18  0.872802840584549     
          18          19   1.02170399434883     
           1          20  0.982500850830606     
           1          21  0.975554128698401     
           1          22  0.981918253008595     
           2          23  0.967261566249636     
           2          24  0.962583192377741     
           7          25  0.965081007804228     
           7          26  0.966558901097783     
           8          27  0.983451742351901     
           8          28  0.975411224898684     
           8          29  0.979963160577901     
          10          30  0.954896849614515     
          10          31  0.954739593604700     
          15          32  0.967237979628442     
          15          33  0.962730849527049     
          16          34  0.975557804752364     
          16          35  0.981798742718702     
          16          36  0.982501546097529     
          18          37  0.965074606575476     
          18          38  0.966527062169264     
          19          39  0.979941974990973     
          19          40  0.983454661546037     
          19          41  0.975408741140642     
