           1           2   1.02146481656401     
           2           3  0.881493243371666     
           3           4   1.33360822971287     
           4           5   1.50652789035307     
           4           6   1.31480322687173     
           6           7  0.890363944164034     
           7           8   1.02049838216027     
           4           9  0.958312179447433     
           5           9  0.143248936854493     
           9          10  0.975432714768089     
          10          11  0.998848806833988     
          11          12  0.951191500144559     
          11          13  0.137851716937194     
          12          13   1.53644414781245     
          12          14   1.35614261015471     
          14          15  0.864446460789891     
          15          16   1.02130628604001     
          12          17   1.33101751989949     
          17          18  0.881861117554939     
          18          19   1.02359888939464     
           1          20  0.975233461482608     
           1          21  0.975400579277038     
           1          22  0.981550888340082     
           2          23  0.967928001959878     
           2          24  0.964490947922494     
           7          25  0.965594761201800     
           7          26  0.965644490113031     
           8          27  0.976626922765255     
           8          28  0.979948186106930     
           8          29  0.982515336957804     
          10          30  0.946900479373309     
          10          31  0.956336201897649     
          15          32  0.968980458082321     
          15          33  0.962846958334473     
          16          34  0.973730533720872     
          16          35  0.981039606270028     
          16          36  0.982619127199215     
          18          37  0.966959430994684     
          18          38  0.962780308412674     
          19          39  0.982116168001982     
          19          40  0.973980774712828     
          19          41  0.975677899370268     
