           1           2   1.02528407745723     
           2           3   1.39717882069964     
           3           4   1.45148190367148     
           2           5  0.100253441795220     
           4           5   1.43040815084646     
           5           6   1.38672184566095     
           2           7   1.40616948255720     
           4           7  0.102334055848888     
           6           7   1.33925902483009     
           7           8   1.02438918791722     
           6           9   1.06097418864080     
           1          10  0.971901081067640     
           1          11  0.982153048724708     
           1          12  0.971561563292810     
           3          13  0.969842542137306     
           4          14  0.970940497687733     
           5          15  0.966054709504416     
           8          16  0.971543273150473     
           8          17  0.971450765814337     
           8          18  0.981787195947170     
           9          19  0.846986800231787     
