   -0.13302865
    0.07294514
   -0.25266441
    0.37907968
   -0.47819082
   -0.26632360
    0.07221164
   -0.12985103
   -0.11779114
    0.03851675
   -0.16286631
    0.37368492
   -0.46267795
   -0.25495335
    0.06829281
   -0.12252288
   -0.27246978
    0.07895236
   -0.12782883
    0.08658857
    0.07686851
    0.05732374
    0.06286792
    0.09556228
    0.07499448
    0.09006715
    0.07084266
    0.08848876
    0.06218318
    0.10726083
    0.08441621
    0.09947494
    0.07600390
    0.04937825
    0.06678992
    0.08799460
    0.06056223
    0.08718594
    0.07232391
    0.05768188
    0.08262560
