           1           2   1.01400418962140     
           2           3  0.907997130541369     
           3           4   1.19347687793981     
           3           5  0.180180383654547     
           4           5   1.70493121769272     
           4           6  0.963040627778469     
           6           7  0.983953262948822     
           7           8  0.925657895405293     
           7           9  0.952146099362185     
           9          10   1.71165312264779     
           9          11   1.18143599410331     
          10          11  0.173944523603392     
          11          12  0.898087042921944     
          12          13   1.01367979837340     
           7          14  0.955194213477871     
          14          15  0.970858006158453     
          14          16  0.133404321936854     
          15          16   1.52532870411377     
          15          17   1.33410125062583     
          17          18  0.886812225421924     
          15          19   1.29045493354595     
          19          20  0.914336023534845     
           1          21  0.985381371424340     
           1          22  0.978715266810301     
           1          23  0.984107388534003     
           2          24  0.969713928876944     
           2          25  0.967390776418159     
           6          26  0.946362078045696     
           6          27  0.965871846569993     
          12          28  0.968285447775465     
          12          29  0.970037268550825     
          13          30  0.984746214618101     
          13          31  0.983122461111724     
          13          32  0.977502752529403     
          18          33  0.970839736304805     
          18          34  0.977571588620882     
          18          35  0.972202523984922     
          20          36  0.976804998603840     
          20          37  0.971357392034655     
          20          38  0.978632690342479     
