   -0.12920676
    0.07643833
   -0.26270959
    0.36810608
   -0.45445355
   -0.25545554
    0.08182270
   -0.11174869
   -0.16184744
    0.03378009
   -0.12693644
    0.37899670
   -0.47925749
   -0.26164405
    0.06924428
   -0.12628610
   -0.26412920
    0.07607555
   -0.12943516
    0.07077956
    0.05517012
    0.08870877
    0.06422675
    0.09065824
    0.06058534
    0.08837612
    0.07581357
    0.06475164
    0.04557781
    0.12083176
    0.09384976
    0.09801004
    0.07895102
    0.08639508
    0.05497360
    0.06440521
    0.07328139
    0.08494852
    0.08490608
    0.06483063
    0.06861527
