   -0.12979938
    0.06551993
   -0.25545687
    0.37215172
   -0.46574004
   -0.10030194
    0.01139083
    0.10698810
    0.37410770
   -0.44763875
   -0.23842841
    0.06325003
   -0.12537842
   -0.13165472
    0.36186710
   -0.47201124
   -0.27973910
    0.01962466
   -0.25161740
    0.01385151
    0.06746132
    0.05706375
    0.07563586
    0.06808062
    0.08511483
    0.12713062
    0.10526856
    0.07065293
    0.10164151
    0.04782416
    0.08025426
    0.07233439
    0.08024179
    0.07465603
    0.10601394
    0.08710922
    0.09023774
    0.11229316
