$coord
          4.550839850904          2.171338522370          0.000055851039     c 
          2.396794782716          3.613906087726          0.000043692543     c 
          0.000010559600          2.441857569050          0.000008793462     c 
         -2.396778999914          3.613914165359         -0.000039128666     c 
         -4.550829105544          2.171358401720         -0.000088342420     c 
         -4.496638694376         -0.492338968798         -0.000008755289     c 
         -2.204805080438         -1.684898784577          0.000039892115     c 
         -0.000009483023         -0.207543328109          0.000007293019     c 
          2.204794438635         -1.684898848450         -0.000029094788     c 
          4.496636182741         -0.492360553815          0.000008723164     c 
          1.464969239797         -4.427027180080         -0.000223490140     c 
         -1.464985719719         -4.427022462001          0.000219812922     c 
          6.370646001304          3.098500198213          0.000098533524     h 
          2.519221690668          5.652021001809          0.000079792733     h 
         -2.519172439118          5.652030753551         -0.000029016931     h 
         -6.370625809960          3.098538214397         -0.000075439561     h 
         -6.251239050408         -1.534805944420          0.000026560287     h 
          6.251232667859         -1.534827008817         -0.000029288485     h 
          2.219212479387         -5.384061246320         -1.663019095341     h 
          2.219789060475         -5.384586246015          1.661995760740     h 
         -2.219805409628         -5.384583030458         -1.662001744179     h 
         -2.219235017015         -5.384065146337          1.663010580235     h 
$end
