$coord
         -7.224575220976         -0.663230949682         -0.000615257730     c 
         -4.834731660994          0.944095117012         -0.005192478037     c 
         -2.448850632962         -0.678998491734          0.006177887916     c 
         -0.046465957929          0.919990167000          0.002002614776     c 
          2.336897500849         -0.703818598705         -0.002522052440     c 
          4.748928528977          0.906649314447          0.004159777576     c 
          7.095815953618         -0.526535758547         -0.002751237837     n 
         -8.897780410292          0.529032003000         -0.011378809815     h 
         -7.279553505379         -1.875594805415         -1.659795015001     h 
         -7.286452176346         -1.855007043387          1.672739308753     h 
         -4.829728964544          2.171611819828          1.654191206553     h 
         -4.824590328390          2.154820422367         -1.676823495023     h 
         -2.459334688531         -1.890985505500          1.677892064372     h 
         -2.454660867136         -1.906524989944         -1.654080054196     h 
         -0.034090767619          2.140122977696          1.667275859700     h 
         -0.039926920140          2.140210510557         -1.663326337757     h 
          2.335479121117         -1.929285321709          1.662117885980     h 
          2.336808707162         -1.916854680793         -1.676083474940     h 
          4.763433111997          2.115695401386          1.679536586285     h 
          4.762987056360          2.131455246584         -1.660148475768     h 
          7.153394814244         -1.652778781159         -1.553926636228     h 
          7.148658905524         -1.674680862326          1.532250643386     h 
$end
