   -0.13291187
    0.07241990
   -0.25788259
    0.36196255
   -0.46283056
   -0.24520588
    0.08144152
   -0.13098273
   -0.15446232
    0.04593906
   -0.12974681
    0.37594397
   -0.48011113
   -0.24457223
    0.08238464
   -0.13485204
   -0.26021381
    0.06871874
   -0.13490837
    0.08867056
    0.06763955
    0.06598990
    0.07368262
    0.09179885
    0.08027168
    0.04981366
    0.06577404
    0.08087996
    0.08141732
    0.10074612
    0.06922383
    0.06626289
    0.05756651
    0.07799536
    0.08634796
    0.07045811
    0.09671145
    0.07466991
    0.06912812
    0.07457116
    0.09025040
