           1           2   1.02023394904661     
           2           3  0.883890452071524     
           3           4   1.32521254696535     
           4           5   1.52488484867097     
           4           6   1.36528904176649     
           6           7  0.859989659799431     
           7           8   1.02504696269253     
           4           9  0.943948916339637     
           5           9  0.136789823448738     
           9          10  0.999173645438141     
          10          11  0.971384564069525     
          11          12  0.958071174447269     
          11          13  0.138817616943496     
          12          13   1.53786951359200     
          12          14   1.35312907745627     
          14          15  0.862685413591667     
          15          16   1.02160389929916     
          12          17   1.34087282055414     
          17          18  0.880511657658289     
          18          19   1.01857147805498     
           1          20  0.979374157673176     
           1          21  0.983161916329939     
           1          22  0.976135776914309     
           2          23  0.964961951655261     
           2          24  0.964662265017504     
           7          25  0.964187803841461     
           7          26  0.969040401258451     
           8          27  0.973143046665692     
           8          28  0.971645924015532     
           8          29  0.980827544519489     
          10          30  0.949608548956796     
          10          31  0.963743979235416     
          15          32  0.962782975327945     
          15          33  0.966869080930694     
          16          34  0.980473401027859     
          16          35  0.974184777948125     
          16          36  0.983477174920187     
          18          37  0.968321028755327     
          18          38  0.966162319911624     
          19          39  0.978063271711350     
          19          40  0.981664886666412     
          19          41  0.975534461735492     
