$hessian                                                                        
        0.5150653685  -0.0158652814  -0.0271789994  -0.0936088633  -0.0317833454
       -0.0486174547  -0.0246180348  -0.0148139991  -0.0125680827  -0.0105480978
       -0.0051893936  -0.0007695227  -0.0012611583  -0.0027223820  -0.0054664683
       -0.0907792478   0.0951868286   0.0219164332  -0.2523878512  -0.0371569892
        0.0871244770  -0.0439435256   0.0107643688  -0.0152841832  -0.0029239030
       -0.0017144795  -0.0048616153   0.0050053133   0.0032946727   0.0057054161
       -0.0158652814   0.5096631101  -0.0195218561  -0.0337072459  -0.1024514117
       -0.0497084903  -0.0090841790  -0.0044745742  -0.0030135044  -0.0034741569
        0.0010269546  -0.0009470788   0.0008013048  -0.0004823376  -0.0002019358
        0.0967122378  -0.2320477064  -0.0427658992  -0.0377662459  -0.0487017061
        0.0166020666   0.0098761842  -0.1138224039   0.1100453612   0.0056407781
        0.0064866994   0.0074246537  -0.0131333957  -0.0151966242  -0.0179133169
       -0.0271789994  -0.0195218561   0.5035239174  -0.0528430364  -0.0512422532
       -0.1373087026  -0.0000084209   0.0015763028   0.0036595767   0.0029749457
        0.0004044217   0.0012587095   0.0022304508   0.0025919790   0.0032304924
        0.0224733638  -0.0435749523  -0.0542377319   0.0857635618   0.0160974758
       -0.0760102160  -0.0144399552   0.1113885433  -0.2193299808  -0.0146515923
       -0.0114276328  -0.0192850207  -0.0043203179  -0.0062920283  -0.0055010440
       -0.0936088633  -0.0337072459  -0.0528430364   0.4103850917  -0.0208280000
        0.0326073693  -0.1228645459  -0.0048627529   0.0176395422  -0.0450824345
       -0.0243309285  -0.0045785294  -0.0197204548  -0.0030612550   0.0273413055
        0.0067499780   0.0038170109   0.0081236575  -0.0179080807  -0.0143728249
       -0.0173140840  -0.0033718964  -0.0006830034  -0.0051306951  -0.0375190596
        0.0097724443  -0.0225289412  -0.0770597344   0.0882565554   0.0166834114
       -0.0317833454  -0.1024514117  -0.0512422532  -0.0208280000   0.5086452270
        0.0170599913  -0.0097492649  -0.0862104946   0.0102412913  -0.0326473393
        0.0023409557  -0.0037504714   0.0072193195   0.0176099313  -0.0174289326
       -0.0148744910  -0.0181705054  -0.0211990377  -0.0042558354  -0.0034455968
       -0.0034892889   0.0075784235   0.0082650212   0.0085651830   0.0122790473
       -0.1018739172   0.1055569440   0.0870614856  -0.2247092094  -0.0443134259
       -0.0486174547  -0.0497084903  -0.1373087026   0.0326073693   0.0170599913
        0.5198096846   0.0069987416   0.0062825374  -0.0792162319  -0.0227100781
       -0.0103468461   0.0114452290   0.0497714741  -0.0092072333  -0.0368067499
       -0.0037125962  -0.0074397524  -0.0075917583   0.0048213704   0.0046099794
        0.0059528098  -0.0161546436  -0.0135413423  -0.0239009364  -0.0217191687
        0.1054573177  -0.2073772729   0.0187149859  -0.0431661614  -0.0450060714
       -0.0246180348  -0.0090841790  -0.0000084209  -0.1228645459  -0.0097492649
        0.0069987416   0.5622746944   0.1205942952  -0.0040966844  -0.2549453872
       -0.1353420196  -0.1473017625  -0.1361510285   0.0315498303   0.1227825122
        0.0006470821   0.0007114906  -0.0005010171  -0.0012020431  -0.0015771863
       -0.0024663333   0.0004147371  -0.0006917691   0.0000032595  -0.0024514942
       -0.0001164633   0.0100789628  -0.0211039800   0.0037052660   0.0145107422
       -0.0148139991  -0.0044745742   0.0015763028  -0.0048627529  -0.0862104946
        0.0062825374   0.1205942952   0.3851950669   0.2520051944  -0.1394974114
       -0.1791486408  -0.1310007606   0.0317415768  -0.1152235888  -0.1275162437
       -0.0014063578  -0.0008692976   0.0002458092  -0.0013142508  -0.0016243034
       -0.0025878858   0.0000601688   0.0008084999  -0.0001922355  -0.0178897104
       -0.0020229494   0.0103953560   0.0273884415   0.0035702819  -0.0092080742
       -0.0125680827  -0.0030135044   0.0036595767   0.0176395422   0.0102412913
       -0.0792162319  -0.0040966844   0.2520051944   0.7801861714  -0.1564052459
       -0.1343251059  -0.2374623671   0.1232783243  -0.1273510165  -0.4450327648
       -0.0007495873  -0.0019072156   0.0011635581  -0.0018873427  -0.0023752517
       -0.0036295984  -0.0027374202   0.0008595899  -0.0002641617   0.0275168525
        0.0086423497  -0.0162398852   0.0100096442  -0.0027763312  -0.0031642971
       -0.0105480978  -0.0034741569   0.0029749457  -0.0450824345  -0.0326473393
       -0.0227100781  -0.2549453872  -0.1394974114  -0.1564052459   0.2880623667
        0.1828942457   0.1900996822   0.0244809591  -0.0030134202  -0.0075093283
       -0.0000358635   0.0002563202   0.0003055113  -0.0020226122  -0.0018491358
       -0.0022585078   0.0002664539   0.0002217847   0.0004753227  -0.0008786753
       -0.0012750495  -0.0024555880   0.0007032909  -0.0016158376  -0.0025167139
       -0.0051893936   0.0010269546   0.0004044217  -0.0243309285   0.0023409557
       -0.0103468461  -0.1353420196  -0.1791486408  -0.1343251059   0.1828942457
        0.1821744757   0.1985631714  -0.0169472919  -0.0058857825  -0.0504412887
        0.0004592940   0.0004123655   0.0002247864  -0.0010994434  -0.0006419040
       -0.0009678888  -0.0000876484  -0.0002281184   0.0001263649   0.0017446730
        0.0001215192  -0.0019575658  -0.0021014873  -0.0001718251  -0.0012800490
       -0.0007695227  -0.0009470788   0.0012587095  -0.0045785294  -0.0037504714
        0.0114452290  -0.1473017625  -0.1310007606  -0.2374623671   0.1900996822
        0.1985631714   0.3074523932  -0.0379703121  -0.0615488793  -0.0810120112
        0.0000351853   0.0002933301  -0.0001531152  -0.0006356895  -0.0003869026
       -0.0001199986   0.0005229625  -0.0000253219   0.0001940928  -0.0001990369
       -0.0017012734  -0.0001602855   0.0007970230   0.0005041865  -0.0014426470
       -0.0012611583   0.0008013048   0.0022304508  -0.0197204548   0.0072193195
        0.0497714741  -0.1361510285   0.0317415768   0.1232783243   0.0244809591
       -0.0169472919  -0.0379703121   0.1431930601  -0.0216951000  -0.1426514267
       -0.0004816273  -0.0001055238   0.0000033234   0.0000053846   0.0003724588
        0.0009962262  -0.0003492283  -0.0000835463   0.0000128238  -0.0056218293
       -0.0002166488   0.0023570635  -0.0040940773  -0.0010865493   0.0019720526
       -0.0027223820  -0.0004823376   0.0025919790  -0.0030612550   0.0176099313
       -0.0092072333   0.0315498303  -0.1152235888  -0.1273510165  -0.0030134202
       -0.0058857825  -0.0615488793  -0.0216951000   0.1041626668   0.1934017691
        0.0001601455   0.0005687539  -0.0000296561  -0.0004145737   0.0003292150
        0.0005062740   0.0001662964  -0.0005284263   0.0004458196   0.0012721629
       -0.0005592059  -0.0003616186  -0.0022417042   0.0000087739   0.0015525621
       -0.0054664683  -0.0002019358   0.0032304924   0.0273413055  -0.0174289326
       -0.0368067499   0.1227825122  -0.1275162437  -0.4450327648  -0.0075093283
       -0.0504412887  -0.0810120112  -0.1426514267   0.1934017691   0.5600773955
        0.0000901735   0.0014478343  -0.0001657028  -0.0007071786  -0.0001097007
        0.0005532538   0.0010552614  -0.0006218910   0.0007706741   0.0022136225
       -0.0004641998   0.0002444736   0.0028515267   0.0019345889  -0.0018590605
       -0.0907792478   0.0967122378   0.0224733638   0.0067499780  -0.0148744910
       -0.0037125962   0.0006470821  -0.0014063578  -0.0007495873  -0.0000358635
        0.0004592940   0.0000351853  -0.0004816273   0.0001601455   0.0000901735
        0.1025553610  -0.1090008123  -0.0233523382  -0.0166540307   0.0264470417
        0.0072016549  -0.0009822925   0.0038045819  -0.0000716546   0.0003191488
       -0.0000867934   0.0001886019  -0.0013385080  -0.0022148465  -0.0021028030
        0.0951868286  -0.2320477064  -0.0435749523   0.0038170109  -0.0181705054
       -0.0074397524   0.0007114906  -0.0008692976  -0.0019072156   0.0002563202
        0.0004123655   0.0002933301  -0.0001055238   0.0005687539   0.0014478343
       -0.1090008123   0.2675176211   0.0532310468   0.0005116638   0.0029825240
        0.0002440911   0.0104588334  -0.0198141172  -0.0000176817   0.0002740229
        0.0006158146   0.0003053594  -0.0021098344  -0.0011954524  -0.0025820598
        0.0219164332  -0.0427658992  -0.0542377319   0.0081236575  -0.0211990377
       -0.0075917583  -0.0005010171   0.0002458092   0.0011635581   0.0003055113
        0.0002247864  -0.0001531152   0.0000033234  -0.0000296561  -0.0001657028
       -0.0233523382   0.0532310468   0.0616166575   0.0078431546  -0.0108189142
       -0.0022165185  -0.0120925389   0.0245179156   0.0037046405   0.0003817395
       -0.0005950826   0.0002007368  -0.0026279254  -0.0028109683  -0.0023207661
       -0.2523878512  -0.0377662459   0.0857635618  -0.0179080807  -0.0042558354
        0.0048213704  -0.0012020431  -0.0013142508  -0.0018873427  -0.0020226122
       -0.0010994434  -0.0006356895   0.0000053846  -0.0004145737  -0.0007071786
       -0.0166540307   0.0005116638   0.0078431546   0.2896993412   0.0448578222
       -0.0979754019   0.0003031633  -0.0007192487   0.0021385008  -0.0001102005
        0.0002514591   0.0002290589   0.0002769293  -0.0000513472   0.0004099660
       -0.0371569892  -0.0487017061   0.0160974758  -0.0143728249  -0.0034455968
        0.0046099794  -0.0015771863  -0.0016243034  -0.0023752517  -0.0018491358
       -0.0006419040  -0.0003869026   0.0003724588   0.0003292150  -0.0001097007
        0.0264470417   0.0029825240  -0.0108189142   0.0448578222   0.0540200390
       -0.0166198357  -0.0162747798  -0.0033643581   0.0091553937   0.0000899816
        0.0003934699   0.0002044854  -0.0005363883   0.0000526204   0.0002432707
        0.0871244770   0.0166020666  -0.0760102160  -0.0173140840  -0.0034892889
        0.0059528098  -0.0024663333  -0.0025878858  -0.0036295984  -0.0022585078
       -0.0009678888  -0.0001199986   0.0009962262   0.0005062740   0.0005532538
        0.0072016549   0.0002440911  -0.0022165185  -0.0979754019  -0.0166198357
        0.0874249171   0.0255056666   0.0063997548  -0.0128224987  -0.0005409068
       -0.0001570824   0.0004583306  -0.0002727910   0.0000697953   0.0004095188
       -0.0439435256   0.0098761842  -0.0144399552  -0.0033718964   0.0075784235
       -0.0161546436   0.0004147371   0.0000601688  -0.0027374202   0.0002664539
       -0.0000876484   0.0005229625  -0.0003492283   0.0001662964   0.0010552614
       -0.0009822925   0.0104588334  -0.0120925389   0.0003031633  -0.0162747798
        0.0255056666   0.0488047529  -0.0102135517   0.0204573342  -0.0015573767
       -0.0017173011  -0.0025124181   0.0004152123   0.0001533748   0.0003957515
        0.0107643688  -0.1138224039   0.1113885433  -0.0006830034   0.0082650212
       -0.0135413423  -0.0006917691   0.0008084999   0.0008595899   0.0002217847
       -0.0002281184  -0.0000253219  -0.0000835463  -0.0005284263  -0.0006218910
        0.0038045819  -0.0198141172   0.0245179156  -0.0007192487  -0.0033643581
        0.0063997548  -0.0102135517   0.1286502743  -0.1260833605  -0.0022097194
       -0.0005728998  -0.0023683654  -0.0001898970   0.0006065283  -0.0005255224
       -0.0152841832   0.1100453612  -0.2193299808  -0.0051306951   0.0085651830
       -0.0239009364   0.0000032595  -0.0001922355  -0.0002641617   0.0004753227
        0.0001263649   0.0001940928   0.0000128238   0.0004458196   0.0007706741
       -0.0000716546  -0.0000176817   0.0037046405   0.0021385008   0.0091553937
       -0.0128224987   0.0204573342  -0.1260833605   0.2542377666  -0.0028374271
       -0.0024399397  -0.0027250203   0.0002367191   0.0003950950   0.0001354240
       -0.0029239030   0.0056407781  -0.0146515923  -0.0375190596   0.0122790473
       -0.0217191687  -0.0024514942  -0.0178897104   0.0275168525  -0.0008786753
        0.0017446730  -0.0001990369  -0.0056218293   0.0012721629   0.0022136225
        0.0003191488   0.0002740229   0.0003817395  -0.0001102005   0.0000899816
       -0.0005409068  -0.0015573767  -0.0022097194  -0.0028374271   0.0504992365
       -0.0103194851   0.0202594648   0.0002441534   0.0091182491  -0.0104235476
       -0.0017144795   0.0064866994  -0.0114276328   0.0097724443  -0.1018739172
        0.1054573177  -0.0001164633  -0.0020229494   0.0086423497  -0.0012750495
        0.0001215192  -0.0017012734  -0.0002166488  -0.0005592059  -0.0004641998
       -0.0000867934   0.0006158146  -0.0005950826   0.0002514591   0.0003934699
       -0.0001570824  -0.0017173011  -0.0005728998  -0.0024399397  -0.0103194851
        0.1160998730  -0.1199719357   0.0054223171  -0.0186884037   0.0226574790
       -0.0048616153   0.0074246537  -0.0192850207  -0.0225289412   0.1055569440
       -0.2073772729   0.0100789628   0.0103953560  -0.0162398852  -0.0024555880
       -0.0019575658  -0.0001602855   0.0023570635  -0.0003616186   0.0002444736
        0.0001886019   0.0003053594   0.0002007368   0.0002290589   0.0002044854
        0.0004583306  -0.0025124181  -0.0023683654  -0.0027250203   0.0202594648
       -0.1199719357   0.2415471810  -0.0007545892   0.0007726870   0.0033367626
        0.0050053133  -0.0131333957  -0.0043203179  -0.0770597344   0.0870614856
        0.0187149859  -0.0211039800   0.0273884415   0.0100096442   0.0007032909
       -0.0021014873   0.0007970230  -0.0040940773  -0.0022417042   0.0028515267
       -0.0013385080  -0.0021098344  -0.0026279254   0.0002769293  -0.0005363883
       -0.0002727910   0.0004152123  -0.0001898970   0.0002367191   0.0002441534
        0.0054223171  -0.0007545892   0.0969514006  -0.0995595374  -0.0246342754
        0.0032946727  -0.0151966242  -0.0062920283   0.0882565554  -0.2247092094
       -0.0431661614   0.0037052660   0.0035702819  -0.0027763312  -0.0016158376
       -0.0001718251   0.0005041865  -0.0010865493   0.0000087739   0.0019345889
       -0.0022148465  -0.0011954524  -0.0028109683  -0.0000513472   0.0000526204
        0.0000697953   0.0001533748   0.0006065283   0.0003950950   0.0091182491
       -0.0186884037   0.0007726870  -0.0995595374   0.2557233103   0.0513691364
        0.0057054161  -0.0179133169  -0.0055010440   0.0166834114  -0.0443134259
       -0.0450060714   0.0145107422  -0.0092080742  -0.0031642971  -0.0025167139
       -0.0012800490  -0.0014426470   0.0019720526   0.0015525621  -0.0018590605
       -0.0021028030  -0.0025820598  -0.0023207661   0.0004099660   0.0002432707
        0.0004095188   0.0003957515  -0.0005255224   0.0001354240  -0.0104235476
        0.0226574790   0.0033367626  -0.0246342754   0.0513691364   0.0554121808
