           1           2   1.02235635090692     
           2           3  0.882185173472507     
           3           4   1.32343290610828     
           4           5   1.54306351396280     
           4           6   1.34229510973962     
           6           7  0.859892587232622     
           7           8   1.02228053828962     
           4           9  0.971036706041115     
           5           9  0.133394026130789     
           9          10  0.994219181863187     
          10          11  0.972364644303410     
          11          12   1.01419849106787     
          11          13  0.130350978021116     
          12          13   1.53114301999845     
          12          14   1.32581237859276     
          14          15  0.867752500484793     
          15          16   1.02294876583605     
          12          17   1.28452717818885     
          17          18  0.881927703748750     
          18          19   1.01778131225993     
           1          20  0.975866088293788     
           1          21  0.975187820255875     
           1          22  0.980616649381122     
           2          23  0.969661812661372     
           2          24  0.964897028128704     
           7          25  0.967760678252229     
           7          26  0.967873457829729     
           8          27  0.983265297911151     
           8          28  0.980412357004341     
           8          29  0.973779301726144     
          10          30  0.950371534508152     
          10          31  0.946967172296077     
          15          32  0.967889202317477     
          15          33  0.964568031109056     
          16          34  0.982944018434210     
          16          35  0.977261890811514     
          16          36  0.975063545823743     
          18          37  0.971794815147203     
          18          38  0.965501642572379     
          19          39  0.981557493004822     
          19          40  0.981089306032912     
          19          41  0.975172725704382     
