           1           2  0.991730473541744     
           2           3  0.992575429423038     
           2           4  0.991530807981372     
           2           5  0.942040538492890     
           5           6  0.991442887610902     
           1           7  0.983403733988244     
           1           8  0.985586265890404     
           1           9  0.983963827372720     
           3          10  0.984864662467384     
           3          11  0.984878285427151     
           3          12  0.984402187740290     
           4          13  0.985623872044585     
           4          14  0.983316322698071     
           4          15  0.983987880249960     
           6          16  0.978745067062621     
           6          17  0.976730490351592     
           6          18  0.976789611540947     
