           1           2   1.00288581880369     
           2           3   1.23661338825063     
           3           4   1.53999108265282     
           4           5   1.33840829914874     
           2           6   1.23642931779270     
           3           6  0.129172544983202     
           5           6   1.54020602873080     
           1           7  0.970836046820360     
           1           8  0.977935823605599     
           1           9  0.978236486733329     
           3          10  0.970333247699719     
           4          11  0.975750176354178     
           5          12  0.975750727032869     
           6          13  0.970401054137511     
