   -0.12243418
    0.08242899
   -0.27524294
    0.37264625
   -0.46642814
   -0.25893874
    0.07581987
   -0.12894006
   -0.14375795
    0.03648831
   -0.16240089
    0.37679406
   -0.44149652
   -0.25481846
    0.08039373
   -0.12853147
   -0.25746426
    0.07233602
   -0.13296805
    0.05526898
    0.08678130
    0.06389262
    0.06912868
    0.08395036
    0.09154938
    0.06738430
    0.05649764
    0.06806750
    0.08684942
    0.11201961
    0.09987248
    0.09187135
    0.04993778
    0.05696705
    0.07253368
    0.08240446
    0.08880061
    0.07044465
    0.06972602
    0.08633282
    0.06623375
