           1           2  0.976192715292760     
           2           3  0.959086526127636     
           2           4  0.965806606821612     
           4           5  0.960400393598378     
           4           6  0.964942480002940     
           6           7  0.956529702923678     
           6           8  0.956712612429054     
           8           9  0.943932784223742     
           1          10  0.970058068553505     
           8          10  0.961784312937439     
           8          11   1.01443849220714     
           6          12   1.00156994504166     
           4          13  0.999801873499376     
           2          14   1.00725088181455     
           1          15  0.965598883411997     
           1          16  0.966325698300133     
          11          17  0.826839227147219     
          12          18  0.841093132373415     
          13          19  0.843008194414202     
          14          20  0.843419211369437     
