           1           2   1.02249536850191     
           2           3  0.881290562725768     
           3           4   1.31708480512658     
           4           5   1.50956500724200     
           4           6   1.32482829406180     
           6           7  0.886918046381842     
           7           8   1.02208743953576     
           4           9  0.991560211533009     
           5           9  0.133102637702964     
           9          10  0.991200261579683     
          10          11  0.975786371948661     
          11          12  0.989794298447758     
          12          13   1.54210696114832     
          12          14   1.30856364543505     
          14          15  0.875507462028705     
          15          16   1.02334252049419     
          12          17   1.30387444410709     
          17          18  0.892135834066480     
          18          19   1.02207042364335     
           1          20  0.982055670425969     
           1          21  0.975964888287236     
           1          22  0.977344088273936     
           2          23  0.966047176622704     
           2          24  0.967506971558189     
           7          25  0.964183651248315     
           7          26  0.967806099198548     
           8          27  0.977296344198851     
           8          28  0.981952706606051     
           8          29  0.976032867225947     
          10          30  0.951849998826784     
          10          31  0.956496047035979     
          15          32  0.965207524080651     
          15          33  0.967513326066356     
          16          34  0.981823194148360     
          16          35  0.975285805537669     
          16          36  0.977201682582002     
          18          37  0.963270516443515     
          18          38  0.966186363530159     
          19          39  0.979822759869733     
          19          40  0.977020379924627     
          19          41  0.976341240269128     
