           1           2   1.02448022675477     
           2           3   1.39218764546174     
           3           4   1.44603631910245     
           2           5  0.110317714050351     
           4           5   1.44605255397005     
           3           6  0.110313329905860     
           5           6   1.39216747938460     
           2           7   1.40754908227592     
           6           7   1.40756327027090     
           6           8   1.02449384443114     
           1           9  0.964549954420165     
           1          10  0.972062732630106     
           1          11  0.983125165215071     
           3          12  0.969482039967436     
           4          13  0.969681963492142     
           5          14  0.969482350867349     
           8          15  0.964570914645145     
           8          16  0.983133881407114     
           8          17  0.972036541139956     
