   -0.12803278
    0.07085273
   -0.24694278
    0.37252181
   -0.47838163
   -0.10945265
   -0.00174030
    0.14810961
    0.38083671
   -0.41769451
   -0.20864104
    0.07383143
   -0.13952307
   -0.11103664
    0.30470934
   -0.49087662
   -0.25798748
    0.03291319
   -0.29985069
    0.03304587
    0.07344600
    0.05595884
    0.07535180
    0.05659522
    0.08687588
    0.12503759
    0.13534833
    0.07104358
    0.07328992
    0.07837307
    0.08153854
    0.08498587
    0.07119750
    0.09711415
    0.07888014
    0.06805218
    0.06445043
    0.09580048
