           1           2   1.02190144939940     
           2           3  0.889044295899814     
           3           4   1.31638349837581     
           4           5   1.50171428921976     
           4           6   1.32760900509796     
           6           7  0.874685562138942     
           7           8   1.02227040830876     
           4           9  0.975330910277242     
           5           9  0.134260178816655     
           9          10  0.981460832155138     
          10          11  0.994351236626867     
          11          12  0.953848375995812     
          11          13  0.147136993508035     
          12          13   1.50201074635278     
          12          14   1.32034455632134     
          14          15  0.886185204701761     
          15          16   1.01965534819874     
          12          17   1.33945805701746     
          17          18  0.882381165871298     
          18          19   1.02161610009903     
           1          20  0.975825877645127     
           1          21  0.981900676834118     
           1          22  0.971860787861718     
           2          23  0.966088783049380     
           2          24  0.964611471029754     
           7          25  0.965767953511363     
           7          26  0.964193820451203     
           8          27  0.978423601524516     
           8          28  0.982172748632389     
           8          29  0.974280751587631     
          10          30  0.955367271935466     
          10          31  0.938982639208966     
          15          32  0.964966981013395     
          15          33  0.968617170052174     
          16          34  0.982228760013828     
          16          35  0.977804719678122     
          16          36  0.976300391981617     
          18          37  0.964875678465253     
          18          38  0.968229190066575     
          19          39  0.981397323915076     
          19          40  0.975603285493203     
          19          41  0.974907861832152     
