   -0.13457279
    0.08218230
   -0.25795016
    0.36356832
   -0.46881943
   -0.25055877
    0.07008380
   -0.13325127
   -0.11742752
    0.03590485
   -0.11947148
    0.36653708
   -0.46656717
   -0.26010856
    0.08608504
   -0.12012678
   -0.26598785
    0.08099576
   -0.13044396
    0.07884176
    0.08435975
    0.06968539
    0.06985829
    0.05562881
    0.07571614
    0.09460092
    0.06953464
    0.06503258
    0.09120597
    0.11591211
    0.07988748
    0.05050095
    0.08131581
    0.07734783
    0.07412663
    0.04998784
    0.08800896
    0.05161101
    0.07433597
    0.08254639
    0.05988334
